0.005714285999999902 0.0
0.006480847004493029 0.00014430600223209314
0.008472383322018828 0.0002528843728684976
0.01106416253904996 0.0003439556808956462
0.014033149511144316 0.00042402558481557126
0.017268016506461592 0.000496340501983155
0.020703617504231886 0.0005628010739554513
0.024297776440063146 0.0006246371222459427
0.028021210717081857 0.0006827024156354975
0.03185289099775446 0.0007376108821373888
0.03577678001403761 0.0007898296837007166
0.03978048597976169 0.0008397208242703272
0.04385425557793887 0.0008875681871728423
0.04799012378118128 0.0009336046648683138
0.0521814388156443 0.0009780236806288156
0.05642289378499221 0.0010209805994809437
0.060709452065626834 0.0010626220286532372
0.06503772161854116 0.0011030454425372742
0.06940407030417184 0.001142359984915029
0.07380515043055702 0.0011806615450841967
0.07823913330302723 0.0012180034590173216
0.0827030720403048 0.001254471675878566
0.08719488544686094 0.001290126896116662
0.09171345467123615 0.0013250017523148124
0.09625631144455582 0.001359165317744246
0.1008224280744443 0.0013926533994579092
0.10541076086211199 0.0014254935215107603
0.11001957001954388 0.0014577364268108346
0.11464770904777488 0.001489415554312269
0.11929447512673619 0.0015205514025665664
0.12395931662094206 0.0015511600606537463
0.1286405587593702 0.001581287458572523
0.13333786924675195 0.0016109491213235167
0.13805080852964302 0.0016401549523713042
0.14277817324521536 0.001668940049169768
0.1475192935836862 0.001697323947487515
0.1522742875421752 0.0017253032058035574
0.15704196207665255 0.001752912620612117
0.16182157555366672 0.001780170905886877
0.1666138460916109 0.0018070629501120937
0.17141725949162634 0.0018336300000156304
0.17623147169093833 0.0018598820905819788
0.1810563905279725 0.001885821909808847
0.1858920162554707 0.0019114494503247922
0.19073736246534345 0.0019367934818502839
0.19559226268421348 0.0019618559431575523
0.20045657899430935 0.0019866466900049463
0.20532953798355535 0.0020111853632261215
0.2102112759637702 0.0020354679871309686
0.2151018933537987 0.0020594916328890737
0.22000049888635687 0.0020832822953304013
0.22490641622288443 0.0021068597006430176
0.22982015490894803 0.00213020607073295
0.23474200580962368 0.0021533187554163215
0.23967497693810635 0.0021761071059321745
0.2446087802070931 0.002198871186118199
0.24954915200390637 0.002221443687674514
0.2545032932432427 0.0022436145876850726
0.25945750775823306 0.00226578335052725
0.26441749365666034 0.0022877808677536533
0.26939101642481944 0.002309386483300183
0.27436399706952663 0.0023310079104973958
0.27934642817093547 0.0023523537043119405
0.28433141713892596 0.0023736248950210473
0.2893254277160118 0.0023946329601785056
0.29432167691170363 0.002415575733462998
0.2993264731393346 0.002436266306167245
0.3043335557309792 0.0024568931110634253
0.30934902009025755 0.0024772754521163215
0.31437018805782024 0.002497491440907758
0.3193894056550022 0.0025177643144828348
0.3244200323979136 0.0025377044272686497
0.3294558821809854 0.0025574922041121002
0.334493177271062 0.002577234910308669
0.3395355979252326 0.0025968310401783307
0.34458248104303735 0.0026162970171902168
0.3496298500204773 0.002635748823549941
0.35468781854114795 0.0026548914821036373
0.35975036869467836 0.0026739005120927123
0.36481398718192537 0.002692878382906623
0.36988169501072754 0.0027117340667807857
0.3749537826722573 0.0027304649244364763
0.3800336621692555 0.002748968524295487
0.38511113662242913 0.0027675422700094874
0.3901920482028576 0.0027860157679743835
0.39527975086536493 0.002804291196260309
0.40037087800399007 0.0028224667457819887
0.40546530371784684 0.00284054317196853
0.41056746871309535 0.002858396789772545
0.41566668301491205 0.002876336467926612
0.42076893823085726 0.002894187454340815
0.425881560878123 0.002911736062758377
0.430990975161361 0.0029293782467837187
0.4361071417052358 0.002946823493401802
0.44122305888107505 0.0029642730965095767
0.4463457791931269 0.002981527194980133
0.4514681757369825 0.00299879073652055
0.45659694673318185 0.0030158683598649457
0.4617254016352099 0.0030329552024574535
0.46686012825917445 0.0030498591231036816
0.47199444357379683 0.0030667750400575735
0.47713474259501965 0.0030835135187476026
0.4822788058157155 0.0031001451268674713
0.487422579054849 0.003116785192631442
0.49256542603351683 0.003133452273841673
0.4977173678807123 0.003149854092805201
0.5028723846400567 0.003166166228437633
0.5080269858679909 0.0031824904835190677
0.5131842221851883 0.0031987349665927034
0.5183444212157973 0.0032148959553542984
0.5235070738702401 0.003230985381369361
0.5286722424796295 0.0032470014266797855
0.5338398802272462 0.003262945456748583
0.5390099477799382 0.003278818618772231
0.5441824092320822 0.0032946219599793826
0.5493570330805237 0.0033103593158099187
0.5545342944227869 0.0033260226627297913
0.5597137370873746 0.0033416223888882556
0.5648994033999237 0.0033570405952329774
0.5700810370909419 0.0033725764175986965
0.5752645321352912 0.0033880579514647827
0.5804530889373627 0.0034033889367609356
0.5856478436246935 0.0034185420702564214
0.5908382549779958 0.003433821882058431
0.5960303822833595 0.003449051646155184
0.6012315967721502 0.0034640163721499813
0.606428358733373 0.0034791109612056993
0.6116306607712296 0.0034940439675876264
0.6168315293744833 0.0035090158651154
0.6220380479816114 0.0035238258904300703
0.6272431148917423 0.0035386782561486092
0.6324534539698679 0.0035533768530553113
0.6376663535928238 0.0035680007687422725
0.6428742464903081 0.003582770711306183
0.6480905744623264 0.0035972946352701815
0.6533090322167023 0.0036117535250803972
0.6585266225107738 0.0036262406319773257
0.6637422166420688 0.003640785959245693
0.668965988060803 0.0036550927865695187
0.6741919394446825 0.0036693360327156675
0.6794166013422274 0.0036836168882061386
0.6846432411497574 0.0036978400556888177
0.689871499290609 0.0037120131060141316
0.6951018180568838 0.00372612897245569
0.7003337322067953 0.003740198307708017
0.7055673315102098 0.0037542184935303625
0.710802590265672 0.003768190279535006
0.7160394874096028 0.0037821142800654154
0.7212780037565416 0.0037959910546873747
0.7265179223967149 0.00380982401320828
0.7317636898630138 0.0038234893006375346
0.7370046386853133 0.003837295129332474
0.7422467936218489 0.0038510657803256416
0.7474935629030224 0.0038647018486778974
0.7527455863312706 0.0038781846738189666
0.7579927592639155 0.003891808969214149
0.7632408349800066 0.003905404017282781
0.7684977078758042 0.0039187454021541905
0.7737494229339124 0.0039322372212632125
0.7790061013550833 0.0039455842782096465
0.7842609757561316 0.003958983951467014
0.7895206307888536 0.0039722441921317036
0.7947783998707276 0.003985559438710806
0.8000406988943674 0.003998739647740783
0.805289521415272 0.0040123158310069506
0.8105577813315108 0.004025325100398457
0.8158432650922212 0.004037832016658765
0.8211254887214956 0.004050434018382582
0.8263669624843448 0.004064224536585754
0.831631275015356 0.004077348935983838
0.8368826261257993 0.0040908484534285606
0.8421932634885625 0.004102621736104878
0.8474663689098954 0.0041154896807961425
0.8526919287106427 0.004129744347912391
0.8580091421680063 0.0041413258312654475
0.8632867851197279 0.004154052683847893
0.8685581659275066 0.004166991345167663
0.8738155311360671 0.004180309621330829
0.879094132540919 0.004193008519531136
0.8843982529411072 0.004204963127034212
0.8896999397550172 0.004217017879009706
0.8949571641803189 0.00423034026127768
0.90023800028378 0.004242973981936182
0.9055472961867927 0.0042548068061218774
0.9108099648182062 0.004267970401889403
0.9160953993612804 0.004280470003795131
0.9214068792020473 0.004292209964793274
0.9267161433157067 0.004304043716151829
0.931981035278886 0.004317142465904554
0.9372695708591188 0.0043295516225134185
0.9425865676540681 0.004341159841374635
0.9478569174318388 0.004354099407720042
0.9531500033924747 0.0043663758472780815
0.9584690976744188 0.004377893724386963
0.9637463982034742 0.0043906597302625135
0.9690419815497826 0.004402863330709944
0.9743646354158244 0.0044142773884758455
0.9796849199537938 0.004425789716550127
0.9849607096388073 0.00443857062177659
0.9902600350662993 0.004450665080144646
0.9955857249306241 0.004461990589546959
1.0008697938772464 0.00447455918677985
1.0061722269736535 0.0044865630064283134
1.0115017653573322 0.00449777626936022
1.0167894052146647 0.004510240716896566
1.0221347885785654 0.004520991842850828
1.0274444486529024 0.004532784879419035
1.032706645661717 0.0045459622305993016
1.0380228804445881 0.004557592674414656
1.0433595734265975 0.004568597265300103
1.0486921017377888 0.004579723323575191
1.0540242482735334 0.004590889682912112
1.0593126083330642 0.0046033039587830725
1.064585260150043 0.0046161763835210565
1.0699471053692715 0.004626447380629503
1.0752708498418535 0.0046378587957519755
1.0805821702180687 0.004649603407716206
1.085922767386565 0.004660494128535748
1.0912222713331232 0.00467261254633518
1.0965403183571443 0.004684160967919638
1.1018855130372032 0.004694917597054103
1.107186785265542 0.004706955274747996
1.1125113257892423 0.00471834347212885
1.117858508163538 0.004729042127886569
1.1232023401160909 0.004739838502527977
1.1285066139984359 0.0047518177996924964
1.133829967564557 0.004763211449905043
1.139180700343644 0.00477380655404475
1.1444876197474745 0.004785679525404092
1.1498178594739414 0.0047969014990153136
1.1551707601963805 0.004807433372606662
1.1604807717157346 0.004819216158878789
1.1658534577248538 0.004829200138090454
1.171146440461305 0.004841479588299845
1.1764952312237629 0.0048521313335765865
1.181836645581381 0.004862998220140357
1.1871692175814381 0.004874152170323844
1.192526180933534 0.00488456555267287
1.1978408913059635 0.004896211291518794
1.20317902708873 0.004907202967613491
1.2085398520097943 0.004917503722885294
1.213897320976498 0.004927902358405782
1.2192131918020053 0.00493951425130992
1.2245532236579937 0.004950450626259696
1.229916295501578 0.004960685847465311
1.2352366645577906 0.004972166544324096
1.2405802629119709 0.004982998898273461
1.245946443452807 0.0049931434507668
1.2512696593506494 0.005004541116232214
1.2566139311609827 0.005015324661918136
1.2619858005650553 0.005025332458350327
1.2673103430413715 0.005036691432636651
1.2726966051306245 0.005046250283793604
1.2780476880333786 0.005056864342320199
1.283347915001901 0.005068932506212539
1.2887406144080629 0.005078303605656384
1.2940938939810032 0.005088824429639463
1.2994005867108207 0.005100733178349841
1.304795030539422 0.0051100533997173484
1.3101509854637747 0.0051204961940153546
1.3154997170575502 0.005131178831158546
1.3208733908541763 0.005141104834273162
1.3262050256201015 0.005152256953818316
1.3315581540191648 0.005162782186960373
1.3368995711369145 0.00517367815916595
1.3422960305968346 0.005182939592339783
1.3476554930870481 0.005193280084466216
1.3530082505183003 0.00520384530345309
1.3583466252827971 0.005214800843228123
1.3637057819459653 0.005225150255150192
1.3690899628571387 0.005234769806247119
1.3744712120573581 0.005244504030192439
1.3798074661030864 0.005255521423156873
1.3851668114469895 0.00526586533198939
1.3905541110300934 0.005275423089595286
1.3958942532816678 0.005286327078587335
1.4012566488061573 0.005296582025413202
1.4066445812746569 0.00530609215804815
1.4120298075335587 0.005315710386526653
1.417370149402437 0.00532660855345162
1.4227336409261273 0.005336831534206801
1.4280855800909027 0.0053474206188717155
1.433492624441321 0.005356373331603201
1.4388626874177248 0.005366404648421033
1.444224025826859 0.005376690427225714
1.4495761012720774 0.005387275537115634
1.4549446304780052 0.005397351588104339
1.460339328179428 0.005406664404980499
1.4657310304486089 0.005416093753209466
1.4710776866824844 0.005426807754454568
1.4764473859628993 0.005436849678882061
1.4818034406309302 0.005447289564041557
1.4872196740069867 0.005456003434470633
1.4925945989627802 0.005465892946096553
1.4979619318008375 0.005476003890523027
1.5033199353937974 0.005486416099201207
1.5086943479327992 0.00549632055604926
1.5140948902886606 0.005505462906891358
1.5194903909470696 0.005514752304608336
1.5248459572879955 0.005525235598530738
1.5302202392069102 0.005535143865063027
1.535621569269006 0.0055442632415515876
1.540980785086317 0.005554640094319624
1.5463578755678853 0.00556446644590858
1.5517616061075028 0.0055735158097236686
1.5571209783684452 0.00558385893348997
1.5625427697618282 0.0055924106979843725
1.5679241183452142 0.005602112857161815
1.57325874368264 0.005613177753267284
1.578646960088081 0.005622708770700709
1.5840551880308418 0.005631626962607337
1.589458824692496 0.005640679064480574
1.5948596583970236 0.005649812917805493
1.6002214257877938 0.0056601153510141364
1.6056023184219583 0.005669830808472373
1.610970935585435 0.005679904294078446
1.6163602644014023 0.005689402866786103
1.6217710192946413 0.005698247357290664
1.6271776633657034 0.005707211744627537
1.632542169705518 0.005717405127109285
1.6379304140683306 0.005726935329133968
1.6433413191985284 0.005735775437805747
1.6487487288582408 0.0057447174958736354
1.654116363822654 0.005754848794583438
1.659502796833337 0.005764402660621369
1.6648767739018702 0.005774319818463773
1.6702693337991796 0.005783694986842948
1.6756883859066836 0.005792326645744205
1.6810989863315982 0.005801175641494261
2.289113900586763 -0.011765619661278249
2.9021858101966647 -0.02947987885352238
2.9025044384328034 -0.029322516662772063
2.7258406080298165 -0.024003258566650792
2.615561946967725 -0.02062019989070399
2.5390744331037673 -0.01822266951968136
2.4826578325710127 -0.016410559466773784
2.439311036006867 -0.014979645200772523
2.4050408311581073 -0.013813430951228807
2.377391197433708 -0.012840342399772726
2.354734676455166 -0.012012883694551682
2.335956541924567 -0.011298542567643278
2.3202589088276557 -0.010674018623541373
2.3070623943217754 -0.010122471831012055
2.2959231419602784 -0.009630927442794571
2.2865001548082073 -0.009189410726976049
2.278530481333073 -0.008790310733536848
2.271800255894558 -0.008427360660232886
2.2661381722004954 -0.008095564163048548
2.2614033988162845 -0.007790784565913458
2.257481782876601 -0.007509750802187754
2.254275761302708 -0.007249588166906605
2.251703537783124 -0.00700788181091193
2.2496969080156397 -0.006782700809980571
2.2481962908537874 -0.006572278245660057
2.2471508363132617 -0.006375131019976955
2.2465164318046806 -0.0061899433726451
2.2462549460569647 -0.0060156614938028895
2.246332665126351 -0.005851272911561641
2.2467201562434003 -0.0056958900193802104
2.247391193348067 -0.005548806236498438
2.2483226740461753 -0.0054093185890127975
2.2494939850605764 -0.005276825867110059
2.2508869622555956 -0.005150769126846081
2.252484588295804 -0.005030710370450672
2.254272216111927 -0.004916193233245317
2.256236781278755 -0.0048068075101766585
2.2583654449621164 -0.004702237074244518
2.260647509169857 -0.004602140740123161
2.2630729406847117 -0.00450622587755128
2.2656330473391844 -0.00441420980337433
2.268318565824874 -0.0043258806748922764
2.2711222675827045 -0.004240998496764665
2.274037634761516 -0.004159344002260744
2.2770571724046977 -0.004080756924683786
2.280175414518027 -0.00400504867591402
2.2833868519833143 -0.003932058576215963
2.2866869741810483 -0.0038616259020665916
2.2900699048432234 -0.003793637597674297
2.293531833500941 -0.003727953360209661
2.297069314719611 -0.003664443533486473
2.300677321475874 -0.003603019830904995
2.30435293554841 -0.003543567973057349
2.3080928619471077 -0.003485991857786864
2.311894692161882 -0.003430192071996909
2.315754214691605 -0.0033761041147268075
2.3196693912202466 -0.0033236393700132186
2.3236383903139064 -0.003272715255846706
2.3276574470010587 -0.0032232802948132786
2.331725018459565 -0.003175260322595888
2.3358390040845194 -0.0031285940726488784
2.339998157136339 -0.0030832160162418067
2.3441991569482585 -0.0030390876346172145
2.3484409678299905 -0.0029961495545388203
2.3527226804984647 -0.0029543460895812826
2.357041225478632 -0.0029136460472810326
2.3613958625045495 -0.0028739986707908534
2.3657851844828066 -0.002835362920621326
2.370208634903033 -0.0027976933993666244
2.3746634010970666 -0.0027609664046299785
2.379149054148261 -0.0027251402604223456
2.383665247090498 -0.0026901756809359287
2.3882093160617437 -0.00265605330387479
2.392781018483614 -0.002622736888018666
2.3973793738478246 -0.0025901978357215144
2.4020042598199716 -0.0025584034128164138
2.406653167908347 -0.0025273387885607927
2.411326056627443 -0.0024969735868382486
2.4160229402212696 -0.0024672790569473624
2.420741401971359 -0.002438243044817239
2.4254815234248532 -0.002409838762719556
2.4302425989365197 -0.002382045629703544
2.4350247922193624 -0.002354839254502197
2.4398257839714628 -0.0023282103243096866
2.444645791140383 -0.002302136000505672
2.449485070089409 -0.0022765945940746587
2.454341359929325 -0.0022515784958840055
2.459214961980619 -0.0022270673281464762
2.4641053545943095 -0.0022030458763725265
2.469012897296981 -0.002179495460422305
2.4739353920101603 -0.002156410303110493
2.4788732344496704 -0.0021337727797976357
2.483826849136742 -0.002111566105986922
2.488794076097781 -0.002089785615865521
2.4937753707878034 -0.002068415427155849
2.498770338727782 -0.0020474440344257785
2.503779477879144 -0.0020268567951458876
2.5088006696515883 -0.0020066502504944117
2.5138344372797263 -0.0019868104950631627
2.518881325639594 -0.001967324254641047
2.523939241469442 -0.0019481888091425425
2.5290087514715474 -0.0019293915209437006
2.534089551480964 -0.001910923518725784
2.539182240058228 -0.001892773094047632
2.5442847516517944 -0.0018749383350233446
2.549397702882306 -0.0018574080599553986
2.5545217270177414 -0.0018401715726846996
2.5596547755733337 -0.0018232274590976128
2.564797497552462 -0.001806565481976021
2.569949654446022 -0.0017901786849290615
2.5751119196760683 -0.0017740575429372166
2.580282263520912 -0.0017582011891335747
2.58546137256641 -0.0017426004824358946
2.590649946466961 -0.0017272466629211186
2.5958459671010523 -0.001712139202054576
2.6010501456806754 -0.001697269677003592
2.60626229240626 -0.0016826325520466019
2.6114831375747034 -0.0016682199609839145
2.6167106758483847 -0.0016540317481377666
2.621945647285676 -0.0016400603320132082
2.6271888023866374 -0.0016262984356589108
2.6324381437264712 -0.001612746134183661
2.637694430433214 -0.00159939640228101
2.6429575094945044 -0.0015862447771704592
2.648228155211699 -0.0015732846760927268
2.653504378877239 -0.0015605164284048369
2.658786962140816 -0.0015479336656702132
2.6640766951246206 -0.001535530266562391
2.669371594506595 -0.00152330671751258
2.6746724569422984 -0.0015112570877475874
2.679979157644066 -0.0014993777376923556
2.685292505514207 -0.0014876630937641461
2.690610523141462 -0.0014761138147893118
2.695934025033676 -0.0014647244906769922
2.7012638326673173 -0.0014534899145841323
2.706597972261445 -0.0014424108512195184
2.7119372703023394 -0.0014314822398570452
2.717281623963972 -0.0014207010814579397
2.7226318697504706 -0.0014100626074779834
2.7279860378318705 -0.0013995676978608021
2.733344969038761 -0.001389211710248466
2.7387095100026997 -0.0013789901714747396
2.7440776932921924 -0.0013689040314374041
2.7494503694233146 -0.001358948930266885
2.7548274528750945 -0.001349122373646115
2.7602098024566697 -0.0013394202435819237
2.7655954533061475 -0.0013298435649175778
2.7709852676068127 -0.001320388318070835
2.7763801124228173 -0.0013110506258156161
2.7817780244192107 -0.0013018315575299608
2.787179873702069 -0.0012927273247089874
2.792585588542085 -0.001283735835285488
2.797996045984469 -0.0012748535031421727
2.8034092842835534 -0.0012660814440105094
2.8088261831404537 -0.001257416149235913
2.814247626402473 -0.0012488542310920112
2.8196716532308344 -0.001240396831760637
2.825099149875994 -0.0012320406336063805
2.830530055714071 -0.0012237838684642122
2.835965262858023 -0.001215623389685172
2.841402811359682 -0.0012075603654268042
2.8468435954398874 -0.0011995917105187249
2.8522885128719633 -0.0011917144434030703
2.8577356041722073 -0.0011839297457840578
2.8631857690274494 -0.0011762346919132393
2.868638955840469 -0.0011686277768986463
2.874096069294371 -0.0011611062207139968
2.8795551502973584 -0.0011536712164938066
2.8850171052178126 -0.0011463200333648082
2.8904828434916343 -0.0011390500299214305
2.8959504061758192 -0.0011318624036378872
2.9014207042405857 -0.0011247545578588235
2.9068936934889713 -0.0011177252035291419
2.912370289183066 -0.0011107718691708254
2.917848532416386 -0.001103895753323231
2.9233293398072924 -0.0010970944240655523
2.928813630641594 -0.001090365527275967
2.934299445937146 -0.0010837102592871717
2.9397877062177358 -0.001077126302084564
2.9452783734012726 -0.001070612544960221
2.9507723717249803 -0.0010641667782062348
2.956267741991395 -0.0010577901918752183
2.9617654095356336 -0.0010514806082804048
2.9672663020272356 -0.0010452359178212652
2.972768460034761 -0.0010390573037261652
2.978272812232195 -0.001032942685690206
2.9837793256269975 -0.001026891101448357
2.9892889321273444 -0.0010209005650245494
2.994799671909913 -0.0010149722482176544
3.000312477776223 -0.001009104191106954
3.005828284582737 -0.001003294493706763
3.0113451321620506 -0.0009975443177803064
3.0168639561895993 -0.000991851787227957
3.0223847279375367 -0.0009862160641693463
3.0279083859151363 -0.0009806353551570822
3.033432969441586 -0.000975110806980045
3.0389594177563843 -0.0009696406474889217
3.0444886719176765 -0.0009642231575770295
3.050018770825755 -0.0009588594718158007
3.0555506562093875 -0.0009535478906581865
3.061084302936548 -0.000948287681099898
3.0666206552328763 -0.0009430772164178032
3.0721577514040455 -0.0009379176138407864
3.0776965362749884 -0.0009328072641247648
3.083237956288059 -0.000927744605199814
3.0887800492811515 -0.0009227307406514297
3.09432376224785 -0.0009177641244867878
3.0998690731055643 -0.000912844112641875
3.105416931059114 -0.0009079692236171492
3.110965373300221 -0.0009031405421517501
3.1165153495272335 -0.0008983566011404715
3.1220678108835163 -0.000893615975623547
3.127620794063162 -0.0008889197358262571
3.133175250664074 -0.0008842664700460574
3.138731161203724 -0.0008796556100527392
3.144289479247579 -0.0008750858015299374
3.1498482408137747 -0.0008705580949878875
3.1554083998753946 -0.0008660711479988544
3.160970911701913 -0.0008616236559459304
3.166533811797983 -0.0008572166543628024
3.1720980558089007 -0.0008528488495939685
3.177663626480255 -0.0008485197383946672
3.183231481215767 -0.0008442280783957546
3.188799654830312 -0.0008399748850128054
3.19436910506508 -0.0008357589257193831
3.1999407908288475 -0.0008315790020429116
3.205512746417366 -0.0008274361142581761
3.2110859310508317 -0.0008233290729755419
3.216660329393232 -0.0008192574309027407
3.2222369022426793 -0.0008152200446718065
3.227813683202978 -0.0008112178943761331
3.2333916333521593 -0.0008072498448119365
3.2389717148236166 -0.0008033147915564403
3.2445519607038467 -0.000799413699614977
3.2501333333847207 -0.0007955454721036182
3.255715819189314 -0.0007917097101191509
3.261300381930809 -0.0007879053582316089
3.2668850540100163 -0.0007841333614476926
3.272470799472611 -0.000780392671118483
3.278058583321423 -0.0007766822665113664
3.2836464374471106 -0.0007730030777538935
3.289235327067276 -0.0007693540903776766
3.2948252399457996 -0.0007657349475022774
3.3004171425850526 -0.0007621446721309511
3.3060090662023036 -0.0007585841747511965
3.31160197749319 -0.0007550524840029973
3.3171968440241315 -0.0007515486539240148
3.3227916965132103 -0.000748073580442214
3.328387502705411 -0.0007446263228032358
3.333984251620791 -0.0007412065607643003
3.3395829121695115 -0.0007378133875548604
3.3451815144127863 -0.0007344476799446316
3.350781027421471 -0.0007311085358495853
3.356382421060969 -0.0007277950763598116
3.361983724906885 -0.0007245081640816463
3.3675859089730693 -0.000721246924434781
3.373188963378837 -0.0007180110692376672
3.3787938591980353 -0.0007147997548259603
3.384398625368794 -0.0007116138252133764
3.3900042330985016 -0.0007084524406303829
3.3956116543215273 -0.000705314782510897
3.4012189175057284 -0.0007022016811523267
3.4068269947087924 -0.000699112321585362
3.4124358770153673 -0.000696046443783394
3.4180465374502482 -0.0006930032609837724
3.4236570038650633 -0.0006899835855111876
3.4292682493954647 -0.0006869866338361308
3.4348812478439914 -0.0006840116418796306
3.440494026608407 -0.0006810594087288988
3.446107559593548 -0.0006781291732885162
3.4517218387345867 -0.0006752207003386616
3.4573378388211147 -0.0006723332545888786
3.4629535866570347 -0.0006694676178056889
3.468570057123781 -0.0006666230573772791
3.47418822571602 -0.0006637988585777449
3.479806118800811 -0.0006609957904324129
3.4854247119574815 -0.0006582131406844711
3.4910439978729606 -0.0006554506960397812
3.496664952938076 -0.0006527077679098826
3.5022856029489144 -0.0006499851086670751
3.5079069243721683 -0.0006472820319356823
3.5135298942397473 -0.0006445978678248847
3.5191525379281305 -0.0006419333564688556
3.5247758325390457 -0.0006392878300132114
3.5303997714258486 -0.0006366610946010393
3.5360253324363793 -0.0006340525041391361
3.5416505403991536 -0.0006314627827797349
3.547276373224431 -0.000628891286250182
3.552903809344528 -0.0006263373855042557
3.5585308731855747 -0.0006238017929580421
3.5641585432372054 -0.0006212838812371627
3.569786813445255 -0.0006187834737649342
3.5754166629869175 -0.0006162999632203592
3.581046115763181 -0.0006138340467031521
3.5866761510023135 -0.0006113851183819585
3.5923077484157755 -0.0006089525865182842
3.5979389315191437 -0.0006065371369708927
3.603570680070648 -0.0006041381793653182
3.609202988544274 -0.0006017555525291148
3.6148368373332183 -0.0005993886846073755
3.6204702494503227 -0.000597038246795985
3.6261042053302717 -0.0005947036684500482
3.6317396858558286 -0.0005923843919936318
3.637374713671033 -0.0005900810778659325
3.643010269696493 -0.0005877931695947797
3.648646348878234 -0.0005855205197751165
3.6542839327244696 -0.0005832625890728055
3.6599210433983327 -0.0005810200239010364
3.6655586624414074 -0.0005787922858990482
3.6711977718115794 -0.0005765788488478005
3.6768363933193022 -0.0005743803488742877
3.682475508952752 -0.000572196260642868
3.68811511408086 -0.0005700264490833248
3.6937561912366235 -0.000567870404750362
3.6993967617707533 -0.0005657287503619918
3.705037808242743 -0.0005636009772458359
3.710680313599516 -0.0005614865880294971
3.716322298854706 -0.0005593861955995033
3.72196474697912 -0.000557299303280102
3.7276076537215026 -0.000555225787078452
3.73325200255875 -0.0005531651650794129
3.738895814065156 -0.0005511180373556727
3.744540071738287 -0.0005490839225950445
3.750185759436894 -0.0005470623500194073
3.755830897413187 -0.0005450539103076935
3.7614764695443696 -0.0005430581332200278
3.767122471921031 -0.0005410749047341069
3.7727698888913075 -0.0005391037683452922
3.7784167402876765 -0.0005371453024905934
3.7840640104740046 -0.0005351990511241586
3.789712684151377 -0.0005332645680356881
3.7953607808446 -0.0005313424226885138
3.8010092852686075 -0.0005294321692762242
3.8066581938223543 -0.000527533702770139
3.8123084916597207 -0.0005256465901662336
3.8179581979045736 -0.0005237713892340227
3.823608297722336 -0.0005219076673059227
3.8292597765937586 -0.0005200550009115737
3.834910653348823 -0.000518213939248903
3.840561913478222 -0.0005163840591374109
3.846213553659636 -0.0005145652636776609
3.851866559793539 -0.0005127571416410164
3.857518950326945 -0.0005109602310556899
3.8631717111683095 -0.0005091741209256922
3.8688258285213877 -0.0005073984088677332
3.8744793205524743 -0.0005056336247225609
3.8801331734719433 -0.0005038793663000301
3.8857873842099053 -0.0005021355440632029
3.891442939359873 -0.0005004017669966646
3.897097856722329 -0.0004986785542717334
3.9027531228957493 -0.0004969655150176477
3.9084097247555185 -0.0004952622664400365
3.9140656798339606 -0.0004935693198891448
3.9197219750102725 -0.0004918862926817739
3.925378607443621 -0.0004902131019617555
3.9310365643719507 -0.0004885493755091486
3.9366938629781174 -0.000486895614481633
3.942351490502471 -0.00048525144672936034
3.9480104344453686 -0.00048361650768595336
3.953668711733478 -0.0004819912910370328
3.9593273098685877 -0.0004803754322579826
3.964986226218091 -0.0004787688545658863
3.970646448620153 -0.0004771712032467621
3.976305993667541 -0.00047558296224772703
3.9819658491986534 -0.00047400377686181557
3.987627003296341 -0.000472433299511647
3.9932874723085714 -0.00047087200700447236
3.9989482443176136 -0.00046931955174599335
4.004609316880494 -0.0004677758624840082
4.015933344890865 -0.000464714234300033