0.005714285999999902 0.0
-0.08826584169579377 0.001254900906597047
-0.22354060183415214 0.0030295970388011435
-0.3329436962363985 0.004478634101613284
-0.4269231069910475 0.0057335260592565294
-0.5103793958960665 0.006855958358693108
-0.586064293902389 0.007880568595996038
-0.65571209830199 0.00882918706895206
-0.720492072780516 0.009716531729001056
-0.7812406172461763 0.01055313099075772
-0.8385793472730256 0.011346809172919168
-0.89298339031604 0.012103547182156693
-0.9448272161272584 0.012828058395331892
-0.9944132298414559 0.013524149581243084
-1.0419885340393193 0.014194930885677054
-1.0877535285825388 0.014842925088615726
-1.1318864028430227 0.015470375018433728
-1.1745342270561565 0.016079131288656345
-1.2158154272215072 0.016670685968204868
-1.255845296434245 0.017246489550774412
-1.294716717969692 0.01780771120226308
-1.3325035941028958 0.018355281165704677
-1.369305783140348 0.018890456405027314
-1.4051644460384694 0.019413755032737515
-1.440158792743631 0.01992617284330084
-1.4743153588367761 0.02042804637017185
-1.5076997580284157 0.02092020026553833
-1.5403703563244875 0.02140336921003599
-1.5723329232707073 0.02187762582767692
-1.6036388635090475 0.022343617173102525
-1.634329999189191 0.022801869681572884
-1.66442169709007 0.023252575523284916
-1.693957844884629 0.023696289650715865
-1.7229604995864207 0.024133288447223254
-1.7514310241848676 0.024563589069402106
-1.7794257276702794 0.024987900305255505
-1.8069401185290772 0.025406165617969132
-1.8340004940847123 0.02581871602444218
-1.8606471165460405 0.02622605706547126
-1.8868527053542863 0.02662784786520215
-1.9126593739351563 0.027024617266576907
-1.9380866184514574 0.027416610677056023
-1.9631402022885638 0.027803900643108198
-1.987833606957281 0.02818665686291256
-2.012209134117718 0.02856541180755482
-2.0361450074321397 0.028938631361690677
-2.0598904934150966 0.029309455678814673
-2.0832353390137186 0.029675236945150084
-2.1062562534289455 0.030036940735839627
-2.12905421320216 0.03039583809056515
-2.151557313482833 0.03075102390882426
-2.1737784507897615 0.03110266052522364
-2.1957306759914488 0.03145091095849611
-2.217412026336632 0.03179575302005403
-2.238741990754839 0.03213617202007004
-2.2599808124456118 0.032475443763290535
-2.28088712182533 0.032810530016136014
-2.3015389400519197 0.03314241286797484
-2.3221335404471333 0.033473575491796366
-2.3423423299802337 0.033799880472320895
-2.362313765117335 0.03412319901908667
-2.3820528026690084 0.03444359226707518
-2.4017354750960322 0.034763276020470954
2.9390063035974734 -0.032391248549689215
6.2101926371971174 -0.07349529586515688
5.343084200842348 -0.06250866156420579
4.358327831344383 -0.05004113811451202
3.723359898146036 -0.04197656657428832
3.2738899905018073 -0.03624694677790092
2.936720672612175 -0.03193090783822641
2.6734928076767233 -0.028545605082947425
2.46189366189094 -0.0258101775349676
2.287950491437485 -0.023548743631962857
2.142417843833705 -0.021644927731458
2.0189000147641067 -0.020018221548309335
1.9128274687630977 -0.01861110742820859
1.8208341450760557 -0.017381215165837287
1.7403820092522437 -0.01629659731620803
1.669518031357832 -0.015332670164016427
1.6067127784046065 -0.014470182009885934
1.5507510533064774 -0.013693837849723561
1.5006508651646868 -0.012991274380227284
1.455614017636293 -0.012352445583698917
1.4149817925938635 -0.01176905986223216
1.3782060935162903 -0.011234218064614991
1.344826934682601 -0.010742130132122737
1.3144552560559504 -0.010287898781300361
1.2867601034200433 -0.009867359392998907
1.2614563538341628 -0.009476920471858854
1.2382994159511327 -0.009113504489180267
1.2170767127327125 -0.008774435636826207
1.197602930287566 -0.008457381280837825
1.179715754560739 -0.00816029829711955
1.163272388876699 -0.007881389236099913
1.1481469433493814 -0.0076190707207432805
1.134227027945336 -0.0073719255268276185
1.1214133626776714 -0.007138705228755792
1.109617043822226 -0.006918290753129714
1.0987584266955608 -0.006709679574494455
1.0887659466812991 -0.0065119708750363565
1.0795751167683534 -0.006324352926120832
1.0711278130217394 -0.006146095352921791
1.0633709620641767 -0.005976527578138827
1.0562567943890429 -0.005815049563053086
1.0497416946643483 -0.005661112300767089
1.0437858818537364 -0.0055142150484836575
1.0383529966112732 -0.005373900133847694
1.0334097409933207 -0.005239748419829097
1.02892563750477 -0.005111377530469845
1.024872446065956 -0.004988429476980693
1.0212243898877986 -0.0048705810534230105
1.0179576184110886 -0.004757532041481134
1.0150500986526865 -0.0046490051015323965
1.0124814455839228 -0.004544743637539652
1.010232771183837 -0.004444509897013052
1.008286581314941 -0.0043480849316829984
1.0066265244692687 -0.004255260399858243
1.0052374878958332 -0.004165847328912298
1.0041053596620273 -0.0040796680852475
1.003216978295562 -0.003996556999161397
1.0025600543853344 -0.003916359378000081
1.002123105602486 -0.003838931946984528
1.0018953660011078 -0.0037641366725457022
1.0018667736646876 -0.0036918481593093914
1.002027883923688 -0.0036219475227346107
1.0023698311249944 -0.0035543231666351786
1.0028842851616702 -0.0034888702359989615
1.0035634118568595 -0.003425490118321349
1.004399820836099 -0.0033640910461966026
1.0053865938030526 -0.003304583418248169
1.006517166295886 -0.003246885863224819
1.0077853559239855 -0.003190920560439834
1.009185323666216 -0.0031366140113610382
1.0107115505206465 -0.003083896745690178
1.0123588160300159 -0.0030327030510523116
1.014122146662423 -0.0029829715819869613
1.0159969230633408 -0.002934641674989795
1.0179786779625317 -0.0028876583571564216
1.0200632021404346 -0.0028419686450409493
1.022246500205462 -0.0027975222467522937
1.0245247772967687 -0.002754271394574505
1.0268944267637607 -0.0027121706898837164
1.0293519749819637 -0.0026711776672665604
1.0318942443239578 -0.002631249810922655
1.034518085172536 -0.002592348733871763
1.0372205373167276 -0.0025544371745325955
1.0399987791740983 -0.002517479616307018
1.042850119845106 -0.0024814421875647102
1.04577199170555 -0.002446292568400147
1.0487618905890486 -0.0024120004964295902
1.0518175798264338 -0.0023785353001407796
1.0549367702093448 -0.0023458694229284848
1.058117322504053 -0.002313975937241818
1.061357190437981 -0.0022828290856760788
1.0646544157565714 -0.0022524042187510897
1.068007123590661 -0.002222677736598241
1.0714134580405599 -0.0021936275368742513
1.0748718174896013 -0.002165230941774517
1.0783804930598464 -0.002137467699588453
1.081937902557918 -0.0021103178944964075
1.0855425279451154 -0.002083762418224515
1.089192912154921 -0.002057782929984372
1.0928876560969059 -0.0020323618187604573
1.0966253500552483 -0.0020074825985376297
1.1004048334273335 -0.0019831281427644754
1.1042247997178052 -0.001959283264711154
1.1080840550885966 -0.001935932936970882
1.1119814510864927 -0.0019130627034175667
1.115915882532633 -0.0018906586526400888
1.1198862855279756 -0.001868707392835962
1.1238915651739347 -0.00184719640074406
1.127930874775977 -0.0018261125011234693
1.132003193568437 -0.0018054441038591325
1.1361076048980792 -0.0017851796706016606
1.1402432249185281 -0.0017653080759569032
1.1444089816587066 -0.0017458196027583263
1.1486050058385544 -0.0017266995327224663
1.152829035293145 -0.0017079445658549272
1.157081035537601 -0.001689541680603147
1.1613602667559206 -0.0016714815645519185
1.1656667701707022 -0.0016537521491146333
1.1699983481585292 -0.0016363509467115652
1.1743550846953212 -0.0016192664269125657
1.178737103592944 -0.0016024875607213163
1.1831422475032198 -0.0015860123675217979
1.1875706777655282 -0.001569830290694447
1.1920218107174136 -0.0015539339834026876
1.1964958663114373 -0.0015383136268188736
1.2009907320352013 -0.0015229678046962175
1.205506659516523 -0.0015078870969184148
1.210043931852148 -0.0014930624794839544
1.2146004646005437 -0.0014784928894869078
1.2191765688364455 -0.0014641696550981096
1.223771778362071 -0.0014500869080644374
1.2283864503584212 -0.0014362365569178465
1.233018531706172 -0.0014226179330203723
1.2376684033877368 -0.0014092232445034097
1.2423364716106207 -0.0013960450170191064
1.247020702895007 -0.0013830828291408344
1.2517215245890085 -0.0013703294726275345
1.2564385601584007 -0.0013577802078640234
1.2611722737389925 -0.001345428289673208
1.2659206537750975 -0.0013332735725982287
1.2706841825138966 -0.00132130953943833
1.275463362688086 -0.001309529930854012
1.2802561964810408 -0.0012979347743283856
1.2850632027924647 -0.0012865180140234384
1.2898840744373956 -0.0012752757832562246
1.2947193600458249 -0.001264202400418169
1.2995670771113481 -0.001253298085709282
1.3044277882017568 -0.0012425573329627642
1.3093020727171236 -0.0012319748478874855
1.3141879577158733 -0.0012215509710807502
1.3190860350953102 -0.0012112805655601856
1.323996051950644 -0.0012011604478928373
1.3289186244851123 -0.0011911857870469263
1.3338517903666585 -0.0011813570571663579
1.338796176633707 -0.0011716695636070332
1.343752424301826 -0.0011621187876611186
1.3487185776243606 -0.0011527052863667018
1.353695287371373 -0.0011434246638006877
1.3586823435862598 -0.00113427427713931
1.3636804171196033 -0.0011252499832229094
1.368687559466565 -0.0011163524302452493
1.3737044499782343 -0.0011075775820465093
1.3787317797232745 -0.0010989215499608931
1.3837676046406244 -0.001090385038118654
1.3888126234795095 -0.0010819642545330228
1.3938666606032015 -0.0010736569883813413
1.3989304315095978 -0.001065459658500314
1.4040019969519122 -0.0010573730296195615
1.4090820791521494 -0.001049393605215523
1.414171410241103 -0.001041518013491325
1.4192680538684002 -0.0010337470556350046
1.42437274826041 -0.0010260774365775343
1.429485345455575 -0.0010185072938565796
1.434606597772138 -0.0010110335097842415
1.4397345719167518 -0.0010036569240288037
-0.35832690468846096 0.021701321643841844
-1.4395161948262043 0.03538270213325255
-1.1186008556607305 0.03141511318266689
-0.7624562725193087 0.027004077007185257
-0.527561834135696 0.024119273987538638
-0.3573512617201189 0.022048690095781493
-0.22670778436225447 0.02047614343313146
-0.12219728495015403 0.019232544974883147
-0.03611618165003705 0.018220938665406774
0.036466812726111186 0.01737922687596459
0.09874886838067454 0.016667177894302894
0.15306546354367612 0.016055393946781963
0.20096720872931684 0.01552436934992315
0.2437074172390581 0.015058302879030948
0.2821330026679334 0.014646546617946142
0.31703483223638074 0.01427915813284317
0.3488568600986355 0.013950523986991861
0.3781430897521645 0.013653809137487542
0.4051624437033112 0.013385628529027273
0.4301998863354868 0.013142407767057433
0.45374894472743676 0.012917909416903545
0.47560763582617227 0.012714688522653735
0.49618593217753215 0.012527597152645287
0.5157123354880397 0.012353733872429282
0.5340717035958562 0.012194560618554525
0.5515347258330863 0.012046670095842838
0.5681147733685137 0.011909906582517359
0.5838568526796593 0.01178367838572155
0.5990208262018015 0.011664727081044119
0.6136050347618465 0.01155308614075995
0.6274767944124662 0.011450400545777978
0.640767279477835 0.011355031730057686
0.6536852578086538 0.011264351833515127
0.6662091768249709 0.011178644736184585
0.6781865027022249 0.011099805278807011
0.689730439209363 0.011026421099254944
0.7010406747079614 0.010955991212761036
0.7120593141099718 0.010889219197343876
0.7225550613729794 0.010829029073610816
0.7329673819156071 0.010769889081627956
0.7430855594494048 0.010714464194865596
0.7528073947590386 0.010664015668433757
0.7624198429945324 0.010614944049053832
0.7717701885440249 0.010569184228134505
0.7809421271772905 0.010525657512323346
0.7899797636497468 0.010483821321592817
0.7986172674259819 0.01044702179113928
0.8072930991231573 0.010409752396417334
0.8156655623633782 0.010376289057062976
0.8240113250735845 0.01034316180996046
0.8320903522276382 0.010313404677455446
0.8401454988523085 0.010283935553040087
0.8480479368696194 0.010256388644389559
0.8556937412210956 0.010232072105570575
0.8632506022369313 0.010208887726232947
0.8708965095007528 0.010184569892007356
0.8782321592581326 0.010164157416361987
0.8856001968985012 0.010143349846526825
0.8927376828109956 0.010125431753308463
0.899813843635286 0.010108285588099694
0.9069342635174706 0.01009058231310973
0.9138533099496158 0.010075426408846098
0.9207284539507725 0.010060810537856317
0.9274915861302375 0.010047604612862544
0.9342294282876793 0.010034729612861594
0.9408463541925656 0.010023364055681924
0.9473435719495598 0.010013505321811037
0.9538928210503812 0.010002991644704877
0.9604366920762075 0.009992558251457836
0.9667931099819 0.009984471832183553
0.9730456868724175 0.009977692509083326
0.9794669717880851 0.009968802165422943
0.9856211937980532 0.009963260881914598
0.991760592004816 0.009957906192657143
0.997985825594057 0.009951471052675723
1.003948727368126 0.009948350595312804
1.0100617259212115 0.009943328211033815
2.3108487156735222 -0.006358370563303181
4.577359855088346 -0.03481608526089201
4.973271748036936 -0.03972769145109237
4.34744314301269 -0.03177816475126192
3.9629633741587966 -0.026866610472999996
3.6971539146114836 -0.0234488031490656
3.5003062354026255 -0.020899063092855868
3.34768533325596 -0.018906026483581292
3.2254302032091147 -0.01729520568147701
3.125130401468276 -0.015960759611196543
3.041268220283712 -0.014833221677365113
2.970096455481702 -0.013865424041436746
2.9089498791543207 -0.013023805626497315
2.855908667714864 -0.012284225876253479
2.8095053885361168 -0.011628200931842799
2.768617077579627 -0.011041582924123597
2.73238597704578 -0.010513600023258046
2.7001122523064893 -0.010035430490944144
2.6712385008002926 -0.00960005803642047
2.6453059376269223 -0.009201695128788014
2.6219488852677983 -0.00883576398640346
2.6008505545984164 -0.008498264446633262
2.5817456220865154 -0.00818584416869533
2.564418706952516 -0.0078958172273788
2.5486768458933184 -0.0076257421144710295
2.5343572940320485 -0.007373570282916639
2.5213172078873214 -0.007137491106501622
2.5094388595746793 -0.006916047863383165
2.4986130154961756 -0.006707852990912017
2.4887442120023238 -0.00651169225531996
2.4797531431961772 -0.006326592570568205
2.4715647091217647 -0.006151596030369697
2.464113737727601 -0.005985882283161165
2.457340935688819 -0.005828692388228137
2.451196576922065 -0.0056794255946934664
2.4456326202190155 -0.005537464597577601
2.440606057306752 -0.0054022554438489185
2.43608052712559 -0.005273365614530522
2.4320205645985666 -0.005150336106380788
2.4283947892412527 -0.005032771918339166
2.4251740918775866 -0.004920294051907066
2.4223335073753915 -0.00481261343405939
2.4198485708965123 -0.004709409526784544
2.4176970543439325 -0.004610389946993865
2.415859609959547 -0.004515336330217354
2.414317336739394 -0.004423998173066986
2.4130531820171726 -0.004336160825533351
2.412051243407575 -0.00425161152926525
2.4112973001950877 -0.004170196456312747
2.410777655533032 -0.004091730610486906
2.4104797495433985 -0.0040160433071634825
2.410392043958595 -0.003943014483638229
2.4105036346880624 -0.0038724942974700614
2.4108044270663243 -0.003804355682310351
2.4112851015343253 -0.003738468740968234
2.4119366893953256 -0.0036747457551485345
2.4127510291612566 -0.0036130714048497226
2.413720596832597 -0.0035533383944419414
2.414837827325769 -0.0034954766735749983
2.4160960968594622 -0.00343939027809294
2.417489035985021 -0.0033849990327206145
2.419010932245129 -0.00333221844456989
2.420655614230064 -0.0032809960061254166
2.4224180252207503 -0.003231255478587964
2.424293493673993 -0.003182925471549801
2.4262766345357676 -0.00313596337572806
2.4283632998817595 -0.0030903043917547245
2.430549267016751 -0.003045895366559626
2.4328309477837493 -0.003002678546831903
2.435203759656723 -0.002960621425089514
2.437664508239827 -0.0029196712044802994
2.4402102459664334 -0.002879778195108192
2.4428368545878953 -0.002840915733571589
2.44554170775028 -0.002803038173231192
2.4483218931833264 -0.002766108855958174
2.451175146919894 -0.0027300866966480826
2.45409783481675 -0.002694951125563892
2.4570879407273267 -0.0026606641770364355
2.460143614368583 -0.0026271899731993547
2.4632615072154493 -0.002594511539527153
2.466439974687262 -0.0025625955874271013
2.4696769423251723 -0.002531416004700336
2.4729710104600784 -0.002500942585572496
2.476319133484992 -0.002471162168491532
2.479720073807556 -0.0024420465878200715
2.4831727097328624 -0.0024135691367764694
2.486674177176532 -0.00238571893872043
2.4902234909243646 -0.002358471004817764
2.493819132948346 -0.0023318062269291795
2.4974602895892204 -0.002305701775664182
2.5011442918968783 -0.0022801492306300797
2.504870435653814 -0.002255127140031683
2.5086381003163183 -0.0022306151053156807
2.512444735319569 -0.0022066061962614045
2.51628981340032 -0.0021830811884807396
2.52017219805154 -0.002160025776220244
2.5240914858775554 -0.002137422294271811
2.5280452549409276 -0.0021152654315087383
2.5320331777674596 -0.002093538478382673
2.5360549889893917 -0.0020722255071087686
2.540108345463672 -0.002051322198382611
2.5441930472036276 -0.002030813447401724
2.5483082264803087 -0.0020106883316500265
2.5524537750953087 -0.0019909329017076902
2.5566274362263357 -0.001971543924830657
2.560829155571845 -0.0019525081300245121
2.5650589260364924 -0.0019338128405022171
2.5693145440655414 -0.0019154554940232623
2.5735960493920444 -0.0018974240032517506
2.577902768109311 -0.0018797098854040136
2.5822348095138423 -0.00186230192877209
2.586590028762359 -0.0018451983101449732
2.5909685741826536 -0.0018283883091199569
2.5953706307287234 -0.0018118616663261196
2.5997940899756316 -0.0017956170169669788
2.6042391710526474 -0.0017796445318520964
2.608705342691728 -0.0017639375236582183
2.6131928777882294 -0.001748486839973769
2.6176997082181757 -0.0017332916232899922
2.6222261356374617 -0.0017183430832179425
2.62677249063416 -0.0017036327935519148
2.6313367301588855 -0.0016891602124086955
2.635919210152956 -0.0016749172327158554
2.640519506211369 -0.0016608985122860437
2.6451380165571265 -0.0016470964762664326
2.6497727259397763 -0.0016335109326921881
2.654424054099856 -0.0016201345775621254
2.659092443996066 -0.0016069603991326765
2.6637758976868255 -0.00159398842331414
2.668474877212546 -0.001581211878553866
2.6731890395062408 -0.001568626446504496
2.6779188803730634 -0.0015562257806263557
2.6826624210496206 -0.0015440101482344006
2.6874201736575003 -0.0015319734081715153
2.6921926692131493 -0.0015201096571189404
2.6969779408709513 -0.001508419312406787
2.701776534193378 -0.0014968966538138955
2.706588168904652 -0.001485538153375902
2.7114134179025413 -0.0014743384349544353
2.716250327498919 -0.0014632980814987219
2.7210994831124395 -0.001452411874476789
2.7259614857309487 -0.001441674791332802
2.7308343897980336 -0.0014310875173744483
2.735718807516456 -0.001420645171213316
2.740614507703768 -0.0014103448428464294
2.7455221249665485 -0.0014001819328931426
2.7504397226570063 -0.001390157238797879
2.755367945092594 -0.001380266283415508
2.7603074495633066 -0.0013705047528921948
2.765256304869432 -0.001360873513250109
2.7702151770355457 -0.0013513683605818232
2.7751838737063252 -0.001341986873619619
2.7801630794729206 -0.0013327250821624536
2.7851508690210665 -0.0013235839263152707
2.790147934545267 -0.0013145595315839328
2.795154979157843 -0.0013056481609023095
2.8001700810767716 -0.001296850798837252
2.805193950279076 -0.0012881637947316598
2.8102264254393603 -0.0012795851179063533
2.815268232076292 -0.001271111313334354
2.820317452129231 -0.00126274341242531
2.825374817120867 -0.0012544780357278543
2.8304410678460457 -0.0012463119205035967
2.8355142884019244 -0.001238246125323173
2.840595225022355 -0.0012302774559119678
2.8456837414180427 -0.0012224041967316209
2.8507805969515445 -0.0012146233187644389
2.85588387788642 -0.0012069359078507981
2.8609943483626523 -0.0011993389951085792
2.866112780459666 -0.0011918297115934256
2.8712372616102044 -0.0011844091578626455
2.8763685682346463 -0.001177074519613487
2.8815065844209826 -0.0011698243378063357
2.886652097772526 -0.0011626559389032564
2.8918031967696223 -0.001155570436648432
2.896960672843086 -0.0011485652056823167
2.9021253242730296 -0.0011416377068611207
2.9072952399979357 -0.0011347890596955135
2.912471221785168 -0.0011280167689373482
2.917653170442115 -0.0011213195860021422
2.9228418973344645 -0.0011146951364599956
2.9280354916444864 -0.0011081445428907206
2.9332347678231656 -0.001101665469700469
2.9384405462708187 -0.001095255656183059
2.9436509161180098 -0.0010889162242670775
2.94886670058294 -0.0010826449487160972
2.954087814293473 -0.0010764407549103947
2.9593150887637094 -0.00107030152203819
2.96454661279342 -0.0010642283678639858
2.969783220397403 -0.0010582192030534744
2.9750257507906 -0.001052272003728773
2.980272292358002 -0.0010463878824337027
2.985523686603443 -0.0010405648441016572
2.9907798596578914 -0.001034801958908063
2.9960416602416444 -0.0010290973226236757
3.0013071760019443 -0.0010234520385056828
3.0065772576958807 -0.001017864227962927
3.01185276065204 -0.0010123320699473779
3.0171317718475734 -0.0010068566592820092
3.0224151484789203 -0.0010014361984303647
3.0277028263128614 -0.0009960698788583926
3.032995668860643 -0.0009907559825175422
3.0382917620780034 -0.0009854955913733484
3.043591971142334 -0.0009802870083497946
3.048897165271228 -0.0009751285872263263
3.054205429574381 -0.0009700213993193157
3.05951763479991 -0.0009649638176737419
3.0648337248345 -0.0009599551359649473
3.070154575982521 -0.0009549937971769555
3.075478272139449 -0.0009500808573423168
3.080805690977769 -0.0009452147766662389
3.086137713758106 -0.0009403940605199312
3.0914724234125686 -0.0009356197528091558
3.0968107024604024 -0.0009308903747479069
3.102152501669096 -0.0009262053066232265
3.1074987084715957 -0.0009215631315000966
3.1128474044602115 -0.0009169648764197124
3.1181994781950024 -0.0009124091386344993
3.1235558214372574 -0.0009078945556925406
3.128914514741801 -0.0009034221415755532
3.134276450908118 -0.0008989905468999072
3.139641586564977 -0.0008945992257311411
3.1450108188779 -0.000890246883642895
3.1503822269859754 -0.0008859345167965232
3.1557567089858907 -0.0008816608424864667
3.161135165842424 -0.0008774246141096237
3.1665156756150807 -0.0008732268142377305
3.1718991401272234 -0.0008690662070752244
3.1772855210249773 -0.0008649423098433229
3.182675724028229 -0.0008608539357936026
3.1880678257414345 -0.0008568020491826876
3.1934627326555187 -0.000852785472967505
3.1988613538411883 -0.0008488030625778806
3.204261764804734 -0.0008448557684470987
3.2096648753283787 -0.00084094245496159
3.2150706513730256 -0.000837062693654708
3.2204800062126893 -0.0008332153928654415
3.225891013886219 -0.0008294014845559704
3.2313045883072604 -0.0008256198851162859
3.2367216457183545 -0.000821869540251733
3.2421402590588784 -0.0008181513680846771
3.247561345162005 -0.0008144643217549769
3.252984873715377 -0.0008108080197063611
3.258411764693264 -0.0008071814546171096
3.263840089574863 -0.000803585526229756
3.2692707688657165 -0.0008000192339099121
3.274704725181074 -0.0007964816035788582
3.280140028911852 -0.000792973521280497
3.2855776031640644 -0.0007894940191138181
3.291017420857436 -0.0007860427562063958
3.296460407933772 -0.0007826188003526865
3.3019046333452593 -0.0007792230194865056
3.3073510234753343 -0.0007758544869612332
3.3128005066246544 -0.0007725123002632144
3.3182511506773125 -0.0007691973138818397
3.3237038843420166 -0.0007659086304395804
3.3291586833524534 -0.0007626459444849284
3.3346164789860993 -0.0007594083909749927
3.3400753377198384 -0.0007561968066855218
3.3455361911983132 -0.0007530103311954871
3.35099997281376 -0.0007498481260811946
3.35646474800145 -0.0007467110150075208
3.3619314504928326 -0.0007435981638206717
3.3674000584805626 -0.000740509298021456
3.372871508030407 -0.0007374436128390322
3.3783438632088476 -0.0007344019147088268
3.383818060386794 -0.0007313834027011434
3.3892950375325555 -0.0007283872959937225
3.394772857701831 -0.0007254143882986266
3.4002524591447667 -0.0007224639023408702
3.4057338222102658 -0.0007195355907631247
3.4112178872760097 -0.0007166287030706015
3.4167027160720025 -0.0007137440162884572
3.422189249229234 -0.0007108807831106589
3.4276784288427464 -0.0007080382746600119
3.433168315665334 -0.0007052172556607114
3.4386598520258147 -0.000702417000178272
3.444153020170198 -0.0006996372847347937
3.4496487643718154 -0.0006968774078721944
3.45514514410376 -0.0006941381182066209
3.4606431038492715 -0.00069141871692213
3.4661435894367756 -0.0006887185221355821
3.4716446593973487 -0.0006860382706050693
3.47714725975289 -0.0006833772828830416
3.482651374423746 -0.0006807353565669517
3.488157951213772 -0.000678111834639222
3.493665047421871 -0.0006755074383484756
3.4991736110253484 -0.0006729215128601588
3.5046845912404123 -0.0006703534189347595
3.510196044459917 -0.0006678038664156229
3.51570892005968 -0.0006652722180724727
3.521223203442176 -0.000662758290159161
3.526739845620284 -0.00066026146605141
3.5322569018028247 -0.0006577824406890637
3.5377753231454037 -0.0006553205992443911
3.54329606194721 -0.0006528753412848228
3.548817172547132 -0.0006504473507995467
3.5543396073754465 -0.0006480360290060275
3.559863353150412 -0.0006456412087204705
3.565389363809757 -0.0006432623101353977
3.570915692556376 -0.0006409000029407488
3.5764432934448322 -0.0006385537087996475
3.5819731215875734 -0.0006362228626910073
3.5875032293533025 -0.000633908123804719
3.593034571961468 -0.0006316089284665856
3.5985671373015933 -0.0006293251242362811
3.6041018819843487 -0.0006270561649518946
3.6096368572898214 -0.0006248026960999005
3.615173019923624 -0.0006225641727136276
3.620711327571925 -0.000620340062168528
3.62624983071575 -0.00061813099989336
3.6317894871278824 -0.0006159364543542001
3.6373302857432392 -0.0006137562862693542
3.642873185621312 -0.0006115899803014303
3.648416236200795 -0.000609438158758444
3.653960396617613 -0.0006073003072653014
3.6595066269183008 -0.0006051759229083948
3.6650529757767316 -0.0006030656183690683
3.670600403308832 -0.0006009688916074538
3.6761488993848204 -0.0005988856151152932
3.681699425313063 -0.0005968153018625069
3.6872500287700447 -0.0005947585519757374
3.692801671124897 -0.0005927148791899442
3.698355314593883 -0.0005906838079030593
3.703909006121876 -0.0005886659290327031
3.7094637079799497 -0.0005866607676667827
3.715019410877183 -0.0005846682068562933
3.7205770781918304 -0.0005826877856257458
3.726134755914849 -0.0005807200828852713
3.7316934074719725 -0.0005787646382571923
3.7372539970783976 -0.0005768210013010772
3.7428145700254802 -0.0005748897421209253
3.748376090570865 -0.0005729704108104768
3.7539385501777005 -0.0005710628999126565
3.7595029141335203 -0.0005691667724848952
3.7650672268176137 -0.0005672825871505713
3.7706324535537377 -0.0005654099074231311
3.7761995604025387 -0.0005635483060920841
3.781766591074522 -0.0005616983333620022
3.787334511662273 -0.0005598595624244319
3.792903314308319 -0.0005580318943735564
3.7984739660649325 -0.0005562149144805083
3.8040445097706836 -0.0005544091619749774
3.809615912504512 -0.000552614222463813
3.8151891420343205 -0.0005508296902263589
3.8207622405593895 -0.0005490560964447765
3.8263361758706367 -0.000547293035688325
3.831910940723894 -0.0005455404167712238
3.8374875038058036 -0.0005437978455370828
3.843063906482193 -0.0005420658426774851
3.848641117458257 -0.0005403440142697156
3.854220106084277 -0.0005386319745113959
3.8597989131150072 -0.0005369302364016989
3.865378507916212 -0.0005352384143330838
3.8709588837985294 -0.00053355642410348
3.8765410109650347 -0.000531883890644728
3.882122929373814 -0.0005302213169282214
3.8877056092396245 -0.00052856832803296
3.8932900213821213 -0.0005269245566521447
3.898874205175211 -0.000525290498403867
3.904459131447638 -0.0005236657860955638
3.9100447940129186 -0.0005220503418550804
3.915632164483668 -0.0005204438083570159
3.921219281472247 -0.0005188466716332952
3.926807116597132 -0.0005172585744323868
3.932396642044793 -0.0005156791666520786
3.9379858958690903 -0.0005141089272944282
3.943575850260146 -0.0005125475063032405
3.949166499488129 -0.0005109948315544264
3.9547588164780905 -0.0005094505622428912
3.960350838555783 -0.0005079151682053819
3.9659435386472026 -0.0005063883086486622
3.9715378902123533 -0.0005048696495011651
3.977131930042951 -0.000503359653877801
3.9827266315980765 -0.0005018579876953131
3.9883219895633246 -0.0005003645840587316
3.9939189780877697 -0.0004988791175702378
3.999515633266846 -0.0004974020425801878
4.005112929246408 -0.000495933033650259
4.010711840675015 -0.000494471771669632
4.016310403137361 -0.000493018704560011
4.021909591277222 -0.0004915735131502356
4.027509400158742 -0.0004901361353106049