0.005714285999999902 0.0
-0.010941592538371125 0.0006524513858446892
-0.022058949189576182 0.001143365618800753
-0.030462413197241744 0.0015551257759744905
-0.037160520432411914 0.0019171475433108144
-0.0426563686067869 0.0022441037578811284
-0.04724461044201078 0.002544588886769678
-0.051116399741600205 0.002824177857708381
-0.054403014344920564 0.0030866992474258676
-0.05720056028757803 0.0033349566817356927
-0.059581458394720954 0.003571061813542624
-0.061601156506387866 0.003796632425866432
-0.06330391778636901 0.0040129589212010265
-0.0647261860196533 0.004221104807556601
-0.06589784729394843 0.004421941163553225
-0.06684277102041492 0.004616164751201131
-0.06758269839373554 0.0048044093856575674
-0.06813575291509366 0.004987202201263739
-0.06851629168477125 0.005164965147552402
-0.06873821731972285 0.005338101960285298
-0.06881361045681977 0.005506964985059228
-0.0687528930583099 0.00567185819032779
-0.06856457307740271 0.005833029720280782
-0.06825633070284454 0.005990703576410622
-0.06784190537817736 0.006145277568694098
-0.06731602018587424 0.006296603623022556
-0.06669122131260075 0.006445044746670917
-0.06597592854157242 0.006590846512250189
-0.0651758069593047 0.006734174148490513
-0.06428532718003055 0.006874866384529491
-0.0633146327307017 0.007013219067936538
-0.06227151070816639 0.007149456401686708
-0.061154699468815465 0.00728354742172944
-0.059969141656058156 0.007415633369300483
-0.05871738275078542 0.007545788486262622
-0.05740227045062163 0.007674095828975301
-0.05602643888854075 0.007800632224940596
-0.05459234026815096 0.007925469195482588
-0.05310277515820161 0.008048685505778669
-0.051558358895960055 0.008170304936073113
-0.04996263831360004 0.008290428017170141
-0.04831301119376974 0.008408978852423284
-0.0466214870953241 0.008526307714357566
-0.044883816464519555 0.00864229065987585
-0.0430981505485768 0.008756873767987913
-0.041265840560948064 0.008870093531765835
-0.03939684630934259 0.008982246273626118
-0.037488079456434065 0.009093239002062416
-0.035532871950819 0.009202877235726218
-0.033545949690887866 0.00931159047229318
-0.031522392656585296 0.009419235213748897
-0.02945585925110983 0.009525626500166843
-0.02736140790906738 0.009631200611407332
-0.02522845304342347 0.009735654639941548
-0.02306623184593448 0.00983925508242169
-0.020868506929909714 0.009941820018328265
-0.018638843836109587 0.010043453440737022
-0.01638561399276739 0.010144399511930937
-0.014096141690171038 0.010244288530332884
-0.011781745297243518 0.010343447692508376
-0.009434850642517034 0.010441661922309177
-0.007060353326052038 0.010539071088898028
-0.004661958394496679 0.01063578325419965
-0.0022410216524786364 0.0107318379618074
0.0002119087621750282 0.010826959537346309
0.0026902640488071228 0.010921339567403422
0.0051894971959285385 0.01101510775415699
0.007713910392270762 0.011108144452578989
0.010261279014716962 0.011200511629733647
0.012831581853761875 0.011292209904220436
0.015424298505228862 0.011383254454222502
0.01803894500318748 0.011473659395160108
0.020675059600693046 0.011563438194411095
0.023331667674764134 0.01165261636135548
0.026009909933133457 0.011741166459175834
0.02870781517301424 0.0118291430636426
0.031441336365498174 0.011916080888100714
0.03415731646421882 0.012003530318628539
0.03691370093445556 0.012089801309431386
0.03967606942299895 0.012175897769493472
0.042512700195878494 0.012259825368449424
0.04528937412236189 0.012345504594046094
0.04813610054764439 0.012429140658362838
0.05095188149878105 0.012513679282840195
0.05383532757245035 0.012596244376598023
0.05672583525405095 0.012678603510480833
0.05962025311579211 0.01276084859948585
0.06251688355993146 0.012843026239379253
0.06544852864613837 0.01292418555378822
0.06841908775306926 0.01300420989625831
0.0713594724706752 0.013085114309317889
0.07433484173551541 0.01316499835802889
0.07731004578646683 0.013244887225391943
0.0803173786841942 0.013323839018177666
0.08336211702189544 0.013401696921893832
0.08637637669012044 0.013480446687492594
0.08938430928258612 0.013559380989495166
0.09249315185264884 0.01363537213654232
0.0955737597094064 0.01371218678130848
0.09861740745625269 0.013790079409969187
0.10176370307056004 0.013864978196127996
0.10484204034941236 0.013941856148282328
0.1079866090766739 0.014016805301077722
0.11113424314212317 0.014091665049777644
0.11424253379709093 0.014167672294060015
0.11745205380194434 0.014240727068528762
0.12059303680501898 0.014315780803072784
0.12379821586054973 0.01438896218629528
0.12700551948974237 0.01446207868728165
0.1301736367915769 0.014536341018955975
0.13344161346206995 0.014607690837886529
0.1366402465915062 0.01468106314053337
0.13990228230336044 0.014752586234320141
0.14316620894608434 0.014824054176944582
0.1463891468772296 0.014896717602240529
0.1497111880700146 0.014966487650904749
0.1529642006419003 0.015038273914892784
0.15627938686217036 0.015108246813288113
0.15959578762983284 0.01517818428801903
0.16291007041808925 0.015248183536042736
0.1662210922909999 0.015318277892393525
0.16955962037171268 0.015387567082107397
0.17289327771973184 0.015457001248927649
0.176253237645696 0.01552566827096735
0.17964609938664822 0.015593375673927452
0.18300256503493273 0.01566214461057382
0.1863880359258161 0.01573006757613258
0.18976755020799096 0.015798164272999776
0.1931730197572037 0.015865501038191995
0.19661199818840913 0.015931863395115254
0.20001358571719408 0.015999316300489362
0.20344370336699136 0.01606593709224072
0.20690691734817968 0.016131592591618935
0.2103334362669962 0.01619831834447688
0.21374891020221476 0.016265366236918884
0.21725952346311317 0.01632963636545682
0.2207378029483653 0.016394852462171455
0.22417353605406376 0.016461309472726355
0.2276674147600808 0.01652607060031911
0.23119124599718965 0.016589958128071618
0.23467671147528435 0.016654964637082912
0.23818951910053165 0.016719173681088287
0.241694294730193 0.016783614070820543
0.24526470910944376 0.01684614294793316
0.24876341064726226 0.01691076341211823
0.25232266033364503 0.016973617920272726
0.2558806547809098 0.017036509038912226
0.2593944344333323 0.017100689732632932
0.2629650846865186 0.01716321173021228
0.2665641518794768 0.017224901998614775
0.27012503018303136 0.017287709006285984
0.27371190885668817 0.017349757683414197
0.2773300713948572 0.017410893930839583
0.28090981519567393 0.017473150704697765
1.5673016558725 -0.01987927509022116
2.870273319398626 -0.05771527038878269
2.8722204619929013 -0.05760539984936639
2.4966192573941157 -0.04648389686552322
2.26114291240507 -0.03944929573976228
2.0968360863120346 -0.0344904350630908
1.9746550419660664 -0.03076022101039987
1.8798612169410571 -0.027828786545016054
1.8040531700686628 -0.025451094022533344
1.742040642030739 -0.023475766507980198
1.6904167621727204 -0.021803432887426193
1.64684441580674 -0.020365931453542385
1.6096576184053024 -0.019114671861404243
1.5776332158758883 -0.01801397942239927
1.5498504165944151 -0.017036998195263022
1.5256011976072639 -0.01616307788045008
1.5043314941963484 -0.01537606146312398
1.4855995280817353 -0.014663058141049297
1.4690499569011184 -0.014013706864269617
1.4543923149387954 -0.013419535867842215
1.4413868371941838 -0.012873552131191842
1.4298342409638298 -0.012369952096100836
1.4195640764713815 -0.011903726483829858
1.4104374888628186 -0.011470883765975328
1.4023309690147752 -0.011067792491493816
1.3951400000007972 -0.010691404304639574
1.3887731563212977 -0.010339023509965958
1.3831540629769918 -0.010008480875520807
1.3782128395925 -0.00969770909405645
1.3738884433119285 -0.009404898614692797
1.370129148542338 -0.00912859913361693
1.366886988326847 -0.00886738247350459
1.36412002204721 -0.008620025388237066
1.361790441889191 -0.008385396003509269
1.359865528202647 -0.008162598345576094
1.3583147083840768 -0.0079507115633318
1.3571106477924033 -0.007748909244549435
1.3562292227915407 -0.0075565461280693354
1.355647952057657 -0.007372937354215139
1.3553466276390989 -0.007197493534955338
1.3553068592703958 -0.007029649131011697
1.3555118567465705 -0.00686897276913335
1.3559462193540313 -0.006714986103743207
1.3565959866361776 -0.006567252796007016
1.3574479842931222 -0.006425446934683245
1.3584903938721844 -0.006289194654932903
1.3597122309354024 -0.006158175583054567
1.3611036080543393 -0.006032072174740964
1.3626546515370155 -0.005910654784756391
1.3643568940142643 -0.005793647286446875
1.3662026004402605 -0.00568079491220648
1.3681836239833096 -0.005571918382655772
1.3702932956957188 -0.005466794024160639
1.3725251113203942 -0.00536523213262094
1.3748734224590855 -0.005267038799894755
1.3773317363601887 -0.005172082989741105
1.3798951502373953 -0.00508019254064335
1.3825591719865127 -0.004991207269098933
1.3853182122947185 -0.0049050224886924695
1.3881683586352889 -0.004821494919961342
1.391105505356018 -0.004740504816861227
1.3941263269639563 -0.004661926021441311
1.3972261310883738 -0.004585680007628576
1.4004020144003313 -0.004511652930368481
1.4036513217708393 -0.0044397381836419085
1.406969866857919 -0.0043698720002835366
1.4103553316372093 -0.004301957606316347
1.413804992710853 -0.00423591557072589
1.417316892716304 -0.004171659638649763
1.4208873617018405 -0.0041091411040352546
1.424514695815473 -0.0040482811059453375
1.4281973503178165 -0.003989005424144326
1.4319319539787685 -0.003931274065137355
1.435717168872774 -0.0038750188406505405
1.4395511154505662 -0.0038201849314789807
1.4434326893625204 -0.003766710961858211
1.4473588308476124 -0.0037145660226452553
1.4513285951349708 -0.0036636933923726925
1.4553411444279014 -0.003614039469596989
1.4593936027297882 -0.0035655787048746693
1.463485264717761 -0.0035182613605128942
1.4676147904899182 -0.003472048356739813
1.4717816326605142 -0.0034268945622795135
1.4759831101362213 -0.0033827801122658626
1.4802187799316648 -0.0033396629203793493
1.484488273854506 -0.0032975030817249673
1.4887890276164555 -0.003256284138189211
1.4931207609548078 -0.003215968749445331
1.4974824925207368 -0.003176528293331894
1.5018740527493346 -0.0031379286581504043
1.5062930029325194 -0.0031001570484774314
1.5107392440357543 -0.003063181409713452
1.5152127310570904 -0.0030269712631807704
1.5197111014900582 -0.002991516035963584
1.5242343704631285 -0.002956787003156726
1.52878180260792 -0.0029227627169001644
1.5333534930321822 -0.0028894167849758804
1.5379471620430039 -0.002856741049820151
1.5425629537071792 -0.002824710547161674
1.5472010522225155 -0.002793301483196207
1.5518592286408666 -0.002762507180388899
1.5565377093351316 -0.0027323050750203636
1.5612359323446388 -0.0027026787768645055
1.5659541833478432 -0.0026736074519162394
1.5706902890082368 -0.0026450860446179244
1.5754445697870505 -0.0026170947354439097
1.5802173766665586 -0.002589614595049606
1.5850065706423422 -0.002562641569212065
1.5898125329287751 -0.0025361576103405063
1.5946348267098394 -0.0025101499781960157
1.5994738781741429 -0.0024846019369127244
1.6043275861773036 -0.0024595105364991006
1.6091964021193235 -0.002434859776408342
1.6140808010927277 -0.002410634347113605
1.6189787054516334 -0.002386831983983649
1.6238906123724046 -0.002363438021591929
1.628816177213647 -0.002340442408077809
1.633755931932253 -0.002317831492428613
1.6387078249043494 -0.0022956037689748467
1.6436724066823984 -0.002273746129064991
1.6486502465416226 -0.0022522460101179567
1.653639309062056 -0.0022311023790700713
1.6586401799188586 -0.0022103031516630825
1.663652583588128 -0.002189840291927338
1.6686771331092274 -0.0021697025137130486
1.6737118110440576 -0.0021498893084180883
1.6787572443595096 -0.0021303897961049262
1.6838140750512487 -0.002111193535167748
1.6888802968903818 -0.002092300343933509
1.6939565642295307 -0.002073700141201104
1.699042654201289 -0.002055386426787595
1.7041392430179574 -0.002037349757054222
1.7092443368870676 -0.0020195903130507263
1.7143586225942382 -0.002002098959521401
1.7194827991566104 -0.001984866917956726
1.7246148805224895 -0.0019678945951750195
1.72975557514002 -0.001951173487732729
1.7349047008290608 -0.0019346982821377573
1.7400629837385395 -0.0019184609912100733
1.745228446378995 -0.0019024622714954662
1.7504018230231964 -0.0018866943727551236
1.755583858021792 -0.001871149838683115
1.7607725791893696 -0.0018558294805238228
1.765968738157115 -0.0018407260543166564
1.7711721845853603 -0.0018258351752330221
1.7763836846134158 -0.0018111500224584922
1.7816012718829004 -0.0017966715771891937
1.7868257188420866 -0.0017823932026188316
1.792057806334265 -0.0017683085067910901
1.7972955715770258 -0.0017544185751996596
1.8025398010916884 -0.0017407171814943943
1.8077903697430848 -0.0017272006759651735
1.8130480760743595 -0.0017138631828921623
1.8183109611829202 -0.0017007059009282875
1.8235798285585467 -0.0016877230986281418
1.8288554887533532 -0.0016749092505274918
1.8341359852063501 -0.001662265623574524
1.8394221329385054 -0.0016497868226443624
1.8447138269748695 -0.0016374697860224124
1.8500118923967435 -0.0016253094120046276
1.855314375128156 -0.0016133070400179163
1.8606221041623279 -0.001601457682453873
1.865935914486684 -0.0015897565265319325
1.8712538534806331 -0.0015782049541268168
1.8765767596777394 -0.0015667982558850522
1.8819045443821523 -0.0015555338448908383
1.8872380546219372 -0.0015444072595425303
1.8925753392584976 -0.0015334199249390265
1.897917248437487 -0.0015225674704067097
1.903264637433244 -0.001511845674856058
1.9086155559245395 -0.0015012559872253524
1.9139708620204559 -0.0014907942691036638
1.9193304802849696 -0.001480458320313013
1.9246952760582055 -0.0014702442133439646
1.9300632997784994 -0.0014601534192884807
1.9354354192878205 -0.0014501820836061844
1.9408125068484683 -0.001440326480680986
1.9461926132567147 -0.0014305880920443693
1.9515766130560088 -0.0014209632586122498
1.9569644416973944 -0.001411450097740704
1.9623569799257918 -0.0014020451312187435
1.9677522787773292 -0.0013927498475735066
1.973151221017197 -0.0013835608275175992
1.9785546932459077 -0.0013744747636251907
1.9839607465276021 -0.0013654931452403852
1.9893702693094095 -0.001356612718796168
1.9947832060473658 -0.0013478318642892193
2.000200450543506 -0.0013391474843342614
2.0056200537296256 -0.0013305610644155882
2.011042911048335 -0.001322069554997125
2.0164699212903514 -0.0013136700041944266
2.02189913518011 -0.0013053638914436656
2.027331453011225 -0.0012971483086940516
2.032766826738916 -0.0012890218546645308
2.0382061613097697 -0.0012809817570135866
2.043647507051679 -0.0012730294836117617
2.0490917702501825 -0.0012651623011695982
2.0545398601300615 -0.0012573775621240637
2.0599898266458503 -0.0012496767234560946
2.0654425802513536 -0.0012420571734486489
2.0708980791866036 -0.001234517694124433
2.0763572379719104 -0.001227055792370402
2.0818181059804743 -0.001219672908212458
2.0872815988303 -0.00121236658055327
2.092748634733079 -0.0012051344239431157
2.0982172625737707 -0.001197977864167868
2.1036884015734323 -0.0011908945452171694
2.109162015270295 -0.001183883403641819
2.114639026458395 -0.0011769421876415696
2.120117483315191 -0.0011700723023670928
2.125598309538235 -0.001163271522370272
2.1310824311247867 -0.0011565376892763606
2.1365678956869516 -0.0011498721917470372
2.142055630054095 -0.0011432728956769882
2.1475456022555353 -0.0011367388686046385
2.15303874227558 -0.0011302680684422816
2.1585330969359795 -0.0011238618607997996
2.1640295969673478 -0.0011175182253563086
2.1695291751483836 -0.001111235201525635
2.1750298776863097 -0.0011050141369943352
2.180532638048085 -0.0010988530912501397
2.186037428089577 -0.0010927512434371186
2.1915451840764035 -0.0010867067346692263
2.1970539513746115 -0.001080720888099005
2.202564666868154 -0.0010747918628748326
2.2080782692725016 -0.0010689178715632354
2.2135928033106325 -0.0010631002185610928
2.2191092082689323 -0.0010573371330863
2.224627459279363 -0.0010516278898341355
2.230148498121576 -0.001045970790741463
2.2356703686502044 -0.001040367114878859
2.2411940131585446 -0.001034815179164356
2.2467203755840224 -0.0010293133484687504
2.252247499124884 -0.0010238628827183586
2.2577763281932786 -0.0010184621606298897
2.263306840738741 -0.0010131105390762472
2.2688399834035025 -0.001007806461817169
2.2743737985076997 -0.0010025511631677154
2.279909233121181 -0.0009973430993596014
2.28544723579499 -0.000992180769825078
2.290985848190708 -0.0009870653896718073
2.2965260192549035 -0.000981995469868113
2.3020677293706857 -0.0009769704382648783
2.307611929486775 -0.0009719888642254269
2.3131566603895735 -0.0009670519373318361
2.318702873384419 -0.0009621582373485427
2.32425152111551 -0.0009573063830894899
2.3298006437166485 -0.0009524975451028192
2.3353511941620884 -0.000947730351828963
2.340903154945325 -0.0009430042926705974
2.346457480844421 -0.0009383180486782448
2.352012211130125 -0.0009336727652281294
2.3575683008782864 -0.00092906713205608
2.36312670637877 -0.0009244998743058947
2.368685466261482 -0.0009199721186631428
2.3742455370920137 -0.0009154825983134335
2.3798069032009437 -0.0009110308562402729
2.38537052278431 -0.0009066156731832661
2.390934433627635 -0.0009022381512003829
2.396499594175829 -0.0008978970782897967
2.4020669639778305 -0.0008935912746502103
2.4076345801942 -0.000889321824111728
2.4132034026043545 -0.0008850875535951655
2.418773417143832 -0.0008808880528942327
2.4243455850703626 -0.0008767221920463934
2.4299179427233106 -0.0008725910309307917
2.435491451568465 -0.0008684934456530596
2.4410670740784237 -0.000864428341683538
2.446642845986247 -0.0008603967612179081
2.4522197299572106 -0.0008563976153461058
2.457797713333779 -0.0008524305348967022
2.463377760125489 -0.0008484944701666345
2.468957905270445 -0.0008445904401657069
2.474539112952085 -0.0008407174002628672
2.480122348274378 -0.0008368743326754879
2.4857056455896114 -0.000833062239327355
2.491289970162759 -0.0008292801071316705
2.496875310573639 -0.0008255276030057247
2.5024626333129447 -0.0008218037496122879
2.508049971966143 -0.0008181095265098432
2.513638293169162 -0.0008144439605971694
2.5192285644016597 -0.0008108061033812649
2.5248188186848513 -0.0008071969179636125
2.530410023632788 -0.000803615459770934
2.536002168916843 -0.000800061427557131
2.541596223271595 -0.0007965339094303317
2.547190218980619 -0.0007930338469779591
2.5527851248996143 -0.0007895603318407714
2.5583819106593992 -0.0007861124782669693
2.5639786080014026 -0.0007826912120315293
2.569576186668426 -0.0007792956506487318
2.5751746372976214 -0.0007759255210403845
2.580774930658661 -0.0007725799706704797
2.586375097784936 -0.0007692599046633605
2.5919761095468985 -0.0007659644734225038
2.5975789375286755 -0.0007626928481664596
2.6031816122437323 -0.0007594459188553118
2.608785105369261 -0.0007562228594219924
2.614389408399287 -0.00075302342177999
2.6199954939542156 -0.0007498468073721454
2.625601391869031 -0.0007466938863699114
2.631208074847745 -0.0007435638626544596
2.6368165162528214 -0.0007404559593117408
2.642424745421371 -0.0007373710319919613
2.6480337357929287 -0.0007343083060289083
2.653643479623799 -0.0007312675555688137
2.659254951221806 -0.0007282480312698949
2.664866179274732 -0.0007252505698442077
2.670478138159451 -0.000722274423964003
2.676091802861567 -0.0007193188640557624
2.6817052015926333 -0.0007163847129417486
2.6873193094017758 -0.0007134712429010458
2.692934119225148 -0.0007105782479086651
2.698550606912846 -0.0007077050236048896
2.7041668000556207 -0.000704852374705616
2.709783674560285 -0.0007020195985054243
2.7154022068974566 -0.0006992060087430263
2.721020424202761 -0.0006964123968599146
2.726639302998837 -0.0006936380781120778
2.732258836829672 -0.0006908828642023978
2.7378800029582475 -0.0006881460919797872
2.7435008279270914 -0.000685428535587393
2.749122289045431 -0.0006827295332229809
2.754745364145643 -0.0006800484383423913
2.760368079335562 -0.0006773860124104421
2.765991412489818 -0.0006747416101154183
2.7716153576970814 -0.0006721150590467199
2.7772408935175807 -0.0006695057338887376
2.7828660454928205 -0.0006669143795888187
2.7884917922203734 -0.0006643403719206191
2.794119112784051 -0.0006617831008395197
2.7997460323103756 -0.0006592432991893265
2.805373529917107 -0.0006567203579156616
2.811001600182127 -0.0006542141188761786
2.8166312228592325 -0.0006517239915672224
2.822260422534388 -0.0006492506930665582
2.8278901789911632 -0.0006467936337389554
2.8335214724658098 -0.0006443522371519758
2.839152327148234 -0.0006419272088320367
2.8447837233015782 -0.0006395179731308705
2.850415655944028 -0.0006371243847484036
2.856049105929795 -0.0006347458852756874
2.8616820969329417 -0.000632383165193894
2.8673156098310066 -0.0006300356667745131
2.872950625923611 -0.0006277028445996062
2.878585168506902 -0.0006253853781279576
2.884220218901369 -0.0006230827225503442
2.889855772522335 -0.0006207947441493482
2.89549281124048 -0.0006185209141625747
2.901129357859748 -0.0006162618976932214
2.906766394268665 -0.0006140171664992808
2.912404902749893 -0.0006117862038345254
2.9180429057467965 -0.0006095696642852596
2.923681385557792 -0.0006073670315645514
2.929320337957085 -0.0006051781824221853
2.934960745756019 -0.0006030026155314493
2.9406006309283317 -0.000600840971781498
2.94624097629854 -0.0005986927502297485
2.9518827650597466 -0.0005965574606837727
2.957524018841635 -0.000594435733998081
2.963165720848698 -0.0005923270803123598
2.968807867180068 -0.0005902313858535336
2.974451441519152 -0.0005881481747293405
2.9800944650475287 -0.0005860780647248048
2.9857379214577904 -0.000584020580215795
2.9913827947876825 -0.0005819752556447974
2.997027105890483 -0.0005799426992215706
3.002671838811608 -0.0005779224456124716
3.0083169899449427 -0.0005759143896408676
3.0139635437836922 -0.0005739180790335163
3.0196095207535194 -0.0005719341095282056
3.025255905353447 -0.0005699620290211319
3.0309036824061177 -0.0005680013948473865
3.0365508720238807 -0.0005660527936065795
3.0421984590339015 -0.0005641157827656189
3.047846440097878 -0.0005621902649592164
3.053495800462249 -0.0005602758098827562
3.059144559831225 -0.0005583729922321603
3.0647937034541783 -0.0005564813817884069
3.070444216884301 -0.0005546005571939262
3.076094119526738 -0.0005527310844219569
3.0817443969365286 -0.0005508725421685532
3.087395046019143 -0.0005490248401783846
3.0930470527226994 -0.000547187568612168
3.0986984360627225 -0.0005453612820794703
3.104350181987826 -0.0005435455707554477
3.110003276732199 -0.0005417400331445809
3.1156557390258364 -0.0005399452155284926
3.1213085551024946 -0.0005381607163990402
3.1269617220899004 -0.0005363864519830542
3.132616226590809 -0.0005346220315345116
3.1382700869631783 -0.0005328679904842446
3.1439242898081847 -0.0005311239380404293
3.1495798219957614 -0.0005293894912494683
3.1552347016111835 -0.0005276651775890693
3.16088991552202 -0.0005259506140369448
3.166545461058943 -0.0005242457227390816
3.172202325436327 -0.0005225501307881259
3.177858526384112 -0.0005208643552978822
3.18351505111335 -0.0005191880232643026
3.18917288708829 -0.0005175207690676662
3.194830051778375 -0.0005158631022244109
3.2004875326438764 -0.000514214656998845
3.206145327201062 -0.0005125753609502336
3.2118044232365293 -0.0005109448578606502
3.2174628378802304 -0.0005093236473447108
3.2231215589139737 -0.0005077113730449362
3.2287815743583472 -0.0005061076855680635
3.2344409010943913 -0.0005045130772689351
3.240100527137354 -0.0005029271985985544
3.245760450173499 -0.000501349982074137
3.2514216585254836 -0.0004997810871126085
3.257082168749882 -0.000498220996605453
3.2627429691633356 -0.0004966693697941361
3.268405048307912 -0.0004951258724948984
3.2740664225022584 -0.0004935909806597565
3.2797280802819575 -0.0004920643599159723
3.2853900194891885 -0.0004905459473281581
3.291053228949437 -0.0004890354169787901
3.2967157246711487 -0.0004875332357725264
3.302378495472766 -0.0004860390775864451
3.3080425303857623 -0.000484552622510919
3.313705845191075 -0.00048307433081505076
3.319369428912749 -0.000481603882372593
3.3250332795361643 -0.00048014121842474103
3.3306983863590354 -0.0004786860268271551
3.3363627648656298 -0.00047723875919626244
3.3420274043457727 -0.0004757991031575263
3.3476932942908046 -0.00047436675221377813
3.3533584499673665 -0.0004729421516341977
3.3590238608585885 -0.0004715249946821623
3.364689525081543 -0.00047011522643999843
3.370356432377971 -0.00046871254771376327
3.376022597730687 -0.00046731739549447026
3.38168901087284 -0.00046592947033758617
3.387356661728372 -0.00046454847836335225
3.393023565071852 -0.000463174850489109
3.398690710818377 -0.00046180829257697466
3.4043580972062983 -0.00046044875324646495
3.410026714395322 -0.00045909594549424547
3.415694576888379 -0.0004577502923148219
3.42136267483602 -0.00045641150643772443
3.4270319985696034 -0.000455079305865955
3.4327005623927143 -0.0004537541077800139
3.438369356627348 -0.00045243562990970214
3.4440383796236738 -0.0004511238241359318
3.449708621935285 -0.0004498184149433416
3.4553780976056814 -0.0004485198119268187
3.4610477971788445 -0.00044722773929057794
3.466718711370241 -0.0004459419262406773
3.4723888540324808 -0.00044466277680440207
3.478059215871257 -0.00044339001990258365
3.483729795339972 -0.0004421236104268862
3.489401583363783 -0.00044086328369925115
3.495072593546201 -0.0004396094364814816
3.5007438168024088 -0.00043836180380466894
3.5064162442103957 -0.00043712012544805325
3.512087889190795 -0.00043588479283976654
3.517759742811492 -0.00043465554546449117
3.5234318036212944 -0.00043343234099652754
3.529105062896246 -0.0004322149249917566
3.5347775338182963 -0.00043100368191677436
3.5404502076532474 -0.00042979835702864776
3.5461240758215595 -0.00042859870009538567
3.551797151329925 -0.00042740509047206225
3.5574704255884697 -0.0004262172776251125
3.56314389723428 -0.00042503522180358433
3.568818557875076 -0.00042385867823707793
3.574492420288765 -0.0004226880196077778
3.580166476072616 -0.0004215230008405869
3.585841716970963 -0.0004203633811494079
3.5915161555936823 -0.00041920952831589226
3.5971907836745967 -0.0004180612012472828
3.60286559993256 -0.0004169183625776727
3.6085415962891165 -0.0004157807766895743
3.614216785134758 -0.00041464880496595375
3.6198921583804413 -0.00041352221148051305
3.625568708077049 -0.0004124007643880867
3.6312444464539233 -0.0004112848203715606
3.6369203655513136 -0.00041017414727569725
3.642596464163912 -0.00040906870994629924
3.648273734510461 -0.00040796828143398314
3.6539501886098513 -0.00040687321228352656
3.6596268186701444 -0.0004057832752342334
3.6653046170326533 -0.0004046982469115457
3.670981595561651 -0.00040361847335068234
3.676658746587748 -0.0004025437308650956
3.6823360689760314 -0.0004014739863536861
3.688014555226946 -0.00040040902108342776
3.6936922170028073 -0.00039934917519908746
3.699370046793348 -0.0003982942296551247
3.705049037215268 -0.00039724396910912545
3.710727199782479 -0.00039619872937743616
3.716405527100955 -0.00039515829480498164
3.722084018101196 -0.00039412263419847445
3.727763665550908 -0.00039309153661973414
3.733442480770112 -0.00039206533223017895
3.739121456515793 -0.00039104380977905614
3.7448015856660124 -0.00039002676154682297
3.750480879398294 -0.0003890145135387158
3.7561603305799878 -0.00038800685772289817
3.761839938202437 -0.00038700376468066007
3.7675206952871036 -0.0003860050308750141
3.7732006128253026 -0.0003850109768802713
3.778880683827815 -0.0003840213988477757
3.784561901420947 -0.0003830360962984042
3.790242276459132 -0.00038205538581417706
3.795922802058014 -0.00038107906660495255
3.8016034772655836 -0.0003801071109042602
3.8072852953444407 -0.00037913932220819834
3.8129662669701254 -0.0003781760118810156
3.8186473853946143 -0.0003772169831088905
3.824329643980194 -0.0003762620422953688
3.8300110532708675 -0.0003753114969683609
3.835692606618334 -0.0003743651532224558
3.8413743031233683 -0.0003734229848309308
3.847057136277906 -0.00037248480197846933
3.8527391164540052 -0.0003715509071780965
3.8584212371330544 -0.0003706211103070075
3.8641044919018377 -0.00036969522431643106
3.8697868910059743 -0.0003687735480315341
3.875469428021745 -0.0003678558940972878
3.881152102099179 -0.0003669422377232251
3.886835906948461 -0.0003660323954598264
3.8925188526498964 -0.0003651266613105686
3.8982019329032322 -0.00036422485152146647
3.903886141508984 -0.0003633267852774197
3.9095694884258556 -0.0003624327530354745
3.915252967443976 -0.0003615425736775369
3.920936577759342 -0.00036065622375404345
3.926621313290026 -0.000359773525878538
3.932305183835723 -0.0003588947658703959
3.937989183304186 -0.00035801976604221827
3.943674305699558 -0.00035714835151798985
3.9493585607045603 -0.0003562808047053896
3.955042942313078 -0.0003554169504291057
3.960727449764068 -0.0003545567664925536
3.9664130771737387 -0.0003537000812881569
3.972097834071814 -0.0003528471727612971
3.977782714564322 -0.0003519978690073845
3.983468712849545 -0.00035115200081283344
3.989153838344638 -0.0003503098428397279
3.9948390852377678 -0.0003494712255792609
4.000524452808074 -0.0003486361280066498
4.01189654216566 -0.000346976264004825