0.005714285999999902 0.0
-0.0686195433327157 0.001127295314873475
-0.11951190915788779 0.0019244711038535346
-0.16001825168477168 0.002575383274744099
-0.19433279099718703 0.0031390981440277796
-0.22442240995757068 0.003643314494318071
-0.2513917165081878 0.004103588493676233
-0.2759369208566831 0.004529724535980155
-0.29852921892698525 0.004928358201537308
-0.31950122175372186 0.005304173840687747
-0.3391042178646888 0.005660709998218733
-0.3575300193926605 0.006000668192698472
-0.37492703159996843 0.006326138092503372
-0.39141738170190443 0.006638839862891452
-0.4071014048128827 0.006940186213716534
-0.42205508473442066 0.007231247485375201
-0.4363676780841974 0.007513280513160439
-0.4500570910010975 0.007786536760109504
-0.4632249480604109 0.008052448925949045
-0.4758638362326586 0.008310911770083421
-0.4880641276466129 0.008563197978065406
-0.49981773560116594 0.008809193667132603
-0.51118197565002 0.009049705996285561
-0.5221466288709298 0.009284591055284739
-0.5327774492187896 0.009514773430515358
-0.5430855343856749 0.009740412224232506
-0.5530580531662856 0.009961325329868749
-0.5627637558786134 0.01017848093902961
-0.5721766498839109 0.010391513004613398
-0.5813278881352897 0.010600860244993703
-0.590229726295302 0.010806695253257287
-0.5989066361767037 0.011009361250864293
-0.6073299860209787 0.01120845784126776
-0.6155644243227023 0.011404894042962741
-0.6235773496820265 0.011598210739503224
-0.6313942669998731 0.011788767109314756
-0.6390224243392115 0.011976665224852067
-0.6464692889508914 0.012162010245331938
-0.6537436770533933 0.012344924918834788
-0.6608481812652407 0.012525448573030512
-0.6678027981492818 0.012703861405679525
-0.6745882412786717 0.012879891811397105
-0.6812149481478471 0.013053686778514175
-0.6877226584214782 0.013225805949674827
-0.6940753628198237 0.013395742216208312
-0.7003071559959846 0.013563974315358796
-0.7063816516986474 0.013729992646214075
-0.7123571796608488 0.013894617241908092
-0.7181845970569949 0.01405715603769693
-0.723919945115151 0.01421839824660776
-0.7295250988808988 0.014377806965511802
-0.7350418590300869 0.014535970861700326
-0.7403268502675022 0.014690869412498133
-0.7457425485073781 0.01484761008192792
-0.7509016272207667 0.015000736849944291
-0.7559744590927995 0.015152649027683238
-0.7608457078231545 0.015301722366107759
-0.7658729169856162 0.015452992051917672
-0.7706513390037717 0.015600758137573816
-0.7753544867835718 0.015747462748796393
-0.7799713154924071 0.01589295316082417
-0.7845049247194424 0.016037271616037102
-0.7888479067683569 0.016178905521723023
-0.7933589928699121 0.016322906790024565
-0.7976334661472695 0.016463575905736202
-0.8018428170078895 0.016603327920566614
-0.8059815853230532 0.016742084532769482
-0.8100453598792008 0.016879786436995683
-0.8140380519153236 0.01701648730586379
-0.8179606248849467 0.01715220070742184
-0.8218143960480191 0.017286945192275284
-0.82560073217482 0.017420740008269833
1.4138283503684512 -0.014036043971866256
4.427058720154658 -0.056390057657540606
3.1315127369071014 -0.03806477103099882
2.533468766784111 -0.029562211246774557
2.173520499838663 -0.024412687024649663
1.9289099473909097 -0.0208874317548866
1.7504512027063655 -0.018293773993885768
1.6140150314924924 -0.016291908446594113
1.5061866741347139 -0.0146929201929151
1.4188313224829727 -0.013382246175804568
1.3467012377922707 -0.012285985358434667
1.2862380980326584 -0.011354026881396521
1.2349352352022507 -0.010551070036443266
1.1909704882077392 -0.009851453835727617
1.1529842753702475 -0.009236031668630275
1.1199401107175682 -0.008690208399772945
1.0910307967385116 -0.008202613674581265
1.065620114888386 -0.007764289212525162
1.0431976832829513 -0.0073680474474903425
1.0233492790311693 -0.007008054993717542
1.0057349345757594 -0.006679524182658621
0.9900728153126579 -0.006378486015976198
0.9761273912264059 -0.006101624998246938
0.963699341079181 -0.005846131327374812
0.9526199779311888 -0.005609630840378864
0.9427447762567418 -0.005390088224480225
0.9339493286005727 -0.005185751484089964
0.9261259296595554 -0.004995103835382184
0.9191808390753238 -0.004816825158963658
0.9130321707106432 -0.004649763683412289
0.9076076751400564 -0.00449289912362105
0.9028439060779974 -0.004345339391469892
0.8986845577465701 -0.0042062915483500425
0.8950795656352142 -0.004075050549684649
0.891984259370556 -0.003950987315030321
0.8893586508165257 -0.0038335387025895075
0.8871668674845097 -0.0037222009383550874
0.8853764963289095 -0.003616514741877103
0.8839583778090159 -0.0035160708757265573
0.8828860728430641 -0.003420497005669031
0.8821355843598973 -0.00332945518762602
0.8816850806377801 -0.003242637971532856
0.8815146556090774 -0.0031597650257757957
0.8816061166734954 -0.0030805815572974094
0.8819428139337049 -0.0030048502736802225
0.8825094710868377 -0.0029323574512723737
0.883292047985492 -0.0028629053665830905
0.8842776183846119 -0.002796311982898688
0.8854542614699064 -0.002732409422707331
0.8868109406063063 -0.0026710436684192693
0.8883375163122231 -0.00261206911199117
0.8900245277971415 -0.0025553539280139216
0.8918632174792016 -0.002500774785898076
0.8938454484679355 -0.002448217096078489
0.8959636505599313 -0.0023975742494861236
0.8982107717891843 -0.0023487469352451514
0.900580192375223 -0.0023016433371007387
0.9030658535145086 -0.0022561753140634922
0.905661973034853 -0.002212262845682923
0.9083631772563727 -0.002169830255919938
0.911164431612896 -0.002128806644379513
0.9140610143827317 -0.002089125516368447
0.9170484928263676 -0.00205072444684906
0.9201226469428825 -0.002013545414994355
0.9232796664102523 -0.001977531944554819
0.9265158096432877 -0.0019426327520990071
0.9298276010612483 -0.001908798891990173
0.93321176294738 -0.0018759842050549108
0.9366652016247237 -0.0018441451239010727
0.9401849947746577 -0.0018132404943284586
0.9437683165393054 -0.0017832319288386543
0.9474126787657688 -0.001754081570922209
0.9511155448223221 -0.0017257551061721828
0.9548745702881156 -0.001698219518761873
0.9586875324064188 -0.0016714435062265263
0.9625523223382295 -0.0016453973703729884
0.9664669379994706 -0.001620052916408157
0.9704294076782176 -0.0015953837855335747
0.9744380621119468 -0.0015713636534450005
0.9784911126778404 -0.0015479687397370275
0.9825869226810084 -0.001525175995290718
0.9867239335107918 -0.0015029634706258078
0.9909006600716239 -0.0014813102515543921
0.9951156865302124 -0.0014601963992900144
0.9993675876287789 -0.0014396032505960606
1.003655223278738 -0.001419511933377744
1.0079772886242644 -0.0013999054799855124
1.0123326078419979 -0.0013807673316261163
1.016720057043628 -0.0013620816608930118
1.0211385614631574 -0.0013438333321556767
1.025587092824452 -0.001326007864487317
1.0300645882697737 -0.0013085916982302338
1.034570261988872 -0.0012915709504927792
1.0391031328828646 -0.001274933213004546
1.0436623354710406 -0.0012586662974413845
1.048247039874525 -0.0012427585168500062
1.052856450021114 -0.0012271986603669019
1.0574898019571677 -0.001211975969445457
1.0621462805707402 -0.0011970803733630467
1.0668253444624156 -0.0011825014311979934
1.0715262355805066 -0.0011682298757912902
1.0762483034600905 -0.00115425654682647
1.0809909226820373 -0.001140572636699799
1.085753241143486 -0.0011271703703003414
1.0905357670802722 -0.0011140385974335225
1.0953362697111295 -0.0011011740680709982
1.1001550478651438 -0.0010885669078178031
1.1049915849635639 -0.0010762098418390397
1.109846234227323 -0.0010640937617250677
1.114716816970823 -0.0010522161510962708
1.1196037186733747 -0.0010405683558287336
1.1245073527055283 -0.0010291421145830536
1.1294255726691453 -0.0010179353656749775
1.1343588200017933 -0.0010069402430251434
1.1393066939043024 -0.0009961511022903216
1.1442696770177108 -0.0009855606576481377
1.149245658685576 -0.0009751673507547025
1.1542351449797756 -0.000964964225757716
1.1592386635725767 -0.0009549446309969742
1.1642541260790367 -0.0009451073217719702
1.1692820807077524 -0.0009354459356300512
1.174322212015074 -0.0009259560302659994
1.1793751000056076 -0.0009166316910015646
1.184438681057145 -0.0009074720218628707
1.1895135524763418 -0.00089847135183152
1.194600328585178 -0.0008896242495111848
1.1996969612478168 -0.0008809300370183941
1.2048040800492785 -0.0008723834979019245
1.209921433545464 -0.0008639810911445314
1.2150496762638525 -0.0008557179515526972
1.2201867773328487 -0.0008475936443704721
1.2253334042440258 -0.0008396034869740206
1.2304902380957863 -0.0008317429883609308
1.235655258832935 -0.0008240118660994472
1.2408291590560445 -0.0008164057911689898
1.2460117360372323 -0.0008089219086090647
1.251203702231816 -0.0008015561690080175
1.2564030496518868 -0.0007943084598742595
1.2616105005933527 -0.0007871748703783313
1.2668267883801327 -0.0007801516449951394
1.272049912582876 -0.0007732387776783252
1.2772806153012581 -0.0007664326364892613
1.282518731395502 -0.0007597308958105089
1.2877650189790373 -0.0007531301492206379
1.293017486043052 -0.0007466305092574585
1.2982768982577007 -0.0007402286759188623
1.3035440303389727 -0.0007339214765927773
1.3088168955380795 -0.0007277090978924038
1.3140962753410683 -0.0007215884625464842
1.319382033966928 -0.0007155576583887532
1.324674965971294 -0.0007096137922034528
1.3299730904404576 -0.0007037571327774376
1.3352772077936415 -0.000697984869470206
1.340588125950557 -0.0006922942972684728
1.345903867620578 -0.0006866857359819549
1.3512252459983252 -0.0006811565548825434
1.3565521484897616 -0.0006757051683396724
1.3618853990711521 -0.0006703290974601146
1.3672230244384629 -0.0006650287181956415
1.3725658531605518 -0.0006598016163292117
1.377914720086359 -0.0006546454660843998
1.383267654360484 -0.0006495606778964748
1.3886254949788075 -0.0006445449843892301
1.3939881478461764 -0.000639597060446732
1.3993564609397247 -0.0006347147651732881
1.4047284660604795 -0.0006298985464139341
1.4101050148131833 -0.0006251463143595561
1.4154869641075614 -0.0006204560539095343
1.420872347345984 -0.0006158282354602098
1.4262620247248137 -0.0006112608901958038
1.4316559170449743 -0.0006067529027778025
1.437054892051087 -0.0006023024106904995
1.4424569848403905 -0.000597909908198524
1.447863066044853 -0.000593573573447823
1.4532740108139528 -0.0005892916482033139
0.6236565803679017 0.011174448541330272
-0.504930315029311 0.027148492548129895
0.0006464530803746982 0.0201090642204738
0.24156118692570416 0.01679681178897311
0.39123406932625215 0.014769478889944775
0.4965137462640996 0.01336732315558384
0.5759690263237367 0.012328859302186378
0.6391014197794433 0.011520252037938387
0.6907377411634634 0.010873540759070996
0.7345396810859413 0.01033715889521211
0.7722470573645666 0.009886619158683087
0.8050399906173205 0.00950527407362503
0.8344171011487269 0.009172033069848845
0.8607895952821423 0.00888111932580048
0.884488327607496 0.008627845342872805
0.9064378939091995 0.00839920437852979
0.9265376764057862 0.008196613405001333
0.9453220243907587 0.008012561412536808
0.9627238463827332 0.007847965066363566
0.9790726100979903 0.007698198646995701
0.9944973393574905 0.00756145923057207
1.009205665799275 0.007434794633042795
1.0230504081481548 0.007320291650090055
1.0363778531086645 0.007213073622372702
1.0488924624772977 0.007117316614929342
1.0611547515320439 0.007025098881562235
1.0729111612280526 0.006940005306495188
1.0840194707504835 0.006864052828626881
1.095012885364877 0.006789704301068917
1.1056190909515458 0.006720808730547153
1.1156764983775638 0.006659641731874958
1.1257201596072761 0.00659868239978362
1.1353430753201472 0.006543634227054847
1.144846453595978 0.006490269466802806
1.153993600835033 0.006441935491878754
1.1629472738424163 0.006396312078023052
1.1717154380944272 0.0063533011323704605
1.180416290654346 0.006311238118555017
1.1888161953709115 0.00627342735223146
1.1970745753087435 0.006237595557280145
1.205303416704993 0.006202179745393883
1.2132637443212495 0.006170559421106639
1.2211117527328952 0.0061405067742147865
1.2289566493882198 0.006110497949321621
1.2365532179424754 0.00608398626000402
1.244068359852907 0.006058635362184551
1.2515952103309331 0.00603310549314252
1.258892904529386 0.006010802768246465
1.2661264684793245 0.005989417254524422
1.2732793471290442 0.005969153926721051
1.2804664496461697 0.005948408633712345
1.287441462659622 0.00593065013819162
1.2944774906165044 0.005912046468915624
1.3012002142372054 0.005897840894739358
1.3081299600017466 0.005880719885294062
1.3149617701529799 0.005864992158572331
1.321499229785811 0.005853395605606516
1.3282547419017448 0.005838728280171908
1.3349177405520614 0.005825363796141164
1.3413029950054955 0.005815924789103152
1.3479085611646013 0.005803369110871454
1.3543207177979504 0.00579353716519462
1.3608188013002511 0.005782509218044513
1.367137016563408 0.005774000222554471
1.373437495428984 0.005765741003818305
1.3797083252187612 0.005757899324769722
1.3860594662109058 0.005748940728118449
1.3922340512699876 0.005742454436842026
1.398395808068301 0.005736148802393875
1.4046452016156046 0.005728623086707454
1.4107233089616251 0.005723495464229072
1.4169014486556932 0.005716959114016824
1.42281057586165 0.005714211191849498
1.4289667360896345 0.005707998455066448
1.4349428946942595 0.005704306548356356
1.4410197493275092 0.005699196567483407
1.4469421823126183 0.005696275346451096
1.452858004725055 0.005693433137553197
1.4587601409548299 0.0056907836673589125
1.4647537538553763 0.005686845956654182
1.4705929955391355 0.005685096295579315
1.4765359443087291 0.005681872073738695
3.438519026204151 -0.02186772127503134
4.0223532755203415 -0.030009213860665677
3.447007831054645 -0.021826315324549088
3.159763930292943 -0.017700670693660974
2.9796470745098524 -0.015083666440075548
2.854005489409733 -0.013233808188630316
2.7606934749527703 -0.011839252370881806
2.6884163542384023 -0.010740925110904949
2.6307349371399127 -0.009848131002468598
2.5836916705534065 -0.009105165091438319
2.5446642126434007 -0.008475083584421087
2.511857412908558 -0.007932605876223561
2.4839864196607593 -0.007459623675178444
2.4601198640058044 -0.007043048937650493
2.439543375696015 -0.0066728073034201425
2.421708245264849 -0.006341157366970433
2.4061928390008624 -0.00604218954346325
2.3926531490107052 -0.005771045182699699
2.3808141312515936 -0.0055238509159280125
2.370449295858382 -0.005297403066653112
2.361376513659824 -0.0050891649258588915
2.353438893236657 -0.004896912952605009
2.346504882014699 -0.004718780445858362
2.340466245295879 -0.004553271331914996
2.3352271357247005 -0.004399021736405297
2.3307062208051086 -0.004254886276409763
2.326832487133675 -0.004119850807198269
2.3235460237336483 -0.003993099784593072
2.320792511004722 -0.0038738541580500088
2.318524490033841 -0.0037614314941752766
2.3167011626339225 -0.0036552854088918213
2.3152852228387353 -0.003554876449931845
2.314243858499683 -0.003459742532933442
2.313547668011598 -0.003369455520546986
2.3131706235799108 -0.00328367703602499
2.313088956490901 -0.0032020582684613944
2.3132814244111657 -0.003124285985261527
2.313728695002496 -0.003050116099927432
2.3144133115835572 -0.002979288692149482
2.3153193947551998 -0.002911580136766282
2.3164326858042976 -0.002846775549565051
2.317739575981136 -0.002784711447752511
2.3192281439938363 -0.0027252058643691944
2.3208875973284826 -0.0026680927287215978
2.3227071549505602 -0.0026132483799431315
2.324677701881839 -0.0025605303716088605
2.3267905758982224 -0.002509816716026166
2.3290381776831772 -0.0024609863114121878
2.331412311900504 -0.002413951910570501
2.3339064936581586 -0.0023686081058482693
2.336514814222216 -0.0023248576034673317
2.339230433375029 -0.0022826322399888757
2.342048280221345 -0.0022418465206836004
2.344963211158678 -0.0022024280096284246
2.3479709591238382 -0.00216430253223742
2.3510659838608134 -0.0021274202320699515
2.3542446053033323 -0.0020917152010544306
2.357503467536219 -0.0020571260960490245
2.3608377413426034 -0.0020236130739794684
2.3642445276393786 -0.001991121225142952
2.3677205725542265 -0.001959604726160609
2.371263440732637 -0.001929015197890427
2.3748690097745637 -0.001899322751162898
2.378535177568832 -0.001870483699809185
2.3822600384309887 -0.0018424571238833576
2.3860398691977664 -0.0018152187565564722
2.389873030549982 -0.0017887314290304867
2.3937573604776645 -0.0017629646943203591
2.3976915052543184 -0.0017378854055506241
2.4016721495485527 -0.0017134750392750577
2.405698140187429 -0.0016897032729581072
2.409768450194399 -0.0016665415612528755
2.4138800003848466 -0.0016439747063025233
2.418031927526286 -0.0016219764687222583
2.4222227376137617 -0.0016005258088558011
2.42645175273724 -0.0015795990971628905
2.4307161401366173 -0.0015591846061145751
2.4350153483698236 -0.0015392604871837814
2.4393489109886097 -0.0015198060887876294
2.4437141407277885 -0.0015008117323616961
2.4481106761937177 -0.0014822582457779828
2.452537451319124 -0.0014641306159076043
2.4569942302198875 -0.0014464114381382643
2.461478480038572 -0.0014290932083868499
2.465990047745567 -0.0014121596888581444
2.470528839821988 -0.0013955954798297648
2.475092415994716 -0.0013793943810579655
2.479680752562537 -0.0013635419760431606
2.484293068181394 -0.001348027261334408
2.488929427233856 -0.0013328370608916397
2.4935874890267407 -0.001317966576827513
2.498267373977157 -0.0013034034222208439
2.5029692455459163 -0.0012891358163229008
2.5076908234833155 -0.0012751598124551157
2.5124323190398385 -0.0012614643028774188
2.517193146411362 -0.0012480410378732977
2.521973580557489 -0.001234879806900459
2.5267714069292673 -0.0012219775885256789
2.5315869394134474 -0.0012093247204070247
2.5364205238990003 -0.0011969119908806331
2.541269986099291 -0.0011847369455164592
2.546135705445135 -0.001172790845011199
2.551017234093351 -0.0011610673825139517
2.5559149987590537 -0.00114955848461309
2.560826869277978 -0.0011382623182415285
2.565753300035553 -0.001127171199660957
2.570694769778349 -0.0011162777882043437
2.5756491755770234 -0.0011055806343463774
2.580617020232104 -0.0010950727361651981
2.5855979555234505 -0.0010847491897734308
2.5905925201386424 -0.0010746034986365823
2.595598641173119 -0.0010646346360599177
2.60061687737673 -0.0010548363880404199
2.6056478064264645 -0.0010452028071205204
2.6106893740449273 -0.0010357331289268024
2.6157421754838275 -0.0010264216535016166
2.620805935930864 -0.0010172645107398013
2.625881278411743 -0.0010082563918172348
2.63096616926412 -0.0009993968226764927
2.636061246313009 -0.0009906807029079385
2.6411671623530957 -0.0009821031429156643
2.646281896548775 -0.0009736638492777879
2.6514061147465497 -0.0009653581162034314
2.656539597194847 -0.0009571828489923804
2.6616830316080495 -0.0009491336498131497
2.6668344113703277 -0.0009412104254967389
2.6719944352795792 -0.0009334089342978954
2.677163814160412 -0.000925725103839837
2.682340550249755 -0.0009181589656247278
2.6875253642051184 -0.0009107065857499332
2.6927180782296958 -0.0009033654603525321
2.6979194304632443 -0.0008961319017274712
2.7031274329493797 -0.000889006079481724
2.7083428322402376 -0.0008819844243794795
2.71356638468518 -0.00087506350515657
2.7187961084199586 -0.0008682435772137258
2.7240327672964035 -0.0008615213149419979
2.729276215938814 -0.0008548946710557764
2.734527232366574 -0.0008483605194638792
2.7397838414381717 -0.0008419192102413567
2.745046827634134 -0.0008355677082874944
2.750316983515212 -0.0008293030922930626
2.755592338092203 -0.0008231257708089762
2.760873689715133 -0.0008170329040548308
2.76616091838077 -0.0008110228020583886
2.771454834061423 -0.0008050927887126167
2.7767534703131673 -0.0007992433365783943
2.782057642123501 -0.0007934718401760424
2.7873681712180947 -0.0007877757889178295
2.7926830939297353 -0.0007821556944682757
2.7980032364965695 -0.0007766091097874835
2.8033284989997576 -0.0007711346277462747
2.808659717317134 -0.0007657299370578755
2.8139949307769037 -0.0007603955915703575
2.819334979186621 -0.0007551293353381517
2.8246807080290175 -0.0007499289923375066
2.8300301584266734 -0.0007447951416862871
2.835384179411367 -0.0007397256573410359
2.8407426871286248 -0.0007347193584024903
2.8461065386855005 -0.0007297742325490842
2.8514737770902947 -0.0007248908854547026
2.8568452625553924 -0.000720067348529307
2.862221860116154 -0.0007153017211033375
2.867601613870413 -0.0007105946241943483
2.872985391667452 -0.0007059441967605393
2.878373122624101 -0.0007013494405739752
2.8837656814158485 -0.0006968085907244313
2.8891611132288304 -0.0006923222835556257
2.894560295211086 -0.0006878887889776133
2.899964108642905 -0.0006835064350937005
2.9053705992929864 -0.0006791758664517867
2.9107806506888885 -0.0006748954428028465
2.9161942025126457 -0.000670664314705773
2.9216121441099503 -0.0006664809238467006
2.9270325217641116 -0.0006623459220206082
2.932456226802966 -0.0006582577788276366
2.937884154121136 -0.0006542150140980148
2.9433143502199393 -0.0006502182826968735
2.9487477118004115 -0.0006462661298935345
2.9541841872190986 -0.0006423578284077279
2.959624678173533 -0.0006384919938730262
2.965067231267607 -0.000634669282599221
2.970512749797571 -0.0006308883327341407
2.975962140159286 -0.0006271478260768826
2.9814134489133934 -0.000623448418327887
2.9868675839162435 -0.0006197888118538681
2.9923245006993895 -0.00061616838041799
2.9977851114398995 -0.0006125858872343317
3.003247462506611 -0.000609041985302385
3.0087124673730976 -0.0006055354560945212
3.0141810422233597 -0.0006020651192533569
3.019651233197095 -0.0005986316245513593
3.0251239576652544 -0.0005952338083466694
3.030599177134839 -0.0005918711285530598
3.036077812737023 -0.000588542474482819
3.041557910211452 -0.0005852484902746226
3.047040391745835 -0.0005819880801196094
3.0525261819115386 -0.0005787601817773897
3.05801332608851 -0.00057556543432109
3.0635027498172285 -0.0005724027891579709
3.0689944196129098 -0.0005692717747312024
3.0744892643077826 -0.0005661713888047474
3.0799853287368038 -0.0005631022627768984
3.0854835425968794 -0.0005600634065887486
3.0909848376922646 -0.0005570538598585846
3.096487258408427 -0.0005540742476545596
3.101991737344086 -0.0005511236207832091
3.1074982452369824 -0.0005482015671523417
3.1130077175832014 -0.0005453071783711325
3.118518198124992 -0.000542441070449652
3.124030623068787 -0.0005396023450006975
3.129545930493144 -0.0005367901300019581
3.1350621636311296 -0.0005340050342925874
3.140580261214925 -0.0005312461950549548
3.146100197562145 -0.00052851325061122
3.151622913968094 -0.0005258053742393975
3.157146452958912 -0.0005231231648233551
3.16267175641536 -0.0005204658038860494
3.1681997678889147 -0.0005178324964784826
3.1737285293590496 -0.0005152238337860559
3.179258984916615 -0.0005126390284557069
3.184791111930057 -0.0005100777617735345
3.190325856768304 -0.0005075392784681323
3.195861260665726 -0.000505024159231589
3.201398270475128 -0.0005025316556068104
3.2069378345465154 -0.0005000610402212253
3.2124779935465533 -0.0004976128857722078
3.2180196962714938 -0.000495186471171621
3.2235629227024454 -0.0004927815144989591
3.2291086236692657 -0.0004903973233048562
3.234654839074114 -0.00048803445952021526
3.240202520147683 -0.00048569223634047743
3.245752619467602 -0.00048336998592961625
3.2513031763593823 -0.0004810682620978507
3.256855143770622 -0.0004787864022193587
3.262408503930139 -0.00047652415602742273
3.2679642116083087 -0.00047428088656585734
3.2735203053605453 -0.000472057136799828
3.2790777402898605 -0.00046985227445756566
3.2846374727154384 -0.00046766568439431577
3.290197540615967 -0.00046549790145330213
3.2957589006178445 -0.00046334831481619225
3.3013215368919795 -0.00046121670156630486
3.306886407704802 -0.00045910247398134584
3.3124515502693903 -0.00045700615612278737
3.318017923128572 -0.0004549271641607706
3.323586485927013 -0.0004528649297823913
3.3291552753074 -0.0004508199690163462
3.334725251169772 -0.0004487917171461082
3.34029639936994 -0.0004467799749829616
3.3458696812888142 -0.0004447841986649964
3.3514431328152305 -0.00044280489360475024
3.3570177155599445 -0.0004408415191771484
3.362594392135154 -0.0004388935488601497
3.3681711978702253 -0.00043696148018741444
3.3737490955897513 -0.00043504478962800956
3.3793280726169463 -0.00043314329865831795
3.3849090931180292 -0.0004312565026411531
3.3904901916854335 -0.0004293848887320964
3.396072332676539 -0.0004275279549861356
3.401656481361652 -0.0004256852123145439
3.407240671787875 -0.00042385714019328307
3.412825869402152 -0.00042204325202117545
3.418412062810358 -0.00042024338733806374
3.424000218678735 -0.0004184570767138192
3.429588370337914 -0.0004166847895344593
3.4351774846130674 -0.0004149260586080991
3.4407685291639076 -0.00041318042849552495
3.446359536792084 -0.00041144836113313064
3.451951475304103 -0.00040972940314902686
3.4575443344309313 -0.0004080234099271891
3.4631390830904856 -0.0004063299437472772
3.4687337533907403 -0.00040464945677705654
3.474329314381606 -0.0004029815131549757
3.479926735877921 -0.00040132568779171156
3.4855240494763997 -0.0003996824256551446
3.491122225113706 -0.00039805130337157717
3.496721253510895 -0.00039643219026827683
3.5023221056204967 -0.000394824677277788
3.5079228123698485 -0.000393229199941151
3.5135243448208833 -0.0003916453507316505
3.5191276747383995 -0.00039007273202078594
3.5247308325570224 -0.00038851177241094084
3.5303347901424225 -0.0003869620756941548
3.5359395390897035 -0.0003854235235066434
3.541546052195528 -0.0003838957327513529
3.5471523592501804 -0.00038237912295656536
3.5527594331407535 -0.0003808733122987514
3.5583682474016953 -0.00037937792807089495
3.5639768313495104 -0.0003778933831292175
3.5695861586019006 -0.0003764193059390691
3.5751962215278645 -0.00037495558903528995
3.580807994600427 -0.0003735018729285084
3.586419506517071 -0.0003720585617574239
3.5920317318252692 -0.00037062529708118433
3.5976456456700596 -0.0003692017288742065
3.6032592762941285 -0.0003677882548704693
3.6088735989109075 -0.0003663845260076002
3.6144886065765824 -0.0003649904444977779
3.6201052752922322 -0.00036360567237089114
3.6257216327067496 -0.00036223059899856354
3.6313386548821853 -0.00036086488726938515
3.6369573184333532 -0.00035950820785625757
3.6425756505731535 -0.00035816094399085423
3.6481946279722592 -0.0003568227671327279
3.6538142442986796 -0.00035549358811031085
3.6594354769500335 -0.00035417308862048546
3.6650563525702644 -0.00035286164388253593
3.6706778486065765 -0.0003515589362916644
3.6763009430185 -0.00035026465545813284
3.681923662032439 -0.00034897917072098067
3.687546983653178 -0.00034770217232784516
3.6931709020948986 -0.0003464335787985593
3.6987963960347194 -0.00034517308984898486
3.7044214911543776 -0.0003439210671477576
3.7100471661709307 -0.0003426772109733077
3.7156744002772335 -0.0003414412283042288
3.7213012187554178 -0.0003402134751818486
3.726928600834615 -0.00033899365909572244
3.7325565412177433 -0.00033778170544859683
3.738186019756995 -0.0003365773305044435
3.743815061213418 -0.0003353808829662772
3.7494446454709873 -0.00033419207954568127
3.7550757528562926 -0.0003330106431874551
3.760706407748188 -0.00033183691721226064
3.7663375905019407 -0.0003306706249687607
3.7719692962588773 -0.00032951169803369015
3.7776025059527747 -0.0003283598679026258
3.783235243464187 -0.000327215470878801
3.7888684897517457 -0.00032607823880793056
3.7945032261865563 -0.0003249479093444649
3.8001374762837514 -0.0003238248136455342
3.805772221436669 -0.00032270868967862557
3.811407457180792 -0.0003215994745712025
3.8170441654475624 -0.0003204969138687377
3.822680369275737 -0.00031940133201979184
3.8283170506157553 -0.00031831247483727823
3.83395519180306 -0.0003172300935561666
3.8395928155271157 -0.0003161545077059119
3.84523090414012 -0.00031508546875744545
3.850869453532699 -0.000314022918839515
3.8565094465584338 -0.0003129666164839793
3.862148905451477 -0.0003119168748081177
3.8677888130794216 -0.0003108734525410746
3.873430152669812 -0.0003098361134809944
3.879070946122937 -0.00030880516604361174
3.884712176678459 -0.0003077803741976365
3.890353840547643 -0.00030676168458747857
3.8959969214380905 -0.00030574886777180667
3.9016394408149253 -0.00030474222603792963
3.9072823823955254 -0.000303741530082273
3.912926730234286 -0.00030274655534725007
3.918570505477245 -0.0003017575996266834
3.9242146921869647 -0.00030077443847808085
3.929859286864822 -0.0002997970226312613
3.935505274010797 -0.0002988251338037865
3.9411506743550113 -0.00029785906393216125
3.9467964724036406 -0.0002968985948212048
3.9524436529788467 -0.0002959435127256454
3.9580902365057753 -0.00029499410528712464
3.9637372078114232 -0.00029405015882842076
3.969384563660128 -0.0002931116277826711
3.975033289288387 -0.0002921783042394782
3.980681404723782 -0.00029125047024180286
3.986329895205966 -0.0002903279179237312
3.9919797462712623 -0.00028941044359729435
3.9976289776557294 -0.00028849832519998536
4.003278574897696 -0.0002875913590720703
4.008928535000322 -0.00028668950300988523
4.01034157579473 -0.0002864647539565505
4.020230520910243 -0.0002849007989080074