0.0007115032600000237 0.0
5.243860205750295e-05 0.0006037801073739285
-0.0018446527715496597 0.0017529516550717655
-0.003776142658487913 0.002917276787898584
-0.005305575940281471 0.0039044828005497154
-0.010761806360225279 0.006621571821567776
-0.011496629461133057 0.007258725901868921
-0.012615563909534777 0.008065093804041669
-0.012742576264446193 0.008434487537597794
-0.012250261816136976 0.008531047238941814
-0.012238801826961132 0.00883943936367081
-0.012264014102473797 0.009163986779623547
-0.012132439044657994 0.00941946423334094
-0.011952867293655856 0.009653797173159189
-0.012575653443602897 0.010241595610637833
-0.011724885116065176 0.01018024466659455
-0.010579859282722648 0.009989264081482764
-0.010136422546793145 0.010107356062147726
-0.009635141534738323 0.01019996574215294
-0.009079482075604273 0.01026861993285654
-0.0080936549048497 0.010147771139066678
-0.007016570758395013 0.009986721095204189
-0.006739472075889763 0.010178090002993643
-0.005931125624110467 0.010135428167530124
-0.004844795567743421 0.009970304116062293
-0.0040518146846756364 0.00993441131753633
-0.0032728466979170534 0.009904690337794746
-0.002515892255301244 0.009884667486723954
-0.001802724362135244 0.009883934487216289
-0.0007168269480776202 0.009719001469407181
0.0007939940792642819 0.009366876104936922
0.0023837723856962034 0.008979966588525864
0.003536162522260633 0.008785741345796749
0.00411202535268107 0.008845495729403758
0.004553672562185862 0.008964376055147032
0.0057605073056220535 0.008746166618090662
0.007385113838354829 0.008343914566321102
0.008103266370433015 0.00834098478883378
0.009333583275178525 0.008112431130146437
0.01094222454100413 0.007717211861504121
0.012368127950738272 0.007402495492497709
0.014062945243984548 0.00696931329813157
0.015200267910699838 0.006781725329482003
0.016452600268309303 0.0065434731418023764
0.016790999847015486 0.006707837875493185
0.017324159389894178 0.006786403136135549
0.018814749711954515 0.006443190060815973
0.020412909485605923 0.00605258955481957
0.022048179102714394 0.005645638743083897
0.024028919711412078 0.0050864988323558544
0.025253179752931287 0.004860612980024238
0.025861266758175683 0.004906171557816404
0.027073178247192242 0.004685724326239595
0.028869541276501876 0.004207808345436663
0.030428004762731886 0.0038346953559052484
0.03126763931881049 0.0037782478817278316
0.03192558043325 0.003801844529966612
0.03324756073800883 0.003532909696902256
0.03534272060537602 0.0029233625881730976
0.036053073323611184 0.0029238697655473113
0.036759651600301924 0.00292604014873891
0.03845005857626371 0.0024948012843074713
0.04029157084480117 0.0019969942613387703
0.04238252536716358 0.0013893010665986026
0.04294549491178723 0.0014547353654395811
0.044890148401867114 0.000911491251823234
0.04625413292086433 0.0006240521848416212
0.04646455567591956 0.0008447953469353496
0.04738606293523928 0.0007522820240629031
0.04883744808292556 0.00042633879220630263
0.05082767158985646 -0.0001369790867217991
0.0529905938273052 -0.000776376420167857
0.05404554728158162 -0.000927678489939197
0.05441685842100419 -0.0007778123780919926
0.05518327387671562 -0.0008020022346435182
0.05647605544727441 -0.001058075829839588
0.058289518336384405 -0.0015435244191485352
0.06032928804796822 -0.0021286690261141253
0.060737217917036124 -0.0019949342250689694
0.06207591469402218 -0.0022712349745040296
0.06417360911167147 -0.0028818968736229154
0.0654905351310554 -0.0031486051282222853
0.06619677416828162 -0.003146287061052214
0.06686512748375828 -0.0031272777693754656
0.0685523703487988 -0.003557122739177737
0.07031503338974177 -0.004020194091498703
0.07105425638848606 -0.004032405219501365
0.07285160834910964 -0.004510756416447684
0.07379532254191101 -0.004613054383935295
0.0737384501475743 -0.004274557620883217
0.0741245004501293 -0.004131185915371095
0.0747700614968495 -0.004102137203423787
0.07712412935534385 -0.004825738689507492
0.07933838730609255 -0.0054877528503689595
0.07980898564302963 -0.005381627326789165
0.07906065275427843 -0.004738519539220072
0.07844290971422674 -0.004152943946479764
0.07899571778304382 -0.00408303494642739
0.08066995532031873 -0.004507148440169958
0.08226096663642979 -0.004894602018847288
0.08309009808267198 -0.0049464190044255976
0.08358420430464109 -0.004850649475153075
0.08475752175932816 -0.005054094768900685
0.08483956305570373 -0.004776794042338229
0.08396148675881998 -0.004076533552761414
0.08408954546089609 -0.003819508086299075
0.08534855849518974 -0.004060702009555137
0.08662400139521376 -0.004309136911219138
0.08657184529868145 -0.003972721356285134
0.0874328117649229 -0.004038562712215511
0.08795455892972637 -0.003954969924757475
0.08716084137576152 -0.0032918717874827834
0.08663870255021355 -0.0027484099028807787
0.08737121164341588 -0.0027576646569053825
0.08878158351673315 -0.0030655406368882317
0.0895888959350597 -0.0031077456251058268
0.08870908867861993 -0.002406722150544276
0.08731601836223357 -0.0014795894654059563
0.08583544506922702 -0.0005139057656412453
0.08395131653869592 0.0006295537267483584
0.0825027850829525 0.001581121946373588
0.08284197445357044 0.00174513742922734
0.08335424663103219 0.0018329042593455288
0.08320094536669642 0.0022138811020560693
0.08316232172029903 0.0025443351689034416
0.08243995999735498 0.0031759987224699734
0.08081523564069404 0.004205185693267091
0.07975440245552545 0.004985957026252441
0.08158280963891673 0.004493922782544381
0.08281558753754925 0.004264286737471781
0.08243595923844882 0.004744964537220742
0.08305609515748413 0.004785213851740544
0.0827198058674623 0.00524680292093243
0.08074787082974011 0.0064289444999225094
0.08005501140766658 0.007047610881882908
0.08272649696875023 0.0061841764879663344
0.08312499402166007 0.0063220649917509475
0.08094524668173075 0.007595757788881639
0.08215981219119406 0.007374141374258406
0.08307905503770219 0.00728262383736063
0.08133514517662555 0.008364332231303227
0.08028415141260958 0.009140768536050265
0.08114299637863864 0.009075858246276517
0.08255399495371551 0.008767706183615626
0.08353015578626388 0.008651114407218708
0.08496826060089846 0.008331021157072493
0.0859734364183995 0.008201647328245697
0.08571209914988487 0.008630214049619268
0.08487106561249047 0.009314155988808696
0.0840002741817435 0.010011207255942189
0.08309186975836924 0.010724828279861265
0.08357446842780536 0.010825666822886649
0.08513232082341671 0.010452820836149679
0.0888571408599933 0.009125354536984648
0.09025919286600759 0.008821143731402125
0.08378718622520276 0.011985713992691249
0.07799329973319791 0.014851550089208574
0.08858016098991972 0.010501129589143872
0.09157325289211848 0.009496013530493208
0.087154394808445 0.011756104518526109
0.09096968886501167 0.010388781446423214
0.09372016231662073 0.009490546772027847
0.08753809133642187 0.012527390866262443
0.08046738794666719 0.01595570667996675
0.08576740001706329 0.013934316630842384
0.08861430146376514 0.012993602262213397
0.09146220527933024 0.012052446317227124
0.09663609239940352 0.010086618445038928
0.09772561615921305 0.009920086581400263
0.09625042486540769 0.010883439863029117
0.09589228537977923 0.011354651135709388
0.10224422743320694 0.008869851430589024
0.10466753201782708 0.008115745371738052
0.10875730080549129 0.00662750717907649
0.116000278896782 0.0037501768773892307
0.11828318559888551 0.003057920690192284
0.11717721557040794 0.0038585758424035995
0.12046725938911651 0.00272264272587183
0.12971674437022718 -0.0010386196649886494
0.14163859342369345 -0.005977146070985765
0.14151904526734405 -0.005611042103552367
0.1423974233304599 -0.005684557363188628
0.14642083552682572 -0.0071435633011919355
0.14866161743345763 -0.00781726213448385
0.1613923390450518 -0.013112123429639954
0.15614847954723476 -0.010488592262420719
0.15820701662307868 -0.011082006270957335
0.16943613356266107 -0.01571536146235787
0.16977707939293718 -0.015552120198120216
0.16939188154708296 -0.015068988830370587
0.1721141943406863 -0.01595481781137416
0.17526567555240025 -0.017029709555307894
0.17696466597238802 -0.017464731470461493
0.18582718420846023 -0.021055522319401217
0.18641494207246545 -0.021001009850321904
0.1846074614528206 -0.01989131627637694
0.1896378650748094 -0.021793934962059443
0.19266223649744063 -0.02281283067528515
0.1891377103381029 -0.02094672222990049
0.20149747710295873 -0.026078121696174145
0.20310104755269554 -0.02647110798509544
0.19959830548726454 -0.02461459614749487
0.20286394044495837 -0.02573977636025117
0.2037335187370144 -0.025809415032143526
0.20498499827519834 -0.02604729372756165
0.20858941256352215 -0.02732171734586598
0.21728062023002526 -0.030837040270710846
0.21170877433447322 -0.028069020338842395
0.21807365050554584 -0.030559517946964886
0.2229769233099952 -0.03240613133821459
0.21961950869896607 -0.030613641010350866
0.22297489268387016 -0.03177835861294905
0.22725298756807955 -0.033349560627369414
0.22026812303696675 -0.02995905964601701
0.23277633969564282 -0.035155900212272564
0.23429612857138382 -0.03551197797019797
0.23076820089753913 -0.033644371046119
0.233221069467773 -0.03441150101019565
0.23378120336112618 -0.034344819276104895
0.23888262682994843 -0.03627872453344227
0.2374438596264845 -0.03533146131143114
0.24111398758197233 -0.036634833955227555
0.2323414679257343 -0.032456812264382455
0.20629431014827238 -0.020668745952372915
0.16854167263238473 -0.003724031929629907
0.1336709320855195 0.011951111965278373
0.11803964664828204 0.01915064491865999
0.10777778533087701 0.023984770454813144
0.08077922714904484 0.03619195984651008
0.06907391279434572 0.041661973784219174
0.09202614761019856 0.03186424475719437
0.11462083341631102 0.022223983741645453
0.12522679733362996 0.017865147893108193
0.131074042163846 0.015602683866562765
0.13528628069332793 0.014060493736185694
0.13833042834339482 0.013032885946205166
0.14316868321055787 0.011214915088619838
0.14790354991793886 0.009442490106075093
0.1502573400050895 0.00871900746311558
0.15217337917412155 0.00818836845580622
0.1544657411871153 0.0074919468940713866
0.15677695113526524 0.0067872221987746026
0.158715558542873 0.006246641142238172
0.16046198763971797 0.005790720934158327
0.16213722659906948 0.005366162316353827
0.1637049479492152 0.0049889687314881295
0.16518615928789493 0.004649885643804052
0.16659276029063275 0.004343670855978726
0.16793455831692827 0.004066003904516027
0.16921971902748312 0.0038132875480809
0.17045510108115813 0.0035825003225125746
0.17164651005772713 0.0033710846795243104
0.1727988943098997 0.003176860707464423
0.17391649807996923 0.0029979586784108963
0.17500298259084457 0.0028327657036011362
0.17606152277948972 0.002679883119179169
0.17709488527065465 0.00253809213621005
0.1781054917428304 0.00240632592589852
0.17909560858821627 0.002283630121433162
0.18006683604337148 0.0021692116595699914
0.1810209781125316 0.0020623198705598473
0.1819595130463334 0.0019623035365173387
0.18288375872561824 0.0018685820877115916
0.18379489361267676 0.0017806363728551976
0.1846939745068259 0.001698000837191002
0.18558195166006963 0.0016202568635472338
0.18645968170041316 0.001547027079194289
0.18732793872543674 0.001477970468761165
0.1881874238615857 0.0014127781630550184
0.18903877353119625 0.001351169797164903
0.18988256662652003 0.001292890350069083
0.190719330755583 0.0012377073931289248
0.1915495476968676 0.0011854086871227962
0.1923736581771458 0.0011358000774538716
0.19319206606827755 0.0010887036453225936
0.194005142083588 0.001043956079351783
0.19481322704189363 0.0010014072376752362
0.19561663475687707 0.0009609188750742464
0.19641565460086485 0.0009223635135488356
0.19721055378487096 0.0008856234378840628
0.19800157939072704 0.0008505898004298932
0.19878896018605197 0.0008171618215478238
0.19957290824853247 0.0007852460740615738
0.20035362042237148 0.0007547558416441394
0.20113127962668398 0.0007256105424265247
0.20190605603300726 0.0006977352102657549
0.2026781081268596 0.0006710600270932921
0.20344758366637183 0.0006455199006068403
0.20421462054936979 0.0006210540822916468
0.20497934759888192 0.0005976058213788189
0.20574188527582216 0.0005751220508853922
0.20650234632654496 0.0005535531023444033
0.20726094284261176 0.0005328495957472426
0.20801756065903398 0.000512973717956172
0.20877239944933756 0.0004938815595141424
0.20952554649547772 0.0004755346698577019
0.2102770838375969 0.00045789690761326266
0.21102708864886655 0.0004409342754681132
0.21177563357917073 0.0004246147687656309
0.2125227870705897 0.00040890823652487275
0.21326861364731675 0.00039378625372257444
0.2140131741823703 0.0003792220037977458
0.21475652614321783 0.00036519017044648857
0.2154987238182089 0.0003516668378701868
0.21623981852553031 0.0003386293987247409
0.2169798588062135 0.00032605646909360844
0.2177188906025882 0.00031392780987420354
0.2184569574234232 0.00030222425402668914
0.21919410049689514 0.00029092763918734646
0.21993035891239798 0.0002800207451960251
0.22066576975212704 0.0002694872361296746
0.22140036821327191 0.00025931160647192257
0.22213418772158522 0.0002494791310826667
0.2228672600370163 0.0002399758186624059
0.22359961535204564 0.00023078836843340558
0.22433128238328948 0.00022190412978459858
0.22506228845690002 0.00021331106464951585
0.22579265958824313 0.00020499771240653784
0.2265224205562828 0.00019695315710919098
0.22725159497308 0.00018916699687034213
0.22798020534876495 0.00018162931523938767
0.22870837544373268 0.0001743296449830928
0.22943592108791933 0.00016726101249551865
0.2301629642012033 0.00016041376135118298
0.23088952345628555 0.00015377966561306913
0.23161561669175357 0.00014735086679832968
0.23234126095605712 0.0001411198545057556
0.23306647254880142 0.00013507944822468908
0.23379126705954456 0.0001292227802434614
0.23451565940427077 0.00012354327958182716
0.2352396638596974 0.00011803465687767968
0.23596329409556138 0.00011269089016360252
0.23668656320502146 0.00010750621147373557
0.23740948373330073 0.00010247509422585947
0.23813206770468498 9.759224132778734e-05
0.23885432664798367 9.285257396072648e-05
0.2395762716205554 8.825122099588493e-05
0.24029791323098415 8.378350900377167e-05
0.24101926166050092 7.944495281837026e-05
0.2417403266832212 7.523124662130264e-05
0.24246111768527712 7.113825551339696e-05
0.2431816436829135 6.716200754333896e-05
0.24390191333960698 6.32986861654282e-05
0.24462193498227358 5.954462310004559e-05
0.2453417166166163 5.589629157251055e-05
0.24606126594166522 5.235029990756464e-05
0.24678059036355915 4.890338545823585e-05
0.24749969700861252 4.5552408849238326e-05
0.248218592735711 4.229434851652621e-05
0.24893728414807326 3.91262955255747e-05
0.2496558785737122 3.604502164664181e-05
0.25037418017232027 3.304869439859291e-05
0.25109229584154735 3.0134275140529266e-05
0.2518102312681165 2.7299258684386348e-05
0.2525279919336074 2.4541230214543952e-05
0.25324558312311396 2.1857861473917885e-05
0.2539630099334802 1.9246907135460795e-05
0.2546802772811403 1.6706201348636622e-05
0.2553973899095823 1.4233654451550203e-05
0.2561143523964553 1.1827249839481587e-05
0.2568311691603429 9.485040981590493e-06
0.2575478444672159 7.205148577699891e-06
0.2582643824365862 4.985757847842423e-06
0.2589807870473735 2.825115947355107e-06
0.25969706214350285 7.215295011814262e-07
0.2604132114392457 -1.326637749087443e-06
0.261129238524318 -3.3209671911075526e-06
0.2618451468687488 -5.262987486212919e-06
0.2625609398275275 -7.1541766175352285e-06
0.2632766206450474 -8.995963846737533e-06
0.26399219245935024 -1.0789731583954562e-05
0.2647076583061829 -1.2536817175329931e-05
0.2654230211228783 -1.4238514612214217e-05
0.26613828375206516 -1.5896076165967462e-05
0.26685344894521945 -1.7510713951994546e-05
0.26756851936606196 -1.908360142646096e-05
0.27535938829804696 -0.0031377777867420955
0.3376937542194163 -0.03028467117199308
0.46764637982665724 -0.08721962551712915
0.4659509237964925 -0.08615928244874206
0.42853400766088945 -0.06936246470413336
0.43475053203569924 -0.07178756442746524
0.4311007079516407 -0.06986625813704476
0.4263879921210669 -0.06747671317431833
0.4213018307636107 -0.06492265320970256
0.4142787676843691 -0.06151532451516263
0.40522174167995373 -0.05721196844744428
0.3945633145317553 -0.05220314265728934
0.38495456098538927 -0.0476567325132132
0.37596293290151817 -0.043382186374245985
0.3646514760480084 -0.03808567958252729
0.3504085400626731 -0.031497760094192036
0.33276694214631153 -0.02341261856474291
0.31493331171728123 -0.015242880415679092
0.2963524939336124 -0.006743981732584475
0.27205320775766006 0.004274089816801898
0.23763512610390225 0.01974982262416435
0.18407622701237747 0.043657713243736324
0.09281690362281436 0.08417387716730386
0.28263313916092514 0.006806743076700661