0.0 1.0
0.01 1.010050167084168
0.02 1.0202013400267558
0.03 1.030454533953517
0.04 1.0408107741923882
0.05 1.0512710963760241
0.06 1.0618365465453596
0.07 1.0725081812542165
0.08 1.0832870676749586
0.09 1.0941742837052104
0.1 1.1051709180756477
0.11 1.1162780704588713
0.12 1.1274968515793757
0.13 1.1388283833246218
0.14 1.1502737988572274
0.15 1.161834242728283
0.16 1.1735108709918103
0.17 1.1853048513203654
0.18 1.1972173631218102
0.19 1.2092495976572515
0.2 1.2214027581601699
0.21 1.2336780599567432
0.22 1.2460767305873808
0.23 1.2586000099294778
0.24 1.2712491503214047
0.25 1.2840254166877414
0.26 1.2969300866657718
0.27 1.3099644507332473
0.28 1.3231298123374369
0.29 1.336427488025472
0.3 1.3498588075760032
0.31 1.3634251141321778
0.32 1.3771277643359572
0.33 1.3909681284637803
0.34 1.4049475905635938
0.35000000000000003 1.4190675485932573
0.36 1.4333294145603401
0.37 1.4477346146633245
0.38 1.4622845894342245
0.39 1.4769807938826427
0.4 1.4918246976412703
0.41000000000000003 1.5068177851128537
0.42 1.5219615556186337
0.43 1.5372575235482815
0.44 1.552707218511336
0.45 1.568312185490169
0.46 1.5840739849944818
0.47000000000000003 1.5999941932173602
0.48 1.6160744021928934
0.49 1.632316219955379
0.5 1.6487212707001282
0.51 1.6652911949458864
0.52 1.6820276496988864
0.53 1.6989323086185506
0.54 1.7160068621848585
0.55 1.7332530178673953
0.56 1.7506725002961012
0.5700000000000001 1.7682670514337353
0.58 1.7860384307500734
0.59 1.803988415397857
0.6 1.8221188003905089
0.61 1.8404313987816374
0.62 1.858928041846342
0.63 1.8776105792643432
0.64 1.8964808793049515
0.65 1.9155408290138962
0.66 1.9347923344020317
0.67 1.9542373206359396
0.68 1.9738777322304477
0.6900000000000001 1.9937155332430825
0.7000000000000001 2.0137527074704766
0.71 2.0339912586467506
0.72 2.0544332106438876
0.73 2.0750806076741224
0.74 2.0959355144943643
0.75 2.117000016612675
0.76 2.1382762204968184
0.77 2.159766253784915
0.78 2.181472265498201
0.79 2.203396426255937
0.8 2.225540928492468
0.81 2.2479079866764717
0.8200000000000001 2.270499837532406
0.8300000000000001 2.293318740264183
0.84 2.3163669767810915
0.85 2.3396468519259908
0.86 2.3631606937057947
0.87 2.3869108535242765
0.88 2.4108997064172097
0.89 2.4351296512898744
0.9 2.45960311115695
0.91 2.4843225333848165
0.92 2.509290389936298
0.93 2.534509177617855
0.9400000000000001 2.5599814183292717
0.9500000000000001 2.5857096593158464
0.96 2.611696473423118
0.97 2.6379444593541526
0.98 2.664456241929417
0.99 2.691234472349262
1.0 2.718281828459045
1.01 2.7456010150169163
1.02 2.7731947639642978
1.03 2.801065834699079
1.04 2.82921701435156
1.05 2.857651118063164
1.06 2.8863709892679585
1.07 2.915379499976997
1.08 2.944679551065524
1.09 2.9742740725630656
1.1 3.0041660239464334
1.11 3.034358394435676
1.12 3.0648542032930024
1.1300000000000001 3.095656500124712
1.1400000000000001 3.126768365186156
1.1500000000000001 3.158192909689768
1.16 3.1899332761161845
1.17 3.2219926385284996
1.18 3.2543742028896707
1.19 3.287081207383118
1.2 3.3201169227365472
1.21 3.3534846525490236
1.22 3.3871877336213347
1.23 3.4212295362896734
1.24 3.4556134647626755
1.25 3.4903429574618414
1.26 3.5254214873653824
1.27 3.5608525623555205
1.28 3.5966397255692817
1.29 3.6327865557528094
1.3 3.6692966676192444
1.31 3.706173712210199
1.32 3.7434213772608627
1.33 3.781043387568781
1.34 3.819043505366336
1.35 3.8574255306969745
1.36 3.896193301795215
1.37 3.9353506954704733
1.3800000000000001 3.9749016274947486
1.3900000000000001 4.014850052994202
1.4000000000000001 4.055199966844675
1.41 4.095955404071176
1.42 4.137120440251392
1.43 4.178699191923246
1.44 4.220695816996552
1.45 4.263114515168817
1.46 4.305959528345206
1.47 4.349235141062741
1.48 4.392945680918757
1.49 4.437095519003664
1.5 4.4816890703380645
1.51 4.526730794314252
1.52 4.572225195142159
1.53 4.618176822299781
1.54 4.664590270988126
1.55 4.711470182590742
1.56 4.758821245137854
1.57 4.806648193775178
1.58 4.854955811237434
1.59 4.903748928326623
1.6 4.953032424395115
1.61 5.002811227833588
1.62 5.053090316563868
1.6300000000000001 5.103874718536726
1.6400000000000001 5.155169512234682
1.6500000000000001 5.2069798271798495
1.6600000000000001 5.259310844446899
1.67 5.312167797181167
1.68 5.3655559711219745
1.69 5.419480705131206
1.7 5.4739473917272
1.71 5.528961477624004
1.72 5.584528464276054
1.73 5.6406539084283205
1.74 5.697343422671991
1.75 5.754602676005731
1.76 5.812437394402589
1.77 5.8708533613826015
1.78 5.929856418591146
1.79 5.9894524663831135
1.8 6.0496474644129465
1.81 6.11044743223061
1.82 6.171858449883554
1.83 6.2338866585247175
1.84 6.296538261026657
1.85 6.359819522601832
1.86 6.423736771429135
1.87 6.488296399286712
1.8800000000000001 6.553504862191149
1.8900000000000001 6.6193686810430785
1.9000000000000001 6.68589444227927
1.9100000000000001 6.753088798531287
1.92 6.8209584692907494
1.93 6.889510241581292
1.94 6.958750970637272
1.95 7.028687580589293
1.96 7.099327065156633
1.97 7.170676488346613
1.98 7.242742985161012
1.99 7.315533762309567
2.0 7.38905609893065
2.0100000000000002 7.463317347319196
2.02 7.538324933661922
2.0300000000000002 7.614086358779977
2.04 7.690609198878998
2.05 7.767901106306771
2.06 7.845969810318449
2.07 7.924823117849487
2.08 8.004468914296353
2.09 8.084915164305059
2.1 8.16616991256765
2.11 8.24824128462666
2.12 8.331137487687693
2.13 8.41486681144013
2.14 8.499437628886124
2.15 8.584858397177893
2.16 8.671137658463456
2.17 8.758284040740834
2.18 8.846306258720883
2.19 8.935213114698747
2.2 9.025013499434122
2.21 9.115716393040305
2.22 9.207330865882252
2.23 9.299866079483586
2.24 9.393331287442784
2.25 9.487735836358526
2.2600000000000002 9.58308916676438
2.27 9.67940081407284
2.2800000000000002 9.776680409528907
2.29 9.874937681173183
2.3000000000000003 9.974182454814724
2.31 10.074424655013587
2.32 10.175674306073333
2.33 10.277941533043448
2.34 10.381236562731843
2.35 10.485569724727576
2.36 10.59095145243378
2.37 10.697392284111054
2.38 10.804902863931257
2.39 10.913493943041976
2.4 11.023176380641601
2.41 11.133961145065307
2.42 11.245859314881844
2.43 11.358882080001457
2.44 11.473040742794833
2.45 11.588346719223392
2.46 11.704811539980854
2.47 11.822446851646363
2.48 11.941264417849103
2.49 12.06127612044472
2.5 12.182493960703473
2.5100000000000002 12.304930060510415
2.52 12.428596663577544
2.5300000000000002 12.553506136668235
2.54 12.679670970833877
2.5500000000000003 12.807103782663036
2.56 12.935817315543076
2.57 13.065824440934556
2.58 13.197138159658358
2.59 13.329771603195772
2.6 13.463738035001692
2.61 13.599050851830924
2.62 13.735723585077926
2.63 13.873769902129904
2.64 14.013203607733615
2.65 14.1540386453758
2.66 14.296289098677603
2.67 14.43996919280288
2.68 14.585093295880792
2.69 14.73167592044257
2.7 14.879731724872837
2.71 15.029275514875401
2.72 15.1803222449539
2.73 15.332887019907195
2.74 15.486985096339938
2.75 15.642631884188171
2.7600000000000002 15.799842948260402
2.77 15.958634009794029
2.7800000000000002 16.11902094802755
2.79 16.28101980178843
2.8000000000000003 16.444646771097055
2.81 16.6099182187867
2.82 16.776850672139872
2.83 16.94546082454102
2.84 17.115765537145876
2.85 17.28778184056764
2.86 17.46152693657999
2.87 17.63701819983732
2.88 17.814273179612197
2.89 17.993309601550315
2.9 18.17414536944306
2.91 18.356798567017925
2.92 18.54128745974687
2.93 18.72763049667292
2.94 18.915846312255038
2.95 19.10595372823165
2.96 19.297971755502758
2.97 19.49191959603112
2.98 19.6878166447624
2.99 19.88568249156473
3.0 20.085536923187668
3.0100000000000002 20.287399925240937
3.02 20.49129168419294
3.0300000000000002 20.697232589389507
3.04 20.905243235092758
3.0500000000000003 21.115344422540616
3.06 21.327557162026903
3.0700000000000003 21.541902675002422
3.08 21.75840239619708
3.09 21.977077975763418
3.1 22.197951281441636
3.11 22.421044400746343
3.12 22.646379643175397
3.13 22.873979542440807
3.14 23.103866858722185
3.15 23.33606458094271
3.16 23.570595929068126
3.17 23.80748435642867
3.18 24.046753552064498
3.19 24.288427443094555
3.2 24.532530197109352
3.21 24.779086224587694
3.22 25.028120181337815
3.23 25.279656970962893
3.24 25.533721747351528
3.25 25.790339917193062
3.2600000000000002 26.049537142518346
3.27 26.311339343265892
3.2800000000000002 26.575772699873966
3.29 26.842863655898565
3.3000000000000003 27.112638920657893
3.31 27.38512547190322
3.3200000000000003 27.660350558516758
3.33 27.938341703236507
3.34 28.21912670540861
3.35 28.502733643767282
3.36 28.789190879242675
3.37 29.07852705779708
3.38 29.370771113289432
3.39 29.665952270368855
3.4 29.96410004739701
3.41 30.265244259400085
3.42 30.569415021050208
3.43 30.876642749677046
3.44 31.18695816830946
3.45 31.500392308747937
3.46 31.81697651466769
3.47 32.13674244475316
3.48 32.459722075863795
3.49 32.785947706231894
3.5 33.11545195869231
3.5100000000000002 33.44826778394492
3.52 33.78442846384956
3.5300000000000002 34.12396761475437
3.54 34.46691919085739
3.5500000000000003 34.81331748760203
3.56 35.163197145106615
3.5700000000000003 35.516593151628484
3.58 35.87354084706276
3.59 36.234075926476464
3.6 36.59823444367799
3.61 36.966052814822504
3.62 37.33756782205366
3.63 37.712816617181744
3.64 38.09183672539902
3.65 38.47466604903212
3.66 38.86134287133247
3.67 39.2519058603045
3.68 39.646394072572605
3.69 40.044846957286715
3.7 40.4473043600674
3.71 40.85380652699027
3.72 41.2643941086108
3.73 41.679108164029294
3.74 42.09799016499691
3.75 42.52108200006278
3.7600000000000002 42.948425978763034
3.77 43.38006483585162
3.7800000000000002 43.81604173557398
3.79 44.25640027598337
3.8000000000000003 44.701184493300836
3.81 45.15043886631872
3.8200000000000003 45.60420832084875
3.83 46.06253823421448
3.84 46.5254744397892
3.85 46.993063231579285
3.86 47.46535136885352
3.87 47.942386080819254
3.88 48.424215071345174
3.89 48.91088652373189
3.9 49.40244910553017
3.91 49.89895197340787
3.92 50.400444778065484
3.93 50.90697766920144
3.94 51.418601300526916
3.95 51.93536683483144
3.96 52.45732594909905
3.97 52.98453083967617
3.98 53.51703422749116
3.99 54.0548893633266
4.0 54.598150033144236
4.01 55.1468705634638
4.0200000000000005 55.70110582679564
4.03 56.26091124712785
4.04 56.826342805469025
4.05 57.39745704544619
4.0600000000000005 57.97431107895932
4.07 58.556962591892386
4.08 59.14546984988227
4.09 59.739891704145194
4.1 60.34028759736195
4.11 60.94671756962223
4.12 61.55924226442852
4.13 62.177922934760794
4.14 62.80282144920165
4.15 63.434000298123344
4.16 64.07152259993664
4.17 64.71545210740304
4.18 65.3658532140099
4.19 66.02279096040995
4.2 66.68633104092515
4.21 67.35653981011657
4.22 68.03348428941966
4.23 68.7172321738465
4.24 69.4078518387552
4.25 70.10541234668786
4.26 70.80998345427655
4.2700000000000005 71.52163561921925
4.28 72.24044000732538
4.29 72.96646849963281
4.3 73.69979369959579
4.3100000000000005 74.44048894034549
4.32 75.18862829202311
4.33 75.94428656918733
4.34 76.70753933829559
4.3500000000000005 77.4784629252609
4.36 78.25713442308428
4.37 79.04363169956446
4.38 79.8380334050845
4.39 80.64041898047698
4.4 81.45086866496814
4.41 82.26946350420168
4.42 83.09628535834376
4.43 83.93141691026881
4.44 84.77494167382804
4.45 85.62694400220059
4.46 86.48750909632939
4.47 87.35672301344098
4.48 88.23467267565151
4.49 89.12144587865868
4.5 90.01713130052181
4.51 90.92181851052953
4.5200000000000005 91.83559797815683
4.53 92.75856108211177
4.54 93.69080011947398
4.55 94.63240831492406
4.5600000000000005 95.58347983006632
4.57 96.54410977284468
4.58 97.51439420705401
4.59 98.49443016194631
4.6000000000000005 99.48431564193386
4.61 100.48414963638939
4.62 101.49403212954563
4.63 102.51406411049346
4.64 103.54434758328101
4.65 104.58498557711422
4.66 105.63608215665951
4.67 106.69774243245082
4.68 107.77007257140046
4.69 108.85317980741603
4.7 109.94717245212352
4.71 111.05215990569917
4.72 112.16825266780917
4.73 113.29556234865991
4.74 114.43420168015871
4.75 115.58428452718766
4.76 116.7459258989899
4.7700000000000005 117.91924196067072
4.78 119.10435004481388
4.79 120.30136866321547
4.8 121.51041751873485
4.8100000000000005 122.73161751726525
4.82 123.96509077982394
4.83 125.21096065476522
4.84 126.46935173011477
4.8500000000000005 127.74038984602892
4.86 129.02420210737824
4.87 130.32091689645884
4.88 131.63066388583022
4.89 132.95357405128274
4.9 134.28977968493552
4.91 135.63941440846523
4.92 137.00261318646898
4.93 138.3795123399606
4.94 139.770249560003
4.95 141.17496392147686
4.96 142.5937958969891
4.97 144.02688737091955
4.98 145.47438165361004
4.99 146.9364234956948
5.0 148.4131591025766