0.0 1.0
0.01 1.010050167084168
0.02 1.0202013400267558
0.03 1.030454533953517
0.04 1.0408107741923882
0.05 1.0512710963760241
0.06 1.0618365465453596
0.07 1.0725081812542165
0.08 1.0832870676749586
0.09 1.0941742837052104
0.1 1.1051709180756477
0.11 1.1162780704588713
0.12 1.1274968515793757
0.13 1.1388283833246218
0.14 1.1502737988572274
0.15 1.161834242728283
0.16 1.1735108709918103
0.17 1.1853048513203654
0.18 1.1972173631218102
0.19 1.2092495976572515
0.2 1.2214027581601699
0.21 1.2336780599567432
0.22 1.2460767305873808
0.23 1.2586000099294778
0.24 1.2712491503214047
0.25 1.2840254166877414
0.26 1.2969300866657718
0.27 1.3099644507332473
0.28 1.3231298123374369
0.29 1.336427488025472
0.3 1.3498588075760032
0.31 1.3634251141321778
0.32 1.3771277643359572
0.33 1.3909681284637803
0.34 1.4049475905635938
0.35000000000000003 1.4190675485932573
0.36 1.4333294145603401
0.37 1.4477346146633245
0.38 1.4622845894342245
0.39 1.4769807938826427
0.4 1.4918246976412703
0.41000000000000003 1.5068177851128537
0.42 1.5219615556186337
0.43 1.5372575235482815
0.44 1.552707218511336
0.45 1.568312185490169
0.46 1.5840739849944818
0.47000000000000003 1.5999941932173602
0.48 1.6160744021928934
0.49 1.632316219955379
0.5 1.6487212707001282
0.51 1.6652911949458864
0.52 1.6820276496988864
0.53 1.6989323086185506
0.54 1.7160068621848585
0.55 1.7332530178673953
0.56 1.7506725002961012
0.5700000000000001 1.7682670514337353
0.58 1.7860384307500734
0.59 1.803988415397857
0.6 1.8221188003905089
0.61 1.8404313987816374
0.62 1.858928041846342
0.63 1.8776105792643432
0.64 1.8964808793049515
0.65 1.9155408290138962
0.66 1.9347923344020317
0.67 1.9542373206359396
0.68 1.9738777322304477
0.6900000000000001 1.9937155332430825
0.7000000000000001 2.0137527074704766
0.71 2.0339912586467506
0.72 2.0544332106438876
0.73 2.0750806076741224
0.74 2.0959355144943643
0.75 2.117000016612675
0.76 2.1382762204968184
0.77 2.159766253784915
0.78 2.181472265498201
0.79 2.203396426255937
0.8 2.225540928492468
0.81 2.2479079866764717
0.8200000000000001 2.270499837532406
0.8300000000000001 2.293318740264183
0.84 2.3163669767810915
0.85 2.3396468519259908
0.86 2.3631606937057947
0.87 2.3869108535242765
0.88 2.4108997064172097
0.89 2.4351296512898744
0.9 2.45960311115695
0.91 2.4843225333848165
0.92 2.509290389936298
0.93 2.534509177617855
0.9400000000000001 2.5599814183292717
0.9500000000000001 2.5857096593158464
0.96 2.611696473423118
0.97 2.6379444593541526
0.98 2.664456241929417
0.99 2.691234472349262
1.0 2.718281828459045
1.01 2.7456010150169163
1.02 2.7731947639642978
1.03 2.801065834699079
1.04 2.82921701435156
1.05 2.857651118063164
1.06 2.8863709892679585
1.07 2.915379499976997
1.08 2.944679551065524
1.09 2.9742740725630656
1.1 3.0041660239464334
1.11 3.034358394435676
1.12 3.0648542032930024
1.1300000000000001 3.095656500124712
1.1400000000000001 3.126768365186156
1.1500000000000001 3.158192909689768
1.16 3.1899332761161845
1.17 3.2219926385284996
1.18 3.2543742028896707
1.19 3.287081207383118
1.2 3.3201169227365472
1.21 3.3534846525490236
1.22 3.3871877336213347
1.23 3.4212295362896734
1.24 3.4556134647626755
1.25 3.4903429574618414
1.26 3.5254214873653824
1.27 3.5608525623555205
1.28 3.5966397255692817
1.29 3.6327865557528094
1.3 3.6692966676192444
1.31 3.706173712210199
1.32 3.7434213772608627
1.33 3.781043387568781
1.34 3.819043505366336
1.35 3.8574255306969745
1.36 3.896193301795215
1.37 3.9353506954704733
1.3800000000000001 3.9749016274947486
1.3900000000000001 4.014850052994202
1.4000000000000001 4.055199966844675
1.41 4.095955404071176
1.42 4.137120440251392
1.43 4.178699191923246
1.44 4.220695816996552
1.45 4.263114515168817
1.46 4.305959528345206
1.47 4.349235141062741
1.48 4.392945680918757
1.49 4.437095519003664
1.5 4.4816890703380645
1.51 4.526730794314252
1.52 4.572225195142159
1.53 4.618176822299781
1.54 4.664590270988126
1.55 4.711470182590742
1.56 4.758821245137854
1.57 4.806648193775178
1.58 4.854955811237434
1.59 4.903748928326623
1.6 4.953032424395115
1.61 5.002811227833588
1.62 5.053090316563868
1.6300000000000001 5.103874718536726
1.6400000000000001 5.155169512234682
1.6500000000000001 5.2069798271798495
1.6600000000000001 5.259310844446899
1.67 5.312167797181167
1.68 5.3655559711219745
1.69 5.419480705131206
1.7 5.4739473917272
1.71 5.528961477624004
1.72 5.584528464276054
1.73 5.6406539084283205
1.74 5.697343422671991
1.75 5.754602676005731
1.76 5.812437394402589
1.77 5.8708533613826015
1.78 5.929856418591146
1.79 5.9894524663831135
1.8 6.0496474644129465
1.81 6.11044743223061
1.82 6.171858449883554
1.83 6.2338866585247175
1.84 6.296538261026657
1.85 6.359819522601832
1.86 6.423736771429135
1.87 6.488296399286712
1.8800000000000001 6.553504862191149
1.8900000000000001 6.6193686810430785
1.9000000000000001 6.68589444227927
1.9100000000000001 6.753088798531287
1.92 6.8209584692907494
1.93 6.889510241581292
1.94 6.958750970637272
1.95 7.028687580589293
1.96 7.099327065156633
1.97 7.170676488346613
1.98 7.242742985161012
1.99 7.315533762309567
2.0 7.38905609893065
2.0100000000000002 7.463317347319196
2.02 7.538324933661922
2.0300000000000002 7.614086358779977
2.04 7.690609198878998
2.05 7.767901106306771
2.06 7.845969810318449
2.07 7.924823117849487
2.08 8.004468914296353
2.09 8.084915164305059
2.1 8.16616991256765
2.11 8.24824128462666
2.12 8.331137487687693
2.13 8.41486681144013
2.14 8.499437628886124
2.15 8.584858397177893
2.16 8.671137658463456
2.17 8.758284040740834
2.18 8.846306258720883
2.19 8.935213114698747
2.2 9.025013499434122
2.21 9.115716393040305
2.22 9.207330865882252
2.23 9.299866079483586
2.24 9.393331287442784
2.25 9.487735836358526
2.2600000000000002 9.58308916676438
2.27 9.67940081407284
2.2800000000000002 9.776680409528907
2.29 9.874937681173183
2.3000000000000003 9.974182454814724
2.31 10.074424655013587
2.32 10.175674306073333
2.33 10.277941533043448
2.34 10.381236562731843
2.35 10.485569724727576
2.36 10.59095145243378
2.37 10.697392284111054
2.38 10.804902863931257
2.39 10.913493943041976
2.4 11.023176380641601
2.41 11.133961145065307
2.42 11.245859314881844
2.43 11.358882080001457
2.44 11.473040742794833
2.45 11.588346719223392
2.46 11.704811539980854
2.47 11.822446851646363
2.48 11.941264417849103
2.49 12.06127612044472
2.5 12.182493960703473
2.5100000000000002 12.304930060510415
2.52 12.428596663577544
2.5300000000000002 12.553506136668235
2.54 12.679670970833877
2.5500000000000003 12.807103782663036
2.56 12.935817315543076
2.57 13.065824440934556
2.58 13.197138159658358
2.59 13.329771603195772
2.6 13.463738035001692
2.61 13.599050851830924
2.62 13.735723585077926
2.63 13.873769902129904
2.64 14.013203607733615
2.65 14.1540386453758
2.66 14.296289098677603
2.67 14.43996919280288
2.68 14.585093295880792
2.69 14.73167592044257
2.7 14.879731724872837
2.71 15.029275514875401
2.72 15.1803222449539
2.73 15.332887019907195
2.74 15.486985096339938
2.75 15.642631884188171
2.7600000000000002 15.799842948260402
2.77 15.958634009794029
2.7800000000000002 16.11902094802755
2.79 16.28101980178843
2.8000000000000003 16.444646771097055
2.81 16.6099182187867
2.82 16.776850672139872
2.83 16.94546082454102
2.84 17.115765537145876
2.85 17.28778184056764
2.86 17.46152693657999
2.87 17.63701819983732
2.88 17.814273179612197
2.89 17.993309601550315
2.9 18.17414536944306
2.91 18.356798567017925
2.92 18.54128745974687
2.93 18.72763049667292
2.94 18.915846312255038
2.95 19.10595372823165
2.96 19.297971755502758
2.97 19.49191959603112
2.98 19.6878166447624
2.99 19.88568249156473
3.0 20.085536923187668
3.0100000000000002 20.287399925240937
3.02 20.49129168419294
3.0300000000000002 20.697232589389507
3.04 20.905243235092758
3.0500000000000003 21.115344422540616
3.06 21.327557162026903
3.0700000000000003 21.541902675002422
3.08 21.75840239619708
3.09 21.977077975763418
3.1 22.197951281441636
3.11 22.421044400746343
3.12 22.646379643175397
3.13 22.873979542440807
3.14 23.103866858722185
3.15 23.33606458094271
3.16 23.570595929068126
3.17 23.80748435642867
3.18 24.046753552064498
3.19 24.288427443094555
3.2 24.532530197109352
3.21 24.779086224587694
3.22 25.028120181337815
3.23 25.279656970962893
3.24 25.533721747351528
3.25 25.790339917193062
3.2600000000000002 26.049537142518346
3.27 26.311339343265892
3.2800000000000002 26.575772699873966
3.29 26.842863655898565
3.3000000000000003 27.112638920657893
3.31 27.38512547190322
3.3200000000000003 27.660350558516758
3.33 27.938341703236507
3.34 28.21912670540861
3.35 28.502733643767282
3.36 28.789190879242675
3.37 29.07852705779708
3.38 29.370771113289432
3.39 29.665952270368855
3.4 29.96410004739701
3.41 30.265244259400085
3.42 30.569415021050208
3.43 30.876642749677046
3.44 31.18695816830946
3.45 31.500392308747937
3.46 31.81697651466769
3.47 32.13674244475316
3.48 32.459722075863795
3.49 32.785947706231894
3.5 33.11545195869231
3.5100000000000002 33.44826778394492
3.52 33.78442846384956
3.5300000000000002 34.12396761475437
3.54 34.46691919085739
3.5500000000000003 34.81331748760203
3.56 35.163197145106615
3.5700000000000003 35.516593151628484
3.58 35.87354084706276
3.59 36.234075926476464
3.6 36.59823444367799
3.61 36.966052814822504
3.62 37.33756782205366
3.63 37.712816617181744
3.64 38.09183672539902
3.65 38.47466604903212
3.66 38.86134287133247
3.67 39.2519058603045
3.68 39.646394072572605
3.69 40.044846957286715
3.7 40.4473043600674
3.71 40.85380652699027
3.72 41.2643941086108
3.73 41.679108164029294
3.74 42.09799016499691
3.75 42.52108200006278
3.7600000000000002 42.948425978763034
3.77 43.38006483585162
3.7800000000000002 43.81604173557398
3.79 44.25640027598337
3.8000000000000003 44.701184493300836
3.81 45.15043886631872
3.8200000000000003 45.60420832084875
3.83 46.06253823421448
3.84 46.5254744397892
3.85 46.993063231579285
3.86 47.46535136885352
3.87 47.942386080819254
3.88 48.424215071345174
3.89 48.91088652373189
3.9 49.40244910553017
3.91 49.89895197340787
3.92 50.400444778065484
3.93 50.90697766920144
3.94 51.418601300526916
3.95 51.93536683483144
3.96 52.45732594909905
3.97 52.98453083967617
3.98 53.51703422749116
3.99 54.0548893633266
4.0 54.598150033144236
4.01 55.1468705634638
4.0200000000000005 55.70110582679564
4.03 56.26091124712785
4.04 56.826342805469025
4.05 57.39745704544619
4.0600000000000005 57.97431107895932
4.07 58.556962591892386
4.08 59.14546984988227
4.09 59.739891704145194
4.1 60.34028759736195
4.11 60.94671756962223
4.12 61.55924226442852
4.13 62.177922934760794
4.14 62.80282144920165
4.15 63.434000298123344
4.16 64.07152259993664
4.17 64.71545210740304
4.18 65.3658532140099
4.19 66.02279096040995
4.2 66.68633104092515
4.21 67.35653981011657
4.22 68.03348428941966
4.23 68.7172321738465
4.24 69.4078518387552
4.25 70.10541234668786
4.26 70.80998345427655
4.2700000000000005 71.52163561921925
4.28 72.24044000732538
4.29 72.96646849963281
4.3 73.69979369959579
4.3100000000000005 74.44048894034549
4.32 75.18862829202311
4.33 75.94428656918733
4.34 76.70753933829559
4.3500000000000005 77.4784629252609
4.36 78.25713442308428
4.37 79.04363169956446
4.38 79.8380334050845
4.39 80.64041898047698
4.4 81.45086866496814
4.41 82.26946350420168
4.42 83.09628535834376
4.43 83.93141691026881
4.44 84.77494167382804
4.45 85.62694400220059
4.46 86.48750909632939
4.47 87.35672301344098
4.48 88.23467267565151
4.49 89.12144587865868
4.5 90.01713130052181
4.51 90.92181851052953
4.5200000000000005 91.83559797815683
4.53 92.75856108211177
4.54 93.69080011947398
4.55 94.63240831492406
4.5600000000000005 95.58347983006632
4.57 96.54410977284468
4.58 97.51439420705401
4.59 98.49443016194631
4.6000000000000005 99.48431564193386
4.61 100.48414963638939
4.62 101.49403212954563
4.63 102.51406411049346
4.64 103.54434758328101
4.65 104.58498557711422
4.66 105.63608215665951
4.67 106.69774243245082
4.68 107.77007257140046
4.69 108.85317980741603
4.7 109.94717245212352
4.71 111.05215990569917
4.72 112.16825266780917
4.73 113.29556234865991
4.74 114.43420168015871
4.75 115.58428452718766
4.76 116.7459258989899
4.7700000000000005 117.91924196067072
4.78 119.10435004481388
4.79 120.30136866321547
4.8 121.51041751873485
4.8100000000000005 122.73161751726525
4.82 123.96509077982394
4.83 125.21096065476522
4.84 126.46935173011477
4.8500000000000005 127.74038984602892
4.86 129.02420210737824
4.87 130.32091689645884
4.88 131.63066388583022
4.89 132.95357405128274
4.9 134.28977968493552
4.91 135.63941440846523
4.92 137.00261318646898
4.93 138.3795123399606
4.94 139.770249560003
4.95 141.17496392147686
4.96 142.5937958969891
4.97 144.02688737091955
4.98 145.47438165361004
4.99 146.9364234956948
5.0 148.4131591025766
5.01 149.90473614904667
5.0200000000000005 151.41130379405283
5.03 152.93301269561476
5.04 154.47001502589086
5.05 156.02246448639497
5.0600000000000005 157.590516323367
5.07 159.17432734329714
5.08 160.7740559286073
5.09 162.38986205348914
5.1000000000000005 164.02190729990184
5.11 165.67035487372974
5.12 167.3353696211041
5.13 169.01711804488718
5.14 170.71576832132283
5.15 172.43149031685434
5.16 174.16445560511082
5.17 175.9148374840653
5.18 177.6828109933644
5.19 179.46855293183248
5.2 181.27224187515122
5.21 183.09405819371815
5.22 184.9341840706834
5.23 186.79280352016818
5.24 188.670102405666
5.25 190.56626845863
5.26 192.4814912972456
5.2700000000000005 194.4159624453929
5.28 196.3698753517984
5.29 198.34342540938118
5.3 200.33680997479166
5.3100000000000005 202.35022838814766
5.32 204.38388199296807
5.33 206.43797415630826
5.34 208.51271028909628
5.3500000000000005 210.60829786667455
5.36 212.72494644954682
5.37 214.86286770433543
5.38 217.02227542494745
5.39 219.20338555395446
5.4 221.40641620418717
5.41 223.63158768054606
5.42 225.87912250203328
5.43 228.14924542400394
5.44 230.44218346064218
5.45 232.7581659076621
5.46 235.09742436523857
5.47 237.46019276116672
5.48 239.84670737425535
5.49 242.25720685795415
5.5 244.69193226422038
5.51 247.1511270676237
5.5200000000000005 249.63503718969392
5.53 252.1439110235128
5.54 254.67799945855464
5.55 257.23755590577474
5.5600000000000005 259.822836322951
5.57 262.434099240279
5.58 265.0716057862269
5.59 267.73561971364717
5.6000000000000005 270.42640742615276
5.61 273.14423800475686
5.62 275.8893832347824
5.63 278.66211763303994
5.64 281.46271847528004
5.65 284.29146582392093
5.66 287.1486425560543
5.67 290.03453439173467
5.68 292.94942992255045
5.69 295.8936206404841
5.7 298.8674009670603
5.71 301.87106828279025
5.72 304.90492295690854
5.73 307.969268377411
5.74 311.06441098139294
5.75 314.1906602856942
5.76 317.34832891785044
5.7700000000000005 320.53773264735656
5.78 323.75919041724285
5.79 327.01302437597104
5.8 330.2995599096486
5.8100000000000005 333.61912567456795
5.82 336.97205363007134
5.83 340.3586790717487
5.84 343.77934066496647
5.8500000000000005 347.23438047873475
5.86 350.7241440199136
5.87 354.24898026776543
5.88 357.80924170885254
5.89 361.4052843722859
5.9 365.0374678653289
5.91 368.706155409357
5.92 372.4117138761822
5.93 376.1545138247391
5.94 379.93492953814206
5.95 383.7533390611119
5.96 387.6101242377834
5.97 391.50567074988817
5.98 395.4403681553241
5.99 399.41460992710995
6.0 403.4287934927351
6.01 407.48332027390137
6.0200000000000005 411.5785957266659
6.03 415.7150293819861
6.04 419.8930348866748
6.05 424.1130300447642
6.0600000000000005 428.3754368592871
6.07 432.68068157447635
6.08 437.02919471839147
6.09 441.42141114597064
6.1000000000000005 445.85777008251716
6.11 450.33871516762093
6.12 454.864694499525
6.13 459.43616067993423
6.140000000000001 464.05357085927653
6.15 468.717386782417
6.16 473.42807483483483
6.17 478.1861060892608
6.18 482.9919563527855
6.19 487.8461062144405
6.2 492.7490410932563
6.21 497.70125128680706
6.22 502.7032320202389
6.23 507.7554834957939
6.24 512.8585109428291
6.25 518.012824668342
6.26 523.2189401080007
6.2700000000000005 528.4773778776877
6.28 533.7886638255613
6.29 539.1533290846429
6.3 544.571910125929
6.3100000000000005 550.0449488120395
6.32 555.572992451403
6.33 561.1565938529907
6.34 566.7963113815957
6.3500000000000005 572.4927090136714
6.36 578.2463563937266
6.37 584.0578288912949
6.38 589.9277076584686
6.390000000000001 595.856579688017
6.4 601.8450378720822
6.41 607.893681061474
6.42 614.0031141255516
6.43 620.1739480127128
6.44 626.4067998114892
6.45 632.7022928122535
6.46 639.0610565695528
6.47 645.4837269650616
6.48 651.9709462711725
6.49 658.5233632152207
6.5 665.1416330443618
6.51 671.8264175910939
6.5200000000000005 678.578385339443
6.53 685.3982114918092
6.54 692.2865780364916
6.55 699.2441738158852
6.5600000000000005 706.2716945953664
6.57 713.3698431328681
6.58 720.5393292491601
6.59 727.7808698988284
6.6000000000000005 735.0951892419732
6.61 742.4830187166231
6.62 749.9450971118824
6.63 757.4821706418094
6.640000000000001 765.0949930200384
6.65 772.78432553515
6.66 780.5509371268042
6.67 788.3956044626324
6.68 796.3191120159054
6.69 804.322252143982
6.7 812.4058251675433
6.71 820.5706394506283
6.72 828.8175114814695
6.73 837.1472659541433
6.74 845.5607358510367
6.75 854.0587625261516
6.76 862.642195789237
6.7700000000000005 871.311893990773
6.78 880.0687241078031
6.79 888.9135618306369
6.8 897.8472916504176
6.8100000000000005 906.8708069475726
6.82 915.9850100811499
6.83 925.1908124790585
6.84 934.4891347292101
6.8500000000000005 943.8809066715789
6.86 953.3670674911841
6.87 962.9485658120136
6.88 972.6263597918842
6.890000000000001 982.4014172182594
6.9 992.2747156050262
6.91 1002.2472422902518
6.92 1012.3199945349154
6.93 1022.4939796226352
6.94 1032.7702149603992
6.95 1043.149728180303
6.96 1053.6335572423195
6.97 1064.2227505380908
6.98 1074.9183669957724
6.99 1085.7214761859207
7.0 1096.6331584284585
7.01 1107.6545049007034
7.0200000000000005 1118.7866177464875
7.03 1130.0306101863707
7.04 1141.387606628968
7.05 1152.8587427833875
7.0600000000000005 1164.4451657728052
7.07 1176.1480342491734
7.08 1187.9685185090932
7.09 1199.907800610841
7.1000000000000005 1211.9670744925775
7.11 1224.147546091738
7.12 1236.450433465634
7.13 1248.8769669132553
7.140000000000001 1261.4283890983033
7.15 1274.105955173454
7.16 1286.9109329058804
7.17 1299.8446028040269
7.18 1312.908258245661
7.19 1326.103205607215
7.2 1339.430764394418
7.21 1352.8922673742566
7.22 1366.4890607082466
7.23 1380.2225040870533
7.24 1394.0939708664566
7.25 1408.1048482046956
7.26 1422.2565372011795
7.2700000000000005 1436.5504530366027
7.28 1450.9880251144575
7.29 1465.5706972039845
7.3 1480.299927584545
7.3100000000000005 1495.1771891914525
7.32 1510.203969763263
7.33 1525.3817719905574
7.34 1540.7121136662065
7.3500000000000005 1556.1965278371547
7.36 1571.83656295772
7.37 1587.633783044449
7.38 1603.5897678325152
7.390000000000001 1619.7061129336955
7.4 1635.984429995927
7.41 1652.4263468644833
7.42 1669.0335077447523
7.43 1685.807573366662
7.44 1702.750221150754
7.45 1719.8631453759228
7.46 1737.1480573488532
7.47 1754.6066855751467
7.48 1772.2407759321766
7.49 1790.0520918436703
7.5 1808.0424144560632
7.51 1826.2135428166089
7.5200000000000005 1844.5672940532875
7.53 1863.1055035565143
7.54 1881.8300251626902
7.55 1900.742731339579
7.5600000000000005 1919.8455133735608
7.57 1939.140281558755
7.58 1958.628965388061
7.59 1978.3135137461018
7.6000000000000005 1998.195895104119
7.61 2018.2780977168138
7.62 2038.562129821184
7.63 2059.0500198373443
7.640000000000001 2079.74381657137
7.65 2100.6455894201777
7.66 2121.757428578471
7.67 2143.0814452477584
7.68 2164.619771847478
7.69 2186.374562228241
7.7 2208.347991887209
7.71 2230.542258185662
7.72 2252.959580568725
7.73 2275.6022007873194
7.74 2298.472383122332
7.75 2321.572414611057
7.76 2344.9046052758927
7.7700000000000005 2368.4712883553525
7.78 2392.2748205373778
7.79 2416.3175821950263
7.8 2440.6019776244984
7.8100000000000005 2465.1304352855777
7.82 2489.905408044465
7.83 2514.929373419085
7.84 2540.2048338268282
7.8500000000000005 2565.734316834801
7.86 2591.520375412574
7.87 2617.565588187496
7.88 2643.872559702548
7.890000000000001 2670.4439206768075
7.9 2697.28232826851
7.91 2724.3904663407816
7.92 2751.7710457300204
7.930000000000001 2779.4268045169847
7.94 2807.360508300595
7.95 2835.5749504745104
7.96 2864.0729525064603
7.97 2892.857364220396
7.98 2921.9310640814792
7.99 2951.2969594839183
8.0 2980.9579870417283
8.01 3010.9171128823823
8.02 3041.1773329434304
8.03 3071.741673272096
8.040000000000001 3102.6131903278874
8.05 3133.7949712882255
8.06 3165.290134357197
8.07 3197.101829077355
8.08 3229.2332366446813
8.09 3261.6875702267084
8.1 3294.4680752838403
8.11 3327.5780298938994
8.120000000000001 3361.0207450799453
8.13 3394.799565141353
8.14 3428.917867988284
8.15 3463.3790654794548
8.16 3498.186603763332
8.17 3533.3439636227517
8.18 3568.8546608229963
8.19 3604.7222464633783
8.2 3640.950307332352
8.21 3677.5424662662012
8.22 3714.502382511299
8.23 3751.8337520900773
8.24 3789.5403081706027
8.25 3827.6258214399063
8.26 3866.0941004810525
8.27 3904.9489921540026
8.28 3944.194381980303
8.290000000000001 3983.8341945316483
8.3 4023.872393822313
8.31 4064.312983705597
8.32 4105.160008274192
8.33 4146.417552264591
8.34 4188.0897414655765
8.35 4230.180743130794
8.36 4272.694766395488
8.370000000000001 4315.63606269742
8.38 4359.008926201989
8.39 4402.817694231699
8.4 4447.066747699858
8.41 4491.760511548689
8.42 4536.903455191819
8.43 4582.500092961236
8.44 4628.554984558711
8.45 4675.072735511784
8.46 4722.057997634323
8.47 4769.515469491679
8.48 4817.449896870594
8.49 4865.86607325375
8.5 4914.768840299134
8.51 4964.163088324202
8.52 5014.0537567949195
8.53 5064.445834819708
8.540000000000001 5115.344361648373
8.55 5166.754427175995
8.56 5218.681172451978
8.57 5271.129790194121
8.58 5324.105525307907
8.59 5377.613675410992
8.6 5431.659591362978
8.61 5486.2486778004995
8.620000000000001 5541.386393677699
8.63 5597.078252812094
8.64 5653.329824436018
8.65 5710.146733753509
8.66 5767.534662502847
8.67 5825.49934952473
8.68 5884.046591336165
8.69 5943.1822427101215
8.700000000000001 6002.912217261029
8.71 6063.242488036094
8.72 6124.179088112683
8.73 6185.728111201582
8.74 6247.895712256392
8.75 6310.688108089024
8.76 6374.11157799139
8.77 6438.1724643633315
8.78 6502.877173346872
8.790000000000001 6568.232175466841
8.8 6634.24400627789
8.81 6700.919267018122
8.82 6768.264625269173
8.83 6836.2868156229915
8.84 6904.992640355296
8.85 6974.388970105816
8.86 7044.482744565356
8.870000000000001 7115.280973169788
8.88 7186.790735800945
8.89 7259.0191834946945
8.9 7331.973539155995
8.91 7405.661098281211
8.92 7480.089229687659
8.93 7555.265376250504
8.94 7631.19705564705
8.950000000000001 7707.891861108526
8.96 7785.357462179364
8.97 7863.601605484239
8.98 7942.632115502687
8.99 8022.456895351566
9.0 8103.083927575384
9.01 8184.521274944552
9.02 8266.77708126167
9.03 8349.85957217592
9.040000000000001 8433.777056005641
9.05 8518.537924569118
9.06 8604.150654023859
9.07 8690.62380571415
9.08 8777.966027027225
9.09 8866.186052257997
9.1 8955.292703482508
9.11 9045.294891440137
9.120000000000001 9136.201616424696
9.13 9228.021969184409
9.14 9320.765131831084
9.15 9414.440378758272
9.16 9509.057077568728
9.17 9604.624690011184
9.18 9701.15277292652
9.19 9798.650979203469
9.200000000000001 9897.129058743927
9.21 9996.596859437876
9.22 10097.064328148293
9.23 10198.541511705775
9.24 10301.03855791324
9.25 10404.565716560723
9.26 10509.133340450364
9.27 10614.751886431688
9.28 10721.431916447313
9.290000000000001 10829.184098589158
9.3 10938.019208165191
9.31 11047.948128777089
9.32 11158.981853408519
9.33 11271.131485524471
9.34 11384.408240181616
9.35 11498.82344514982
9.36 11614.38854204492
9.370000000000001 11731.115087472937
9.38 11849.014754185644
9.39 11968.099332247979
9.4 12088.380730216988
9.41 12209.870976332704
9.42 12332.58221972098
9.43 12456.526731608414
9.44 12581.71690654948
9.450000000000001 12708.165263666026
9.46 12835.884447899087
9.47 12964.887231273544
9.48 13095.186514175237
9.49 13226.795326641039
9.5 13359.726829661873
9.51 13493.994316498814
9.52 13629.611214012439
9.53 13766.591084005511
9.540000000000001 13904.947624579207
9.55 14044.69467150283
9.56 14185.846199597556
9.57 14328.416324133817
9.58 14472.41930224288
9.59 14617.869534342557
9.6 14764.781565577267
9.61 14913.17008727256
9.620000000000001 15063.04993840429
9.63 15214.436107082418
9.64 15367.343732049992
9.65 15521.788104196934
9.66 15677.784668089162
9.67 15835.349023513063
9.68 15994.496927035483
9.69 16155.244293579399
9.700000000000001 16317.60719801545
9.71 16481.601876769324
9.72 16647.244729445592
9.73 16814.552320467552
9.74 16983.54138073373
9.75 17154.228809290984
9.76 17326.631675024404
9.77 17500.767218364235
9.78 17676.652853009924
9.790000000000001 17854.306167671537
9.8 18033.744927828524
9.81 18214.987077506466
9.82 18398.05074107136
9.83 18582.95422504213
9.84 18769.716019921245
9.85 18958.354802043836
9.86 19148.88943544531
9.870000000000001 19341.33897374783
9.88 19535.72266206552
9.89 19732.059938929244
9.9 19930.370438230297
9.91 20130.67399118387
9.92 20332.99062831218
9.93 20537.340581447537
9.94 20743.744285755543
9.950000000000001 20952.222381778676
9.96 21162.795717500194
9.97 21375.485350429182
9.98 21590.312549706177
9.99 21807.29879823013
10.0 22026.465794806718