0.04040404 0.0
0.08080808 0.004732921935733441
0.12121212 0.008293825945347943
0.16161616 0.011280764994395773
0.2020202 0.013906887450493425
0.24242424 0.02218296881698882
0.28282828 0.024363100483931557
0.32323232 0.026391269745334497
0.36363636 0.02829543685068269
0.4040404 0.01411069273010224
0.44444444 -0.009080357828963078
0.48484848 -0.012142040061655772
0.52525252 -0.014633200980452859
0.56565656 -0.027894711898368552
0.6060606 -0.016955028171473457
0.64646464 -0.007539243413968194
0.68686868 -0.009037024373283655
0.72727272 -0.00788437302624542
0.76767676 -0.006874316323995212
0.8080808 -0.0060963827441253594
0.84848484 -0.005480481767775442
0.88888888 -0.0049823249042853625
0.92929292 -0.004569072195970677
0.96969696 -0.004221525797494877
1.010101 -0.003924497456900729
1.05050504 -0.0036686352279025323
1.09090908 -0.003444719193918074
1.13131312 -0.0032480537131295948
1.17171716 -0.0030747389982551314
1.2121212 -0.0029201212438850817
1.25252524 -0.00278098300705249
1.29292928 -0.0026554598215887304
1.33333332 -0.002541865517771257
1.37373736 -0.0019600203987287456
1.4141414 0.0028267571600755844
1.45454544 0.004743376069429987
1.49494948 0.006250620716901317
1.53535352 0.014319174777864969
1.57575756 0.01539442198967289
1.6161616 0.013685013823949498
1.65656564 0.01940233509700895
1.69696968 0.019641200542490904
1.73737372 0.017731730757030367
1.77777776 0.02031058190038192
1.8181818 0.022303975198302576
1.85858584 0.009776463522851896
1.89898988 -0.0045446286002679874
1.93939392 -0.0040230906931136064
1.97979796 -0.00475086822339168
2.02020204 -0.009637612831780783
2.06060608 -0.018641608539743556
2.10101012 -0.018873236155868677
2.14141416 -0.009910027988493612
2.1818182 -0.0073121400460939455
2.22222224 -0.007534031640263951
2.26262628 -0.006591495357332416
2.30303032 -0.005875339215231323
2.34343436 -0.005308052865981806
2.3838384 -0.004851568735238881
2.42424244 -0.004464643304333185
2.46464648 -0.0041451318510877175
2.50505052 -0.0038717207298659367
2.54545456 -0.003632212663971133
2.5858586 -0.003426383269632277
2.62626264 -0.003243500086370204
2.66666668 -0.003081744364671908
2.70707072 -0.0029362676593631424
2.74747476 -0.0028050739289003264
2.7878788 -0.0026869119502714585
2.82828284 -0.0025814206027255935
2.86868688 -0.0024798422199174795
2.90909092 -0.0023894378238042157
2.94949496 -0.0023081720405363874
2.989899 -0.0022316981830778314
3.03030304 -0.0021602667581694505
3.07070708 -0.0020943946241694356
3.11111112 -0.0020330827683833637
3.15151516 -0.001975441653162397
3.1919192 -0.0019217036382048992
3.23232324 -0.00187121921661319
3.27272728 -0.0018237429767815117
3.31313132 -0.0017790083974462995
3.35353536 -0.0017367798833455375
3.3939394 -0.0016968482962185388
3.43434344 -0.0016590272969668844
3.47474748 -0.0016231502995069438
3.51515152 -0.0015890679090041812
3.55555556 -0.0015566457526305256
3.5959596 -0.0015257626326002447
3.63636364 -0.0014963089461462883
3.67676768 -0.001468185328088061
3.71717172 -0.0014413014800464
3.75757576 -0.0014155751569325577
3.7979798 -0.001390931286548497
3.83838384 -0.0013673012023100869
3.87878788 -0.0013446219724751445
3.91919192 -0.001322835811997441