0.0007115032600000237 0.0
4.3913085166491506e-05 0.0006075358771622111
-0.0018694049054908124 0.0017638557818290743
-0.0038173356063967434 0.002935423632391865
-0.005360707727390057 0.003928770160840366
-0.01085530430870496 0.006662760734176237
-0.011599129562206656 0.007303880557924248
-0.01272944599317527 0.008115262596694461
-0.012861687156605517 0.008486959791884033
-0.012370726860561398 0.008584116041710764
-0.0123636196159016 0.008894425693149105
-0.012393417388438133 0.009220993170924075
-0.01226542522462526 0.009478049006952248
-0.012089213261707088 0.00971386204360713
-0.012720325273991806 0.01030532829649555
-0.011868625296667212 0.010243566930167322
-0.010720909518816213 0.010051401336281724
-0.010279235860277791 0.01017027001035825
-0.009779206938315022 0.010263431277111849
-0.009224622616975209 0.01033255910127336
-0.008236967079175872 0.010210904851838265
-0.007157550420724967 0.01004882725994571
-0.006883210985363597 0.010241411706592698
-0.006074293215655779 0.010198498186845083
-0.004985511232970419 0.010032293981422127
-0.004192040861356383 0.009996185547138556
-0.0034129212575048085 0.00996639777509516
-0.0026555691477206933 0.009946199738595092
-0.0019421138428703522 0.009945340124814682
-0.0008539440244914598 0.009779406038377628
0.0006617026674048399 0.009425154810411533
0.002257122027106373 0.009035760225034562
0.0034121721109668934 0.008840363188287435
0.003987198513866752 0.008900486045648259
0.0044273360952227225 0.009020031412099942
0.0056371595968273125 0.008800505329052894
0.007267529236714698 0.0083957144395783
0.007985705858621905 0.008392774049731228
0.009219159307305436 0.00816283864057498
0.010833362226121412 0.007765169281393724
0.01226371671513904 0.007448492065988025
0.013964372004169556 0.007012738043019485
0.015104101467578679 0.006824089801494373
0.01635995929725098 0.006584284527751799
0.016696193334346354 0.0067496032535419685
0.01722855648863164 0.006828519349477641
0.018723606200429344 0.006483341766731276
0.02032687216841811 0.006090491814669504
0.021968219532416566 0.00568086355610662
0.02395729810775149 0.005118050497627899
0.02518426075393121 0.004890974059310312
0.025791668779041044 0.004936831750119185
0.027007164130710692 0.004714805709509436
0.02881060882020714 0.004233770025148364
0.03037372239448921 0.003858608519328391
0.031213732765444924 0.0038019954863726642
0.031871634179292174 0.00382560962402435
0.03319734267889429 0.003555032398863818
0.03530172373861673 0.002941423052489448
0.0360119475094518 0.0029419870354222707
0.0367176104215855 0.002944560666720991
0.03841440998547918 0.0025105056576580783
0.040263887594244485 0.002009189641092403
0.04236310975290014 0.0013978542814246102
0.042924947028453175 0.0014637873819244222
0.04487659833765334 0.0009174604994892794
0.04624427335664738 0.0006283956462276225
0.04645263720683612 0.0008500458234375521
0.047375574279116206 0.0007569026210648259
0.04883179099239976 0.0004288309261094853
0.050829946603803355 -0.00013798130497540273
0.05300215423790022 -0.0007814691601632902
0.054059727831764604 -0.0009339254873516849
0.054429206663777374 -0.0007832521839992137
0.05519475884726599 -0.0008070617408252452
0.05649165225209407 -0.0010649467338661798
0.0583117192546595 -0.0015533046517368714
0.06035862625994781 -0.002141593470649681
0.060764679997028614 -0.00200703217193571
0.06210837038525985 -0.0022855327708918376
0.06421468034266242 -0.0028999900978220884
0.06553559116825969 -0.003168453790241793
0.06624104202089642 -0.0031657885019112132
0.06690846686915497 -0.0031463701899754394
0.0686029153911657 -0.003579389487985551
0.07037285439549867 -0.004045666140797928
0.07111156554626308 -0.004057651782979247
0.07291617877641843 -0.004539201807290549
0.07386126449413177 -0.004642103976481602
0.07379978336862136 -0.004301576916202334
0.07418375865265348 -0.004157291096979751
0.07482848292963162 -0.004127873760518895
0.07719360712029044 -0.004856345923517968
0.0794175737030407 -0.005522637055174609
0.0798853332542987 -0.005415260953404043
0.07912864472591918 -0.00476847223255209
0.07850334580629992 -0.004179568027064138
0.07905522998520242 -0.00410925202320506
0.0807350088133929 -0.004535806637324852
0.08233111051586073 -0.004925502698133634
0.08316175447477692 -0.004977985995148285
0.08365421352640412 -0.0048814908333205
0.08482995725101106 -0.005086004978538333
0.0849081762522319 -0.0048070204056065
0.08401958871754567 -0.0041021293710574
0.08414402287848355 -0.003843507175355357
0.08540673274246269 -0.00408632967332693
0.08668504353908835 -0.004336027977497764
0.08662817729115901 -0.003997537446402101
0.08749045021502788 -0.004063954339763134
0.08801090609050188 -0.0039797926970070886
0.08720779088855402 -0.003312554587596207
0.08667803244549888 -0.0027657360115938443
0.08741067987267925 -0.002775051706272508
0.08882541858166593 -0.0030848514205798327
0.08963325301369396 -0.003127286372952634
0.08874420215334511 -0.002422190787721399
0.08733783097925629 -0.0014891986385580705
0.08584271655712028 -0.0005171090945296501
0.083942653361892 0.0006333701402429102
0.08248034834509999 0.001591006065219579
0.08281793709454921 0.001755726674191112
0.08332908450538135 0.0018439890008968049
0.08316945618476579 0.002227753119397053
0.08312635340281627 0.0025601803923501454
0.08239612058325163 0.0031953114221138688
0.0807571036996102 0.004230794719775126
0.07968545672718641 0.00501632988068893
0.08152112120586485 0.004521098560400908
0.08275662774163062 0.004290260461184336
0.08236990849485948 0.004774062055932783
0.08298957276987728 0.00481451914511009
0.08264727045409437 0.005278757149349314
0.08065845220311663 0.006468336337470291
0.07995597866450233 0.007091238053065724
0.08264033586138986 0.006222133281447052
0.08303722858521378 0.006360728544808613
0.08083935331388636 0.007642407290233039
0.08205748880499075 0.0074192181816178865
0.08297845567802686 0.007326941154494383
0.08121864652908006 0.008415653706167425
0.08015628522214102 0.009197097786375242
0.08101656193954698 0.009131556763165107
0.08243235574197683 0.008821292245593824
0.08340798035250752 0.008704936692581268
0.08485258294252263 0.00838198095928279
0.08586001531247567 0.008251613045096319
0.08559158555301194 0.008683304241334068
0.08474084142665639 0.009371524013423668
0.08386028480394825 0.010072877167869407
0.0829418876313116 0.010790900325554846
0.08342279456447166 0.010892484133890996
0.08498451176764099 0.010517935572676808
0.08872990182420681 0.009181407505104378
0.09013542638004879 0.008875666927439105
0.08361754090322415 0.012060448320609976
0.07778371018080155 0.014943881160613535
0.08843266746492762 0.010566105324012828
0.09143918452492539 0.009555075043068274
0.08698820938398655 0.011829314648118443
0.09082422655319011 0.01045286236527613
0.09358752843425422 0.00954897634699229
0.08736152338635894 0.012605174838882731
0.08024232849605795 0.01605485274887608
0.08557147929714237 0.014020626133267019
0.08842960281330559 0.013074968075008013
0.09129251068754263 0.01212720235011254
0.0964932740977813 0.010149534590687653
0.09758477912091523 0.009982129915578264
0.09609532007153465 0.010951768611454879
0.09573111494324438 0.011425651998652846
0.10211761126709895 0.008925630004188155
0.10455354164214259 0.008165961870587664
0.1086633601753556 0.00666889110747236
0.1159479505715233 0.003773229220794336
0.11823994359060164 0.0030769702129805473
0.11712189073650048 0.003882948246140203
0.12042934860250631 0.002739343670673227
0.12972982289265822 -0.0010443811830350388
0.14171955349351828 -0.006012811636861904
0.14159622680058237 -0.0056450431001435425
0.14247690204131747 -0.005719570341857998
0.14652016468709772 -0.007187321053831873
0.1487717458844915 -0.007865777328871486
0.16157911313092765 -0.013194403539800156
0.15629812036779822 -0.010554513951410351
0.15836248886692972 -0.011150496893149061
0.16965689325750688 -0.015812613347841245
0.16999676198217117 -0.01564889758325735
0.169604623655373 -0.015162708706036098
0.17234036331742608 -0.016054452662931398
0.1755064322628097 -0.01713577078195726
0.17721131931331935 -0.017573390356238134
0.18612581358523794 -0.021187078353543293
0.18671274912612557 -0.02113220362416234
0.18488844419149042 -0.020015098387703982
0.18994671435215826 -0.021929993197569008
0.19298605356971543 -0.022955482715334485
0.1894344879891232 -0.021077462518118376
0.20186968631457902 -0.026242092060644928
0.2034760840512171 -0.0266363238621683
0.19994595274264615 -0.024767746164723308
0.20322942705319247 -0.025900785197459898
0.20409901620376503 -0.025970428652884906
0.2053536702898302 -0.026209705840755205
0.20897733614774472 -0.02749261040682729
0.2177168639895357 -0.03102921995356619
0.21210666440312265 -0.028244303963048643
0.21850515167495055 -0.030749608363343606
0.2234359388194167 -0.032608342723714566
0.2200545033392467 -0.030805270415220163
0.22342439441770212 -0.031976378868293645
0.22772700008453417 -0.03355837868630044
0.22069362098305212 -0.030146505445645413
0.23327204039624116 -0.03537427262759168
0.234798097820498 -0.03573311188671806
0.23124571517081516 -0.03385473174377139
0.23370876232615445 -0.03462634570839787
0.2342666448814419 -0.034558672186055565
0.23939585117478313 -0.03650481668874257
0.2379438049912359 -0.0355517036405151
0.24163231911194805 -0.036863175993074704
0.2328002543598755 -0.03265892273470896
0.2065863335608713 -0.020797391842649022
0.16859551148192642 -0.0037477497085199375
0.13350341504358043 0.01202490871604188
0.11777062800053906 0.019269156455566455
0.10744060056816185 0.024133311400900265
0.08026977969229332 0.036416388158745136
0.06848752023314275 0.04192029893841104
0.09157209868367233 0.03206426820004794
0.11430499697702223 0.022363120051136325
0.12497461464080917 0.017976242639729457
0.13085283722196606 0.015700131897966724
0.13508739317854412 0.014148110209044686
0.13814606942146468 0.01311410209744111
0.14301018016157307 0.011284740879869429
0.14777057943604932 0.009501067964168372
0.15013524668791356 0.008772793573431461
0.15205760181448236 0.008239372179692757
0.1543597812558768 0.007538625718780854
0.15668139768835676 0.006829316625851798
0.15862748697046603 0.006285439558226407
0.16038039637769685 0.005826664560897198
0.16206163656407013 0.005399462205776889
0.16363469447598966 0.005019917690435079
0.1651207028696393 0.004678721342715436
0.1665316357195643 0.004370598234139413
0.1678773615780731 0.0040912009437719995
0.16916609703715468 0.00383690979337546
0.17040474352636314 0.0036046844768961475
0.17159914282489797 0.0033919514990131804
0.17275427413757827 0.003196517356708626
0.17387440816752409 0.003016500665198693
0.17496322896285532 0.002850278480466715
0.17602393125359939 0.0026964434191632555
0.17705929891175454 0.002553769094374618
0.1780717687124158 0.002421182026756624
0.17906362055259128 0.002297721900186506
0.18003646589146904 0.0021825907074844676
0.18099211935539183 0.002075033099514515
0.18193206840989617 0.001974393798926003
0.1828576391509511 0.0018800886169544298
0.1837700173868293 0.0017915951661669099
0.18467026650437668 0.0017084449897833522
0.18555934267891394 0.0016302168612170507
0.18643810787811632 0.0015565310554383188
0.18730734102475033 0.0014870444314234769
0.18816774761555766 0.0014214461947208842
0.1890199680398188 0.001359454232850348
0.18986458479810286 0.0013008119352081213
0.19070212878706272 0.001245285424407562
0.19153308478812248 0.001192661138332818
0.1923578962750947 0.0011427437122252808
0.19317696963714415 0.0010953541183304316
0.1939906778982048 0.0010503280273718202
0.19479936400135678 0.0010075143616758075
0.1956033437162099 0.0009667740143732186
0.19640290821866668 0.0009279787129299013
0.19719832638517754 0.0008910100084515644
0.19798984683753895 0.0008557583748831563
0.19877769976917703 0.0008221224044711598
0.19956209857955454 0.0007900080877538834
0.20034324133969617 0.0007593281679488463
0.2011213121087425 0.0007300015609685717
0.20189648211879874 0.0007019528334549903
0.20266891084311212 0.0006751117322127211
0.20343874696067754 0.0006494127592685146
0.20420612922872627 0.0006247947875113486
0.20497118727312968 0.0006012007124938432
0.2057340423055236 0.000578577136515232
0.2064948077749016 0.0005568740815732257
0.20725369647127767 0.0005360418599675223
0.20801059476477746 0.0005160424228254519
0.20876570294998054 0.0004968315870953526
0.20951910885276637 0.0004783706625971167
0.210270895024532 0.00046062328273298016
0.2110211391193686 0.0004435552383291708
0.21176991423988856 0.0004271343252874713
0.21251728925467472 0.00041133020473846057
0.21326332909000523 0.00039611427452748607
0.21400809499822682 0.00038145955098692347
0.21475164480491027 0.0003673405600564639
0.21549403313669568 0.0003537332369096399
0.21623531163154808 0.00034061483332927656
0.21697552913297047 0.00032796383215058587
0.2177147318695667 0.0003157598681575367
0.21845296362121402 0.0003039836548782436
0.21919026587298385 0.00029261691677829693
0.21992667795783616 0.00028164232639886277
0.22066223718902278 0.00027104344602889627
0.22139697898304256 0.0002608046735392306
0.2221309369739164 0.00025091119204031967
0.22286414311948266 0.00024134892305656262
0.22359662780034073 0.00023210448293745146
0.22432841991202856 0.00022316514225096204
0.2250595469509553 0.00021451878792697466
0.22579003509457451 0.00020615388793885663
0.22651990927623333 0.00019805945832938028
0.2272491932551035 0.00019022503240424587

(base) E:\A-SVNcontrol\MLT>D:/acadocon/python.exe e:/A-SVNcontrol/MLT/Ffunction.py
0.0007115032599998017 0.0
-0.009209652201349172 0.00013383832470540934
-0.028735233322713327 0.00038857211851362416
-0.04852767329507657 0.0006466649888975994
-0.06520101106692522 0.0008654962385687768
-0.07903837551872073 0.0010486297477255927
-0.09072899366142906 0.00120474113652844
-0.10227616266828221 0.0013590468679668332
-0.11141873650518619 0.0014830848192763464
-0.1174002982551201 0.0015673336026761032
-0.12242762897349735 0.00163957103445334
-0.12727600636043945 0.0017095558944011271
-0.13175119461756424 0.001774843245537974
-0.13583270587018603 0.0018351751859265225
-0.14172138687124658 0.0019182548452993293
-0.145107050336712 0.0019698278254146337
-0.14590200563709743 0.0019887903440719123
-0.14657587922861381 0.002006228737168289
-0.1474788560346667 0.002026550961231253
-0.14840669613263913 0.002047186151357519
-0.14820610431786463 0.0020536172330863547
-0.14693218733336266 0.002046537873750898
-0.14700901087496732 0.002056460901732394
-0.1467983761555871 0.0020627655938263655
-0.14563529786472884 0.0020570813885921204
-0.14439501799635934 0.002050425448199627
-0.14329625974956173 0.002045550869906585
-0.14235622826799244 0.0020426742733769825
-0.14162363533294098 0.0020424088169360456
-0.1400450369322428 0.002031494275328987
-0.13674738342649562 0.00199894118329345
-0.13203942014913395 0.0019486358272075002
-0.12761839922976748 0.0019019423634428476
-0.12504070760278552 0.0018784517734976634
-0.12415102619124241 0.0018762089572115434
-0.12231470514043252 0.0018620503507981914
-0.11851876002902628 0.0018232250130875416
-0.1156393511688023 0.0017959365398618056
-0.11230593169532455 0.0017629332571920727
-0.10773183096588923 0.0017143128925704626
-0.10260390947455988 0.0016587213481749354
-0.0965762236738712 0.0015918040305164473
-0.09139441798895831 0.0015355341950107028
-0.08656700417171237 0.0014837252960125118
-0.0843731641363803 0.0014650664283490664
-0.08338374142449823 0.0014615680957717951
-0.08071165365320354 0.0014368892967276943
-0.07623712548338091 0.0013895223369650178
-0.07053286927983038 0.001326676143485586
-0.06326542186140216 0.0012441533827356186
-0.05699008810145045 0.001174118815189138
-0.05311331819429199 0.0011342761099768367
-0.04943129135675406 0.0010968846905061236
-0.04409498115965249 0.0010386700585035896
-0.038069351147917985 0.0009717786432120017
-0.03354421445852296 0.0009237745870412815
-0.030696086051406724 0.000896879893496863
-0.027240045539763003 0.0008623331089974806
-0.021142898714536784 0.0007945414272599587
-0.016714109526127174 0.0007477501931910981
-0.013692000192719433 0.0007186655191009445
-0.009241370993628095 0.000671599374445503
-0.0030380827940064137 0.0006024716408202189
0.004942484708124084 0.0005109724863161692
0.010046876035524122 0.00045567712726882035
0.01652995052263151 0.0003830275907675869
0.022500655893757937 0.0003168275254244851
0.02544531099736247 0.00028871780450913967
0.0277425093632786 0.00026875791645199237
0.03135847571890338 0.0002321980316404534
0.037437960473411636 0.00016462870853758613
0.04562889458664188 7.048156959298997e-05
0.05222498354570604 -3.590533739324451e-06
0.055684084530980726 -3.817584187372808e-05
0.05791752727534316 -5.733319505637421e-05
0.06100767798123741 -8.727440115338214e-05
0.06625889660075046 -0.0001444179324698805
0.07358817157380315 -0.000227718958600317
0.07798332469076286 -0.00027408678687604673
0.08248140748974464 -0.00032175030287979155
0.08902850142192875 -0.0003952056321901667
0.09536999631188792 -0.0004660730013011409
0.09966187116874892 -0.0005111408674182491
0.10236987000912023 -0.0005362716961436455
0.10673773087218308 -0.0005822959964454181
0.11270259944277683 -0.0006484226289706958
0.11712234039433866 -0.0006950999685851329
0.12292515365618328 -0.0007591866836263979
0.12752790233512457 -0.0008081676787688247
0.1288213360413195 -0.0008154926539991736
0.12871682085083336 -0.0008052210706694567
0.12870089158079878 -0.0007960645603914169
0.13336058058554556 -0.0008457621897569483
0.14097907831977352 -0.0009327038504890277
0.14594393124338012 -0.000986242811141136
0.14532968827528236 -0.0009695549540838512
0.14121903943066627 -0.0009088562638682057
0.13815864010918233 -0.0008613775757691755
0.13923790639137934 -0.0008660067113343744
0.1430565046724297 -0.0009051172330121597
0.1464830049609276 -0.000939292130343693
0.14834743662927252 -0.0009538046162126568
0.15081042928248678 -0.0009758514734649643
0.1510379935702062 -0.0009697598441254299
0.1472786251027074 -0.0009134828994331016
0.1432651352812897 -0.0008540071959849253
0.14244375458665814 -0.0008347119979905368
0.1441104115754186 -0.0008467350000408896
0.143848012152759 -0.0008344760654864743
0.14422675424815168 -0.0008302873830088827
0.14417154651005148 -0.0008206364559993828
0.14063573341646673 -0.0007671734963811967
0.1351324763822177 -0.000688945297396874
0.13179881100541024 -0.0006380268670932374
0.13204146450475918 -0.0006321252735264261
0.13319326293267864 -0.0006376674182440853
0.13022531572261187 -0.000591352456190915
0.12278528078694961 -0.0004887452020649358
0.11216005849281885 -0.0003460443938454367
0.09879583943743597 -0.00016886663329553712
0.0849094425646868 1.488412813260523e-05
0.0755294341012629 0.00014191075037924054
0.06990140167399517 0.00022170946838124677
0.06493759574546232 0.0002931473401033256
0.06015369472357435 0.0003623205626258165
0.05360341782257194 0.00045372800980836807
0.04347363233429036 0.0005901925196611517
0.032326297204079424 0.0007394653219963289
0.028254578637927352 0.000799673965720788
0.027900976068281125 0.0008130810308877425
0.025662642069100627 0.0008502119923619344
0.023863487486529777 0.0008818148065330939
0.020064731035212446 0.0009385876471835991
0.010778164085643027 0.0010644380767184706
0.0008658345180947435 0.001198165264923662
-0.0002818117225160677 0.0012215673222942568
-0.000743568482086232 0.0012363356749142838
-0.00792072493713647 0.0013356340408716254
-0.011854494359674561 0.0013941062657985782
-0.013553872787134935 0.0014244531375323982
-0.020285250372971575 0.0015181407388917025
-0.029457600840018472 0.001642553458730077
-0.03506271782971737 0.0017220637166489344
-0.03622054105999695 0.0017455937759220767
-0.035543167435790224 0.0017460233408213499
-0.032887123207999025 0.0017215464391288377
-0.030232940277365117 0.0016970929664676263
-0.03094563953542462 0.0017150200389053683
-0.03567550232874339 0.001783513056581255
-0.043055194847475775 0.0018853607394602985
-0.051976066284915134 0.0020066079733213615
-0.0580720720620036 0.002092297281538557
-0.05924523131520942 0.0021160203826155713
-0.05138510819846687 0.0020260372684416947
-0.043688293789159616 0.0019381097985264246
-0.057080448887212754 0.002115639203312703
-0.08429429504038666 0.002467148797567466
-0.07758638948915575 0.0023916691930985627
-0.06423827206693744 0.0022326060882592383
-0.06653607290431296 0.0022704855870678037
-0.06239455617530609 0.002227310337526135
-0.05416066612237813 0.002132622441418068
-0.06579886181996386 0.0022880739262454036
-0.09492799887608783 0.002663692196700118
-0.10340825228366413 0.0027793931621622322
-0.10116465010902687 0.002760107864468576
-0.09166717409140546 0.0026495146117243205
-0.07393647422290428 0.0024352858602702332
-0.06069691146512923 0.0022775891845467564
-0.05853273033746831 0.0022593048560372577
-0.06120540441246902 0.0023019030623215478
-0.04888805282547537 0.002155814696578457
-0.03517746868313765 0.0019921890509913376
-0.01677178945421076 0.001769464013768342
0.011581690375855658 0.0014215212859980749
0.03484415797905882 0.0011376615469361588
0.044440820556104654 0.0010258197858631088
0.05567704941845619 0.000893340025298828
0.08482045328693744 0.0005354541485085413
0.13437318810866827 -7.933366973077861e-05
0.16580042684210383 -0.00046596726059838024
0.18496021182395594 -0.0006981845850712256
0.20322910800342697 -0.0009191878690901786
0.21941714663472567 -0.0011139984109153228
0.2608764335939284 -0.001626910157192137
0.2741281345706881 -0.001784759622442643
0.28532345680099525 -0.0019167244718020775
0.3174024593698874 -0.0023115621236005145
0.34062613686825216 -0.002594933593190796
0.3522313282586609 -0.0027320576603222686
0.3636038104195265 -0.002866252505863987
0.377564249025113 -0.003033023188240131
0.3899916779211665 -0.0031804971493499374
0.4194731536116407 -0.0035426384967197216
0.43954224600700087 -0.0037863017054520095
0.4463155142819204 -0.0038626040615658795
0.4599265344097816 -0.004024976447618089
0.47584832919629605 -0.004216435651725243
0.47614329905883324 -0.004211192589067759
0.5056732011589204 -0.004573942243906349
0.5288460952885856 -0.004856674479116882
0.5345959516378826 -0.004920094663287051
0.5419586796636437 -0.005003816829229386
0.5480812317520503 -0.005071928311667441
0.5539986373162336 -0.00513745751737737
0.5658255774709247 -0.005277372841517224
0.5950910752005072 -0.005636795571721582
0.5994776355622164 -0.0056830553018435105
0.6159227125369711 -0.005881101307369783
0.6367357021994593 -0.006134128304292925
0.6422066821123806 -0.0061940381383152505
0.6506326542454488 -0.00629114386278901
0.6658713609853919 -0.006474004713243737
0.6571168634756361 -0.006354851707024284
0.6809096734953499 -0.006645387117951529
0.6999206307305528 -0.006875731076896383
0.7037965433248985 -0.006915563041055136
0.7077001741205251 -0.006955743907377221
0.7109833440128952 -0.006988114737642454
0.7247676171038933 -0.007152667941022561
0.7295261819387449 -0.007203610268119191
0.7404349670930657 -0.007331968339221829
0.7229650997337558 -0.0071031108336277095
0.6419987277850012 -0.0060749926691896425
0.4853748840344849 -0.004094537976154754
0.2888417915323558 -0.0016117266154981509
0.12023545045000361 0.0005195574621455548
-0.008876770258879674 0.002153710290214859
-0.15451481579948734 0.003995881523838087
-0.27773865617195526 0.005555914512120238
-0.2970616765063241 0.005808099793053078
-0.24211294038573072 0.005125389943811557
-0.17381220669560093 0.00427461216007024
-0.11874008688185711 0.003590349221686059
-0.0795027440434879 0.0031054061412973616
-0.053031486323654065 0.002781155837128089
-0.028642635862766497 0.002483117782098015
-0.004343354934654542 0.0021862071813151126
0.014750313322927866 0.0019548220994506336
0.02889052374572998 0.0017857885438343662
0.04098906366338184 0.0016424544644908032
0.0523654709906296 0.0015082102110157392
0.06261784787105995 0.0013881146625961168
0.07168222378447808 0.0012829730465502625
0.07982077160216505 0.0011894852684369212
0.0871747884399241 0.0011058727543550384
0.09385766305634036 0.0010307082261502146
0.09996171347952298 0.0009628296329592036
0.10556302516345539 0.0009012792510382666
0.11072494712959724 0.0008452596761689505
0.11550068864149665 0.0007941011380807114
0.119935289174947 0.0007472367035020647
0.12406713785200196 0.0007041831503218689
0.12792916132448084 0.0006645260151363085
0.13154976319859912 0.000627907768264509
0.13495357449185263 0.0005940183673916258
0.13816205855147246 0.0005625876431727032
0.14119400264570459 0.0005333791113400107
0.14406631354096078 0.0005061812171428084
0.14679275738856035 0.0004808181620018486
0.14938665376919147 0.00045712354477650893
0.1518594708787191 0.0004349530098392047
0.15422143277137224 0.00041417786216386146
0.15648168189861877 0.00039468302137170194
0.15864841685622366 0.0003763652878443974
0.16072900965083647 0.00035913186663303124
0.16273010595852355 0.00034289910545675506
0.1646577111882408 0.00032759141138110454
0.1665172646423514 0.0003131403173240539
0.16831370365183318 0.00029948367475553787
0.17005151923208928 0.00028656495313209696
0.1717348045379552 0.00027433262996955977
0.17336729718097388 0.00026273965817674917
0.17495241629550407 0.0002517429994855044
0.17649329509735168 0.00024130321462048174
0.1779928095600667 0.00023138410233680516
0.17945360373710173 0.00022195238067780284
0.1808781121774672 0.0002129774048189875
0.18226857981537847 0.00020443091670725976
0.18362707965872005 0.0001962868224078067
0.1849555285542337 0.00018852099366043707
0.18625570126793178 0.0001811110906423469
0.18752924308622454 0.00017403640335214826
0.1887776811149635 0.0001672777093833538
0.19000243442989273 0.00016081714615560233
0.19120482321172716 0.00015463809592720907
0.19238607698167698 0.00014872508213073426
0.1935473420384568 0.00014306367575985768
0.19468968818508614 0.00013764041069604896
0.195814114822781 0.00013244270700146774
0.1969215564799356 0.000127458801323393
0.19801288783583004 0.00012267768365838302
0.19908907848907376 0.00011808840795564995
0.20015059434384597 0.00011368259216309358
0.20119830866033794 0.00010945050288744932
0.2022328985664359 0.00010538361679851925
0.20325500052433654 0.0001014739224443003
0.20426521323853564 9.771388364679985e-05
0.20526410032216091 9.409640594013352e-05
0.2062521927444223 9.061480576270537e-05
0.20722999107977813 8.726278214595439e-05
0.20819796757709952 8.403439066913936e-05
0.20915656806517546 8.092401947346585e-05
0.21010621370940186 7.792636715011211e-05
0.2110473026328208 7.503642233531972e-05
0.21198021141346857 7.2249444862465e-05
0.2129052964688043 6.95609483357673e-05
0.21382289533687526 6.69666840035337e-05
0.21473332786300858 6.446262582055363e-05
0.21563689730002267 6.204495659981163e-05
0.2165338913289787 5.971005516305151e-05
0.21742458300719392 5.745448440818922e-05
0.21830923164927896 5.5274980219065164e-05
0.21918808364664244 5.316844114988878e-05
0.22006137323037223 5.113191882274568e-05
0.22092932318190606 4.9162608982083865e-05
0.2217921454955274 4.7257843155023304e-05
0.22265004199652338 4.5415080870814865e-05
0.22350320491825926 4.3631902396749335e-05
0.22435181744133814 4.1906001951583265e-05

(base) E:\A-SVNcontrol\MLT>D:/acadocon/python.exe e:/A-SVNcontrol/MLT/Ffunction.py
0.0007115032600069071 0.0
-0.012367927648327282 6.075358771622112e-05
-0.03790463815489886 0.00017638557818290746
-0.06378747396396989 0.00029354236323918655
-0.08562472397389342 0.00039287701608403664
-0.1037836164092738 0.00047600729836175796
-0.11915810288594741 0.0005468713574719626
-0.13434653088199866 0.0006169157697185481
-0.14641611398158716 0.0006732206477989467
-0.1543857524997918 0.0007114639227616912
-0.16111771982085088 0.0007442548528449301
-0.16761757831622504 0.0007760232669894138
-0.1736333973197901 0.000805659328429832
-0.1791386030666331 0.0008330459670518661
-0.18698777220826912 0.00087075853842669
-0.19159043892886984 0.0008941691988493951
-0.1928328658874534 0.0009027769055216145
-0.19391824529296287 0.0009106927618127226
-0.19530077966541626 0.0009199176831864439
-0.196715562606272 0.0009292846700800441
-0.1966667294717439 0.0009322039481626338
-0.1952257559522792 0.0009289903956969407
-0.19553674004322374 0.000933494782255957
-0.19547488150048764 0.0009363566879544778
-0.19417766909025147 0.0009337764415111976
-0.1927803243963382 0.0009307550927356555
-0.19156653735662132 0.0009285423624092878
-0.19055862483865837 0.0009272365812739512
-0.1898197677445097 0.0009271160819236731
-0.1879836113621991 0.0009221616149399724
-0.1839177800454479 0.0009073847030444569
-0.17802272651329076 0.00088454945857849
-0.1724998476584716 0.0008633537700278146
-0.16936783234565667 0.0008526906238782958
-0.16842522564813578 0.000851672536299345
-0.16625479417643874 0.0008452454823253329
-0.16154266073793622 0.0008276213932207527
-0.15801930691527843 0.00081523426378372
-0.15390708617127302 0.000800252995652845
-0.14818565709514075 0.0007781826238566097
-0.14174590351005634 0.0007529478058315948
-0.13413912351639112 0.0007225718493404503
-0.1276294796335975 0.0006970291328225901
-0.12157949542030622 0.0006735113811121175
-0.1189453491891328 0.0006650415115454472
-0.11787337390562413 0.0006634535041076555
-0.11461892345717217 0.0006522509910325932
-0.10902664440136789 0.0006307495806471405
-0.10183936313575259 0.0006022216404133747
-0.09262456909841887 0.0005647618635158144
-0.0846965812454954 0.0005329708854684721
-0.07987961548718658 0.0005148849800202754
-0.07531523748225766 0.0004979117932469941
-0.06860519638026119 0.00047148627006805263
-0.061001083411611035 0.00044112207150740374
-0.055343161831984844 0.0004193314622501407
-0.051860380753723234 0.0004071230822741646
-0.04758911589212289 0.00039144116824082353
-0.03989224190046059 0.00036066830933111977
-0.034359287623161094 0.0003394282396454757
-0.030650847134126025 0.0003262257559591087
-0.02508956559105968 0.0003048608953776377
-0.017255022485230143 0.0002734815588709134
-0.007115286196963666 0.0002319471036141138
-0.0007060520661639202 0.00020684673379420317
0.007491383743612801 0.00017386873591440676
0.015024257809130859 0.00014381836367988976
0.018632237424483833 0.00013105844308862496
0.02140044306364075 0.0001219979978644713
0.025879138288587455 0.00010540227183695475
0.03355310305916248 7.473034877536984e-05
0.04396569227743896 3.1993886878588476e-05
0.05230971185186206 -1.6298605572076694e-06
0.05658494625593846 -1.7329261726946783e-05
0.059270458303458895 -2.6025410154942456e-05
0.0630671523427111 -3.9616701699781296e-05
0.06966682636398502 -6.555601728739787e-05
0.07896181322200846 -0.00010336907426495698
0.0844511400287189 -0.0001244169462295884
0.09007397175624021 -0.0001460529731805443
0.0983544418609199 -0.00017939674673945986
0.10636824303796288 -0.00021156576062227768
0.11172361547907883 -0.00023202353729689842
0.11502464385341682 -0.00024343124141087554
0.1204785719392163 -0.0002643231748060074
0.12800387635923016 -0.0002943402134856645
0.1335250947535087 -0.0003155285827578251
0.1408402065220713 -0.00034461963625295744
0.146598793595345 -0.00036685371002340535
0.14806507980451045 -0.0003701787555673904
0.14771817896325956 -0.0003655161483494654
0.14748617719189383 -0.000361359709216087
0.15331861550403403 -0.00038391908667088437
0.16298873569404293 -0.0004233847466237158
0.1692169844742324 -0.00044768782983528946
0.1682089466097807 -0.0004401126663702873
0.16266594882179675 -0.0004125595480210189
0.158485162083565 -0.0003910074204938357
0.15967366527699767 -0.00039310873634809207
0.16441518156833013 -0.0004108622797715362
0.1686481305282399 -0.0004263753820708527
0.17085502335557123 -0.00043296307349004214
0.17383827093648563 -0.00044297086220746124
0.1739220868366118 -0.00044020567265335776
0.1688347124108418 -0.0004146597290434696
0.16341773331005527 -0.0003876617643395921
0.16214103049297535 -0.0003789030436485331
0.1640914025705058 -0.0003843606770378197
0.16353972059671662 -0.0003787959461776688
0.16381961945678825 -0.00037689456636827646
0.16353667212405298 -0.0003725136953292444
0.15873925662280897 -0.00034824511146971417
0.15138999471170678 -0.00031273477644918056
0.1468547719440636 -0.0002896212375683457
0.14695816146129914 -0.0002869423114594308
0.1482407417084204 -0.00028945807199350364
0.14417986832937402 -0.000268434197734287
0.13431853910374514 -0.00022185741318782505
0.12032590721406677 -0.00015708085469143355
0.10278070209113821 -7.665408126442808e-05
0.08455821150636211 6.756391983193725e-06
0.07218066804659884 6.441792543366685e-05
0.06466957011980412 0.00010064117034089284
0.058019995359799736 0.0001330691539956528
0.05160376599876315 0.0001644691393988172
0.0428964843926849 0.00020596196570656124
0.029546451551468067 0.00026790766465146983
0.014876622938487571 0.0003356674659660614
0.009384119394724166 0.00036299813620450016
0.008714141042375445 0.00036908404105597307
0.005599602083179889 0.00038593899743618226
0.003054694053133744 0.0004002845471660749
-0.0020837703560943055 0.00042605559415094584
-0.014340116869689723 0.00048318321530654666
-0.027408099319430335 0.0005438863545347931
-0.029107980081519713 0.0005545093128565884
-0.02991823586464193 0.0005612131505525531
-0.039438604488694295 0.0006062879226669335
-0.04475218341441689 0.0006328303756891258
-0.047167677947626885 0.0006466058121185018
-0.05610986661253037 0.0006891336748934817
-0.06821807001425384 0.0007456086726517944
-0.07569944551153185 0.0007817009761040763
-0.07741252381266861 0.0007923820386709104
-0.0767452869282863 0.0007925770322114022
-0.0735116443346584 0.000781466166939661
-0.07028041590926648 0.0007703659368705896
-0.07141615268547241 0.0007785036206785623
-0.07776229255406975 0.0008095948388814189
-0.08754535523512175 0.0008558268292257794
-0.09932738144686937 0.0009108649094912113
-0.10744545705192365 0.0009497620857266015
-0.10917842671685207 0.0009605307762743614
-0.09919490986543167 0.0009196845012483234
-0.08942321017973143 0.0008797713503035488
-0.10700464933739795 0.0009603577465367031
-0.14251331032302517 0.0011199194342270968
-0.13402426037934845 0.001085656776046186
-0.11692262093987438 0.0010134528366025253
-0.12011429049007916 0.0010306475785314764
-0.11495393755816963 0.0010110489223470606
-0.10448563177966719 0.0009680669931087208
-0.11979212360101599 0.0010386315002471804
-0.1577849845839836 0.0012091369036293213
-0.1689955136373129 0.0012616573514870335
-0.1662968229644548 0.0012529031248658929
-0.1541896015281452 0.0012027012346658374
-0.1314035977528789 0.0011054558061127677
-0.11444275755006572 0.0010338721334822963
-0.11184710848581858 0.0010255722794727735
-0.11552500187518433 0.0010449089968722382
-0.09976030215651122 0.0009785947153536385
-0.08218853056960995 0.0009043196896188118
-0.05852705470665853 0.0008032175194047896
-0.021962929857721747 0.0006452749489314923
0.007997972190480596 0.0005164217404490884
0.02023384210014001 0.00046565311153323687
0.034596287432492545 0.000405516220461253
0.07218497167922067 0.00024306012983225394
0.13624527954273447 -3.601214430505923e-05
0.17679617833172756 -0.00021151776146303473
0.20143575601019847 -0.0003169287909468563
0.22491981942340544 -0.0004172494011365901
0.2457049370484441 -0.0005056802699992224
0.29926775697030905 -0.000738507667059798
0.31624434087217423 -0.0008101606958478042
0.3305537288569269 -0.000870063851903166
0.37194998837719595 -0.0010492935603219056
0.4018605782884066 -0.0011779251273407048
0.41670158106067845 -0.0012401702208803447
0.4312407517371071 -0.0013010856450507283
0.4491365933939875 -0.0013767883057238532
0.46504406727318326 -0.0014437315542430201
0.5030712426222266 -0.0016081193419826517
0.528890224155603 -0.001718726032237604
0.5374640518621447 -0.0017533621642672138
0.5549066854031821 -0.0018270682945585796
0.575346475351111 -0.0019139778817519684
0.5755177210405265 -0.0019115978843352028
0.6136076774509434 -0.0020762618027066683
0.6434523995379777 -0.0022046032003584584
0.6506988258043549 -0.002233391693717458
0.6600372036422897 -0.002271395919813125
0.6677670294552911 -0.002302313946707816
0.6752307729754392 -0.0023320597938396846
0.6903593917327271 -0.0023955719301181695
0.7281064360327036 -0.0025587256487166186
0.7335846192173392 -0.002579724451397968
0.7547031246589029 -0.0026696240029283028
0.7814869672408946 -0.002784481222532463
0.7883716809123626 -0.0028116762532858068
0.7990891239379607 -0.002855755713803182
0.8186429245456708 -0.00293876222738901
0.8070766911986169 -0.0028846747854628005
0.8377254661060647 -0.0030165582994808398
0.8621720089367813 -0.0031211189471537725
0.8669878639182116 -0.0031391999768868827
0.8718396703864215 -0.0031574393847096094
0.8758867171328149 -0.0031721335620335904
0.8935540658907115 -0.0032468296365514328
0.8995147520255244 -0.0032699540229672503
0.9134524912950326 -0.00332821994454826
0.890582115207252 -0.003224334046609596
0.7853545283748105 -0.0027576376259594365
0.581996526492432 -0.0018586445447464743
0.3268748183816683 -0.0007316153614800704
0.1079750939369859 0.000235844104590779
-0.059699360458552064 0.0009776394565599947
-0.24880839376825747 0.0018138611582031612
-0.4088454107418755 0.0025220110936003096
-0.4341194214417925 0.00263648623081991
-0.3630603091713027 0.0023265819279835007
-0.27468318412505255 0.0019403860993573582
-0.2034640388435065 0.001629776798623916
-0.15278315898126493 0.001409645292669864
-0.11866034273668902 0.0012624574872358118
-0.08723848230992814 0.0011271682779686121
-0.055932796733031864 0.0009923908570150537
-0.03137897478282525 0.0008873576096382621
-0.013249962724955822 0.0008106277568795583
0.002230930524632413 0.0007455637359327167
0.016775192280590545 0.0006846258838873654
0.029861546818025886 0.0006301105912662204
0.041407022111201286 0.0005823833770536468
0.051751665640694 0.000539946220577689
0.06107874475989661 0.0005019917690435079
0.06953532869638934 0.0004678721342715436
0.07724115719564395 0.0004370598234139414
0.08429491578073112 0.0004091200943772
0.0907787703715428 0.000383690979337546
0.09676173526364096 0.0003604684476896148
0.10230222824897339 0.0003391951499013181
0.10745004137578462 0.0003196517356708626
0.1122478816752448 0.00030165006651986935
0.1167325896285547 0.0002850278480466715
0.12093611253600045 0.0002696443419163256
0.12488628911754063 0.0002553769094374618
0.1286074871241567 0.0002421182026756624
0.13212160552591 0.00022977219001865063
0.13544655891469404 0.00021825907074844676
0.13859959355391993 0.00020750330995145152
0.14159558409896533 0.00019743937989260033
0.14444779150950637 0.000188008861695443
0.14716807386828634 0.000179159516616691
0.14976706504377546 0.00017084449897833523
0.15225432678913364 0.0001630216861217051
0.1546384787811661 0.0001556531055438319
0.15692731024749662 0.0001487044431423477
0.15912787615556567 0.00014214461947208845
0.16124658039818485 0.00013594542328503482
0.16328924798102662 0.00013008119352081216
0.1652611878706267 0.00012452854244075624
0.16716724788122406 0.00011926611383328181
0.16901186275094915 0.0001142743712225281
0.17079909637143942 0.00010953541183304317
0.17253267898203717 0.00010503280273718203
0.17421604001357593 0.00010075143616758076
0.17585233716209814 9.667740143732187e-05
0.1774444821866723 9.279787129299015e-05
0.1789951638517806 8.910100084515645e-05
0.18050686837538876 8.557583748831564e-05
0.1819818976917702 8.221224044711599e-05
0.18342238579553793 7.900080877538836e-05
0.1848303133969722 7.593281679488465e-05
0.18620752108742522 7.300015609685719e-05
0.1875557211879766 7.019528334549904e-05
0.1888765084311217 6.751117322127212e-05
0.19017136960677306 6.494127592685148e-05
0.19144169228727037 6.247947875113487e-05
0.19268877273130158 6.012007124938432e-05
0.19391382305522598 5.785771365152321e-05
0.19511797774902107 5.568740815732257e-05
0.19630246471278667 5.3604185996752244e-05
0.1974679476477661 5.160424228254519e-05
0.19861552949981842 4.968315870953526e-05
0.19974608852766096 4.7837066259711676e-05
0.2008604502453153 4.606232827329802e-05
0.20195939119369655 4.4355523832917084e-05
0.20304364239888173 4.2713432528747135e-05
0.20411389254675782 4.113302047384606e-05
0.20517079090005552 3.961142745274861e-05
0.20621494998226808 3.814595509869235e-05
0.2072469480491037 3.6734056005646394e-05
0.20826733136695452 3.5373323690964e-05
0.209276616315492 3.406148333292766e-05
0.21027529132970812 3.279638321505859e-05
0.2112638186956559 3.157598681575367e-05
0.2122426362121388 3.039836548782436e-05
0.21321215872983146 2.92616916778297e-05
0.21417277957836234 2.816423263988628e-05
0.21512487189022522 2.710434460288963e-05
0.2160687898304161 2.6080467353923063e-05
0.21700486973917066 2.5091119204031968e-05
0.21793343119482245 2.4134892305656264e-05
0.21885477800341846 2.321044829374515e-05
0.2197691991202788 2.2316514225096208e-05
0.2206769695095403 2.1451878792697468e-05
0.22157835094574807 2.0615388793885665e-05
0.22247359276232714 1.980594583293803e-05
0.22336293255104067 1.9022503240424587e-05