0.0 0.0
0.005714285714285714 2.69220979516837e-06
0.011428571428571429 1.076883918067348e-05
0.017142857142857144 2.4229888156515324e-05
0.022857142857142857 4.307535672269392e-05
0.02857142857142857 6.730524487920922e-05
0.03428571428571429 9.69195526260613e-05
0.04 0.0001319182799632501
0.045714285714285714 0.0001723014268907757
0.05142857142857143 0.00021806899340863793
0.05714285714285714 0.00026922097951683686
0.06285714285714286 0.0003257573852153728
0.06857142857142857 0.0003876782105042452
0.07428571428571429 0.0004549834553834545
0.08 0.0005276731198530005
0.08571428571428572 0.0006057472039128829
0.09142857142857143 0.0006892057075631028
0.09714285714285714 0.0007780486308036587
0.10285714285714286 0.0008722759736345517
0.10857142857142857 0.0009718877360557813
0.11428571428571428 0.0010768839180673475
0.12 0.0011872645196692505
0.12571428571428572 0.0013030295408614913
0.13142857142857142 0.0014241789816440672
0.13714285714285715 0.0015507128420169808
0.14285714285714285 0.0016826311219802306
0.14857142857142858 0.001819933821533818
0.15428571428571428 0.0019626209406777414
0.16 0.002110692479412002
0.1657142857142857 0.002264148437736598
0.17142857142857143 0.0024229888156515316
0.17714285714285713 0.0025872136131568028
0.18285714285714286 0.002756822830252411
0.18857142857142858 0.0029318164669383546
0.19428571428571428 0.003112194523214635
0.2 0.0032979569990812525
0.2057142857142857 0.003489103894538207
0.21142857142857144 0.0036856352095854987
0.21714285714285714 0.003887550944223125
0.22285714285714286 0.004077982911611587
0.22857142857142856 0.0042333381094791294
0.2342857142857143 0.004369993688038976
0.24 0.0044921881834181394
0.24571428571428572 0.0046017748095277065
Traceback (most recent call last):
  File "d:/vscodecode/boom/Ffunction/modelduoduan.py", line 76, in <module>
    rc1 = math.abs(rc)
AttributeError: module 'math' has no attribute 'abs'

(base) D:\vscodecode\boom\Ffunction>D:/acadocon/python.exe d:/vscodecode/boom/Ffunction/modelduoduan.py
0.0 0.0
0.005714285714285714 2.69220979516837e-06
0.011428571428571429 1.076883918067348e-05
0.017142857142857144 2.4229888156515324e-05
0.022857142857142857 4.307535672269392e-05
0.02857142857142857 6.730524487920922e-05
0.03428571428571429 9.69195526260613e-05
0.04 0.0001319182799632501
0.045714285714285714 0.0001723014268907757
0.05142857142857143 0.00021806899340863793
0.05714285714285714 0.00026922097951683686
0.06285714285714286 0.0003257573852153728
0.06857142857142857 0.0003876782105042452
0.07428571428571429 0.0004549834553834545
0.08 0.0005276731198530005
0.08571428571428572 0.0006057472039128829
0.09142857142857143 0.0006892057075631028
0.09714285714285714 0.0007780486308036587
0.10285714285714286 0.0008722759736345517
0.10857142857142857 0.0009718877360557813
0.11428571428571428 0.0010768839180673475
0.12 0.0011872645196692505
0.12571428571428572 0.0013030295408614913
0.13142857142857142 0.0014241789816440672
0.13714285714285715 0.0015507128420169808
0.14285714285714285 0.0016826311219802306
0.14857142857142858 0.001819933821533818
0.15428571428571428 0.0019626209406777414
0.16 0.002110692479412002
0.1657142857142857 0.002264148437736598
0.17142857142857143 0.0024229888156515316
0.17714285714285713 0.0025872136131568028
0.18285714285714286 0.002756822830252411
0.18857142857142858 0.0029318164669383546
0.19428571428571428 0.003112194523214635
0.2 0.0032979569990812525
0.2057142857142857 0.003489103894538207
0.21142857142857144 0.0036856352095854987
0.21714285714285714 0.003887550944223125
0.22285714285714286 0.004077982911611587
0.22857142857142856 0.0042333381094791294
0.2342857142857143 0.004369993688038976
0.24 0.0044921881834181394
0.24571428571428572 0.0046017748095277065
0.25142857142857145 0.004699633560423303
0.2571428571428571 0.004786052814612901
0.26285714285714284 0.004860820701699147
0.26857142857142857 0.00492312445624149
0.2742857142857143 0.004971082820935069
0.28 0.004999195901445842
0.2857142857142857 0.005
0.2914285714285714 0.005
0.29714285714285715 0.005
0.3028571428571429 0.005
0.30857142857142855 0.005
0.3142857142857143 0.005
0.32 0.005
0.32571428571428573 0.005
0.3314285714285714 0.005
0.33714285714285713 0.005
0.34285714285714286 0.005
0.3485714285714286 0.005
0.35428571428571426 0.005
0.36 0.005
0.3657142857142857 0.005
0.37142857142857144 0.005
0.37714285714285717 0.005
0.38285714285714284 0.005
0.38857142857142857 0.005
0.3942857142857143 0.005
0.4 0.005
0.4057142857142857 0.005
0.4114285714285714 0.005
0.41714285714285715 0.005
0.4228571428571429 0.005
0.42857142857142855 0.005
0.4342857142857143 0.005
0.44 0.005
0.44571428571428573 0.005
0.4514285714285714 0.005
0.45714285714285713 0.005
0.46285714285714286 0.005
0.4685714285714286 0.005
0.4742857142857143 0.005
0.48 0.005
0.4857142857142857 0.005
0.49142857142857144 0.005
0.49714285714285716 0.005
0.5028571428571429 0.005
0.5085714285714286 0.005
0.5142857142857142 0.005
0.52 0.005
0.5257142857142857 0.005
0.5314285714285715 0.005
0.5371428571428571 0.005
0.5428571428571428 0.005
0.5485714285714286 0.005
0.5542857142857143 0.005
0.56 0.005
0.5657142857142857 0.005
0.5714285714285714 0.005
0.5771428571428572 0.005
0.5828571428571429 0.005
0.5885714285714285 0.005
0.5942857142857143 0.005
0.6 0.005
0.6057142857142858 0.005
0.6114285714285714 0.005
0.6171428571428571 0.005
0.6228571428571429 0.005
0.6285714285714286 0.005
0.6342857142857142 0.005
0.64 0.005
0.6457142857142857 0.005
0.6514285714285715 0.005
0.6571428571428571 0.005
0.6628571428571428 0.005
0.6685714285714286 0.005
0.6742857142857143 0.005
0.68 0.005
0.6857142857142857 0.005
0.6914285714285714 0.005
0.6971428571428572 0.005
0.7028571428571428 0.005
0.7085714285714285 0.005
0.7142857142857143 0.005
0.72 0.005
0.7257142857142858 0.005
0.7314285714285714 0.005
0.7371428571428571 0.005
0.7428571428571429 0.005
0.7485714285714286 0.005
0.7542857142857143 0.005
0.76 0.005
0.7657142857142857 0.005
0.7714285714285715 0.005
0.7771428571428571 0.005
0.7828571428571428 0.005587867495072836
0.7885714285714286 0.005688664139214738
0.7942857142857143 0.00579036178436923
0.8 0.005892960430536319
0.8057142857142857 0.005996460077715987
0.8114285714285714 0.0061008607259082515
0.8171428571428572 0.006206162375113098
0.8228571428571428 0.00631236502533054
0.8285714285714286 0.006419468676560561
0.8342857142857143 0.006527473328803169
0.84 0.0066363789820583765
0.8457142857142858 0.006746185636326163
0.8514285714285714 0.006856893291606546
0.8571428571428571 0.006968501947899507
0.8628571428571429 0.007081011605205067
0.8685714285714285 0.007194422263523207
0.8742857142857143 0.007308733922853934
0.88 0.007423946583197258
0.8857142857142857 0.007540060244553159
0.8914285714285715 0.007657074906921653
0.8971428571428571 0.007774990570302733
0.9028571428571428 0.007893807234696407
0.9085714285714286 0.008013524900102667
0.9142857142857143 0.008134143566521508
0.92 0.008255663233952954
0.9257142857142857 0.008378083902396971
0.9314285714285714 0.008501405571853592
0.9371428571428572 0.00862562824232279
0.9428571428571428 0.008750751913804585
0.9485714285714286 0.00887677658629896
0.9542857142857143 0.009003702259805917
0.96 0.009124739835418734
0.9657142857142857 0.009228901426701352
0.9714285714285714 0.009323662405856015
0.9771428571428571 0.009411089184379077
0.9828571428571429 0.009492155646600779
0.9885714285714285 0.009567415505308555
0.9942857142857143 0.009637197625764858
1.0 0.00970168438997984
1.0057142857142858 0.009760945831939356
1.0114285714285713 0.009814950878699175
1.0171428571428571 0.009863561219249027
1.022857142857143 0.00990650408182614
1.0285714285714285 0.009943306042497458
1.0342857142857143 0.009973125469188169
1.04 0.009994173779142286
1.0457142857142858 0.01
1.0514285714285714 0.01
1.0571428571428572 0.01
1.062857142857143 0.01
1.0685714285714285 0.01
1.0742857142857143 0.01
1.08 0.01
1.0857142857142856 0.01
1.0914285714285714 0.01
1.0971428571428572 0.01
1.1028571428571428 0.01
1.1085714285714285 0.01
1.1142857142857143 0.01
1.12 0.01
1.1257142857142857 0.01
1.1314285714285715 0.01
1.1371428571428572 0.01
1.1428571428571428 0.01
1.1485714285714286 0.01
1.1542857142857144 0.01
1.16 0.01
1.1657142857142857 0.01
1.1714285714285715 0.01
1.177142857142857 0.01
1.1828571428571428 0.01
1.1885714285714286 0.01
1.1942857142857144 0.01
1.2 0.01
1.2057142857142857 0.01
1.2114285714285715 0.01
1.217142857142857 0.01
1.2228571428571429 0.01
1.2285714285714286 0.01
1.2342857142857142 0.01
1.24 0.01
1.2457142857142858 0.01
1.2514285714285713 0.01
1.2571428571428571 0.01
1.262857142857143 0.01
1.2685714285714285 0.01
1.2742857142857142 0.01
1.28 0.01
1.2857142857142858 0.01
1.2914285714285714 0.01
1.2971428571428572 0.01
1.302857142857143 0.01
1.3085714285714285 0.01
1.3142857142857143 0.01
1.32 0.01
1.3257142857142856 0.01
1.3314285714285714 0.01
1.3371428571428572 0.01
1.3428571428571427 0.01
1.3485714285714285 0.01
1.3542857142857143 0.01
1.36 0.01
1.3657142857142857 0.01
1.3714285714285714 0.01
1.3771428571428572 0.01
1.3828571428571428 0.01
1.3885714285714286 0.01
1.3942857142857144 0.01
1.4 0.01
1.4057142857142857 0.01
1.4114285714285715 0.01
1.417142857142857 0.01
1.4228571428571428 0.01
1.4285714285714286 0.01
1.4342857142857144 0.01
1.44 0.01
1.4457142857142857 0.01
1.4514285714285715 0.01
1.457142857142857 0.01
1.4628571428571429 0.01
1.4685714285714286 0.01
1.4742857142857142 0.01
1.48 0.01
1.4857142857142858 0.01
1.4914285714285713 0.01
1.497142857142857 0.01
1.502857142857143 0.01
1.5085714285714287 0.01
1.5142857142857142 0.01
1.52 0.01
1.5257142857142858 0.01
1.5314285714285714 0.01
1.5371428571428571 0.01
1.542857142857143 0.01
1.5485714285714285 0.01
1.5542857142857143 0.01
1.56 0.01
1.5657142857142856 0.01
1.5714285714285714 0.01
1.5771428571428572 0.01
1.582857142857143 0.01
1.5885714285714285 0.01
1.5942857142857143 0.01
1.6 0.01
1.6057142857142856 0.01
1.6114285714285714 0.01
1.6171428571428572 0.01
1.6228571428571428 0.01
1.6285714285714286 0.01
1.6342857142857143 0.01
1.64 0.01
1.6457142857142857 0.01
1.6514285714285715 0.01
1.6571428571428573 0.01
1.6628571428571428 0.01
1.6685714285714286 0.01
1.6742857142857144 0.01
1.68 0.01
1.6857142857142857 0.01
1.6914285714285715 0.01
1.697142857142857 0.01
1.7028571428571428 0.01
1.7085714285714286 0.01
1.7142857142857142 0.01
1.72 0.01
1.7257142857142858 0.01
1.7314285714285713 0.01
1.737142857142857 0.01
1.7428571428571429 0.01
1.7485714285714287 0.01
1.7542857142857142 0.01
1.76 0.01
1.7657142857142858 0.01
1.7714285714285714 0.01
1.7771428571428571 0.01
1.782857142857143 0.01
1.7885714285714285 0.01
1.7942857142857143 0.01
1.8 0.01
1.8057142857142856 0.01
1.8114285714285714 0.01
1.8171428571428572 0.01
1.822857142857143 0.01
1.8285714285714285 0.01
1.8342857142857143 0.01
1.84 0.01
1.8457142857142856 0.01
1.8514285714285714 0.01
1.8571428571428572 0.01
1.8628571428571428 0.01
1.8685714285714285 0.01
1.8742857142857143 0.01
1.88 0.01
1.8857142857142857 0.01
1.8914285714285715 0.01
1.8971428571428572 0.01
1.9028571428571428 0.01
1.9085714285714286 0.01
1.9142857142857144 0.01
1.92 0.01
1.9257142857142857 0.01
1.9314285714285715 0.01
1.937142857142857 0.01
1.9428571428571428 0.01
1.9485714285714286 0.01
1.9542857142857142 0.01
1.96 0.01
1.9657142857142857 0.01
1.9714285714285715 0.01
1.977142857142857 0.01
1.9828571428571429 0.01
1.9885714285714287 0.01
1.9942857142857142 0.01
2.0 0.01
2.005714285714286 0.01
2.0114285714285716 0.01
2.0171428571428573 0.01
2.0228571428571427 0.01
2.0285714285714285 0.01
2.0342857142857143 0.01
2.04 0.01
2.045714285714286 0.01
2.0514285714285716 0.01
2.057142857142857 0.01
2.0628571428571427 0.01
2.0685714285714285 0.01
2.0742857142857143 0.01
2.08 0.01
2.085714285714286 0.01
2.0914285714285716 0.01
2.097142857142857 0.01
2.1028571428571428 0.01
2.1085714285714285 0.01
2.1142857142857143 0.01
2.12 0.01
2.125714285714286 0.01
2.1314285714285712 0.01
2.137142857142857 0.01
2.142857142857143 0.01
2.1485714285714286 0.01
2.1542857142857144 0.01
2.16 0.01
2.165714285714286 0.01
2.1714285714285713 0.01
2.177142857142857 0.01
2.182857142857143 0.01
2.1885714285714286 0.01
2.1942857142857144 0.01
2.2 0.01
2.2057142857142855 0.01
2.2114285714285713 0.01
2.217142857142857 0.01
2.222857142857143 0.01
2.2285714285714286 0.01
2.2342857142857144 0.01
2.24 0.01
2.2457142857142856 0.01
2.2514285714285713 0.01
2.257142857142857 0.01
2.262857142857143 0.01
2.2685714285714287 0.01
2.2742857142857145 0.01
2.28 0.01
2.2857142857142856 0.01
2.2914285714285714 0.01
2.297142857142857 0.01
2.302857142857143 0.01
2.3085714285714287 0.01
2.3142857142857145 0.01
2.32 0.01
2.3257142857142856 0.01
2.3314285714285714 0.01
2.337142857142857 0.01
2.342857142857143 0.01
2.3485714285714288 0.01
2.354285714285714 0.01
2.36 0.01
2.3657142857142857 0.01
2.3714285714285714 0.01
2.3771428571428572 0.01
2.382857142857143 0.01
2.388571428571429 0.01
2.394285714285714 0.01
2.4 0.01
2.4057142857142857 0.01
2.4114285714285715 0.01
2.4171428571428573 0.01
2.422857142857143 0.01
2.4285714285714284 0.01
2.434285714285714 0.01
2.44 0.01
2.4457142857142857 0.01
2.4514285714285715 0.01
2.4571428571428573 0.01
2.4628571428571426 0.01
2.4685714285714284 0.01
2.474285714285714 0.01
2.48 0.01
2.4857142857142858 0.01
2.4914285714285715 0.01
2.4971428571428573 0.01
2.5028571428571427 0.01
2.5085714285714285 0.01
2.5142857142857142 0.01
2.52 0.01
2.525714285714286 0.01
2.5314285714285716 0.01
2.537142857142857 0.01
2.5428571428571427 0.01
2.5485714285714285 0.01
2.5542857142857143 0.01
2.56 0.01
2.565714285714286 0.01
2.5714285714285716 0.01
2.577142857142857 0.01
2.5828571428571427 0.01
2.5885714285714285 0.01
2.5942857142857143 0.01
2.6 0.01
2.605714285714286 0.01
2.611428571428571 0.01
2.617142857142857 0.01
2.6228571428571428 0.01
2.6285714285714286 0.01
2.6342857142857143 0.01
2.64 0.01
2.645714285714286 0.01
2.6514285714285712 0.01
2.657142857142857 0.01
2.662857142857143 0.01
2.6685714285714286 0.01
2.6742857142857144 0.01
2.68 0.01
2.6857142857142855 0.01
2.6914285714285713 0.01
2.697142857142857 0.01
2.702857142857143 0.01
2.7085714285714286 0.01
2.7142857142857144 0.01
2.72 0.01
2.7257142857142855 0.01
2.7314285714285713 0.01
2.737142857142857 0.01
2.742857142857143 0.01
2.7485714285714287 0.01
2.7542857142857144 0.01
2.76 0.01
2.7657142857142856 0.01
2.7714285714285714 0.01
2.777142857142857 0.01
2.782857142857143 0.01
2.7885714285714287 0.01
2.7942857142857145 0.01
2.8 0.01
2.8057142857142856 0.01
2.8114285714285714 0.01
2.817142857142857 0.01
2.822857142857143 0.01
2.8285714285714287 0.01
2.834285714285714 0.01
2.84 0.01
2.8457142857142856 0.01
2.8514285714285714 0.01
2.857142857142857 0.01
2.862857142857143 0.01
2.8685714285714288 0.01
2.874285714285714 0.01
2.88 0.01
2.8857142857142857 0.01
2.8914285714285715 0.01
2.8971428571428572 0.01
2.902857142857143 0.01
2.9085714285714284 0.01
2.914285714285714 0.01
2.92 0.01
2.9257142857142857 0.01
2.9314285714285715 0.01
2.9371428571428573 0.01
2.942857142857143 0.01
2.9485714285714284 0.01
2.954285714285714 0.01
2.96 0.01
2.9657142857142857 0.01
2.9714285714285715 0.01
2.9771428571428573 0.01
2.9828571428571427 0.01
2.9885714285714284 0.01
2.994285714285714 0.01
3.0 0.01
3.005714285714286 0.01
3.0114285714285716 0.01
3.0171428571428573 0.01
3.0228571428571427 0.01
3.0285714285714285 0.01
3.0342857142857143 0.01
3.04 0.01
3.045714285714286 0.01
3.0514285714285716 0.01
3.057142857142857 0.01
3.0628571428571427 0.01
3.0685714285714285 0.01
3.0742857142857143 0.01
3.08 0.01
3.085714285714286 0.01
3.0914285714285716 0.01
3.097142857142857 0.01
3.1028571428571428 0.01
3.1085714285714285 0.01
3.1142857142857143 0.01
3.12 0.01
3.125714285714286 0.01
3.1314285714285712 0.01
3.137142857142857 0.01
3.142857142857143 0.01
3.1485714285714286 0.01
3.1542857142857144 0.01
3.16 0.01
3.165714285714286 0.01
3.1714285714285713 0.01
3.177142857142857 0.01
3.182857142857143 0.01
3.1885714285714286 0.01
3.1942857142857144 0.01
3.2 0.01
3.2057142857142855 0.01
3.2114285714285713 0.01
3.217142857142857 0.01
3.222857142857143 0.01
3.2285714285714286 0.01
3.2342857142857144 0.01
3.24 0.01
3.2457142857142856 0.01
3.2514285714285713 0.01
3.257142857142857 0.01
3.262857142857143 0.01
3.2685714285714287 0.01
3.2742857142857145 0.01
3.28 0.01
3.2857142857142856 0.01
3.2914285714285714 0.01
3.297142857142857 0.01
3.302857142857143 0.01
3.3085714285714287 0.01
3.3142857142857145 0.01
3.32 0.01
3.3257142857142856 0.01
3.3314285714285714 0.01
3.337142857142857 0.01
3.342857142857143 0.01
3.3485714285714288 0.01
3.354285714285714 0.01
3.36 0.01
3.3657142857142857 0.01
3.3714285714285714 0.01
3.3771428571428572 0.01
3.382857142857143 0.01
3.388571428571429 0.01
3.394285714285714 0.01
3.4 0.01
3.4057142857142857 0.01
3.4114285714285715 0.01
3.4171428571428573 0.01
3.422857142857143 0.01
3.4285714285714284 0.01
3.434285714285714 0.01
3.44 0.01
3.4457142857142857 0.01
3.4514285714285715 0.01
3.4571428571428573 0.01
3.4628571428571426 0.01
3.4685714285714284 0.01
3.474285714285714 0.01
3.48 0.01
3.4857142857142858 0.01
3.4914285714285715 0.01
3.4971428571428573 0.01
3.5028571428571427 0.01
3.5085714285714285 0.01
3.5142857142857142 0.01
3.52 0.01
3.525714285714286 0.01
3.5314285714285716 0.01
3.537142857142857 0.01
3.5428571428571427 0.01
3.5485714285714285 0.01
3.5542857142857143 0.01
3.56 0.01
3.565714285714286 0.01
3.5714285714285716 0.01
3.577142857142857 0.01
3.5828571428571427 0.01
3.5885714285714285 0.01
3.5942857142857143 0.01
3.6 0.01
3.605714285714286 0.01
3.611428571428571 0.01
3.617142857142857 0.01
3.6228571428571428 0.01
3.6285714285714286 0.01
3.6342857142857143 0.01
3.64 0.01
3.645714285714286 0.01
3.6514285714285712 0.01
3.657142857142857 0.01
3.662857142857143 0.01
3.6685714285714286 0.01
3.6742857142857144 0.01
3.68 0.01
3.6857142857142855 0.01
3.6914285714285713 0.01
3.697142857142857 0.01
3.702857142857143 0.01
3.7085714285714286 0.01
3.7142857142857144 0.01
3.72 0.01
3.7257142857142855 0.01
3.7314285714285713 0.01
3.737142857142857 0.01
3.742857142857143 0.01
3.7485714285714287 0.01
3.7542857142857144 0.01
3.76 0.01
3.7657142857142856 0.01
3.7714285714285714 0.01
3.777142857142857 0.01
3.782857142857143 0.01
3.7885714285714287 0.01
3.7942857142857145 0.01
3.8 0.01
3.8057142857142856 0.01
3.8114285714285714 0.01
3.817142857142857 0.01
3.822857142857143 0.01
3.8285714285714287 0.01
3.834285714285714 0.01
3.84 0.01
3.8457142857142856 0.01
3.8514285714285714 0.01
3.857142857142857 0.01
3.862857142857143 0.01
3.8685714285714288 0.01
3.874285714285714 0.01
3.88 0.01
3.8857142857142857 0.01
3.8914285714285715 0.01
3.8971428571428572 0.01
3.902857142857143 0.01
3.9085714285714284 0.01
3.914285714285714 0.01
3.92 0.01
3.9257142857142857 0.01
3.9314285714285715 0.01
3.9371428571428573 0.01
3.942857142857143 0.01
3.9485714285714284 0.01
3.954285714285714 0.01
3.96 0.01
3.9657142857142857 0.01
3.9714285714285715 0.01
3.9771428571428573 0.01
3.9828571428571427 0.01
3.9885714285714284 0.01
3.994285714285714 0.01
4.0 0.01