0.005714285999999902 0.0
-0.02428590582604606 0.0005029570291622359
-0.0690795006917817 0.0012142455230790999
-0.10460491144046102 0.0017950126171714506
-0.13460495367001002 0.0022979676241041565
-0.23689814661333486 0.003819006823544917
-0.26034467135205297 0.0042296704664994385
-0.28162694135950694 0.004609855512055854
-0.3011672888055106 0.004965509405863748
-0.3192632212070752 0.005300822145188624
-0.3361371396402948 0.005618925460870298
-0.3519576214927689 0.005922193663023456
-0.3668641924406266 0.006212591371281775
-0.3809612134343574 0.0064915885535377655
-0.3943359203676735 0.006760413446963602
-0.4070646730638803 0.007020141687366115
-0.4192088891226238 0.007271638060890667
-0.43081783887881464 0.007515595723823323
-0.4419379264422538 0.007752669721434647
-0.4526084764340599 0.00798341300646243
-0.4628781431660336 0.008208510764046729
-0.4727456059372095 0.008427944395123177
-0.48225049908621465 0.008642272059058454
-0.4914311583312685 0.008852033627109311
-0.5003131933126408 0.009057588344444147
-0.5088744736239885 0.009258627371250348
-0.5171619971613914 0.009455811157553909
-0.5252103272812043 0.009649626449488575
-0.5329727765709098 0.009839415761209926
-0.5405333821572604 0.010026362564199314
-0.5478804305837013 0.010210301901106047
-0.554964536895385 0.010390536889075238
-0.5618866807735401 0.010568492413414687
-0.56861371211712 0.010743700222199776
-0.5751522512248748 0.010916253547256385
-0.5814924430706725 0.011086013602992734
-0.5876937378247202 0.011253817609619816
-0.593742475381811 0.011419473195675578
-0.5995848357805791 0.011582221021341814
-0.6053177488916486 0.01174342893957006
-0.6109044703154431 0.0119025780809293
-0.6163325474339771 0.012059493078664097
-0.6216569676252135 0.01221494830472365
-0.6268135107062083 0.012368039364134342
-0.6318942680038155 0.012520063153437174
-0.636813963031825 0.01266981733932419
-0.6416274166140479 0.012818076764753187
-0.6463420350909956 0.012964944322885303
-0.6509245373394723 0.01310995132491971
-0.6554154847719591 0.01325366898594628
-0.6598169557936391 0.013396126575567088
-0.6640986827593256 0.013536897842953878
-0.6682823339707529 0.013676286528500801
-0.6723922953836095 0.013814638869383233
-0.6764422648398085 0.013952146360226698
-0.6801931191793784 0.01408544149608084
-0.6841685246480438 0.014221898923027665
-0.6879247637524593 0.014355269891027393
-0.6914789980090532 0.014485796080942363
-0.6952380588030209 0.014619205377738984
-0.6986813608253222 0.014748169339853982
-0.7020224730407385 0.014875694191342452
-0.7053906893880999 0.015003600742782138
-0.7086604385295132 0.015130120607948912
-0.7120197337733476 0.015257901525969031
-0.7151073143213349 0.015381855961504327
-0.7180955164552536 0.015504409470203978
-0.7211161789263514 0.01562742151707553
-0.7242102755526219 0.015751467716728855
-0.7270355337868573 0.01587172794008393
-0.7297662294849889 0.015990656465545375
-0.7325411609126107 0.016110207950481167
-0.7352299856078979 0.016228546818255876
-0.7380229642659906 0.016348351049046406
-0.7405503595123069 0.016464416550792463
-0.7429952432845219 0.016579320066399138
0.929690783285146 -0.0068961790946852905
7.064987280053277 -0.09321738024315283
4.366192254480392 -0.05513052766390605
1.2642944362249189 -0.011366890577387453
2.157523954689033 -0.023865521947055837
1.9142380960534204 -0.02035892197178875
1.7380009988909393 -0.017796551054895172
1.6039502823299188 -0.015828279201971163
1.498415229470055 -0.014261585509386924
1.4131807763874988 -0.012980779516903348
1.3429782304897095 -0.011911663692213746
1.2842565636545054 -0.01100423130225573
1.2345225371126816 -0.010223367942386503
1.1919729447502334 -0.009543680970732353
1.155265651805525 -0.008946269476756552
1.1233796182173172 -0.008416754437276621
1.0955230005010925 -0.007943984540749426
1.0710714036493485 -0.00751916660595832
1.0495256172269585 -0.007135271799471778
1.0304800482329028 -0.006786585451326823
1.013603258598721 -0.0064684414196661206
0.9986204678403716 -0.006176970047362561
0.985302050283746 -0.005908937579917421
0.973454518854755 -0.0056616191926843334
0.9629136055084082 -0.005432701544476428
0.9535390414292699 -0.005220210676853575
0.9452097013405059 -0.00502243799968836
0.9378212378539317 -0.004837915426009275
0.9312827286575533 -0.004665362522186223
0.9255146879984011 -0.004503659912468965
0.9204473074431156 -0.004351824504107527
0.9160190141900593 -0.0042089891844627305
0.9121753440345692 -0.004074388357561693
0.9088676950154166 -0.003947334758958478
0.9060529049042856 -0.003827221955269449
0.9036922802457426 -0.003713505037324124
0.9017510837866567 -0.003605694810048856
0.9001980383669661 -0.003503350805898103
0.899004904107489 -0.003406075330508171
0.8981461287363288 -0.003313509946613494
0.8975984823002605 -0.003225324696699752
0.897340878325398 -0.0031412240340925744
0.8973540758960361 -0.0030609369943278347
0.8976204955110241 -0.002984216010180633
0.8981240429143682 -0.0029108344307203033
0.8988499404160173 -0.002840585554120387
0.8997846463994996 -0.00277327586101842
0.9009156597512913 -0.0027087307099819217
0.9022314620682046 -0.002646787890542618
0.9037214139533525 -0.0025872975710334715
0.9053756726083435 -0.0025301211380624623
0.9071851185589566 -0.002475130164610791
0.9091412548800477 -0.002422206399117143
0.9112362883783511 -0.0023712372756640654
0.9134628717723352 -0.0023221207328015473
0.9158141913841433 -0.002274760815399608
0.9182838920679472 -0.002229068025707124
0.9208660392992094 -0.002184958789465816
0.9235550849724099 -0.0021423549742487706
0.9263457867903249 -0.002101184162514489
0.9292333774209744 -0.0020613764007083543
0.9322132459636521 -0.0020228681630704392
0.9352811085729122 -0.001985599121396852
0.9384329395259314 -0.001949512582552878
0.9416649521174882 -0.0019145552194220611
0.9449735812286342 -0.0018806768254259279
0.9483554075950664 -0.0018478306562885417
0.9518073812561134 -0.001815970943717722
0.9553264530252825 -0.0017850561551404256
0.9589097977611303 -0.0017550465048754552
0.9625547445692249 -0.0017259043794594867
0.9662587664603137 -0.0016975941920057424
0.9700194708293601 -0.0016700822481229985
0.9738345234524921 -0.001643337083857862
0.977701908405102 -0.0016173274929604591
0.9816195199401001 -0.001592025229052412
0.9855854217231794 -0.0015674030232763027
0.9895977741372874 -0.0015434349688168297
0.9936548283521951 -0.001520096437384334
0.9977549208246117 -0.0014973640017613202
1.001896395362035 -0.0014752157465216758
1.0060778890157493 -0.001453629661093376
1.0102978927686195 -0.00143258590267997
1.014555036642907 -0.0014120651782660546
1.018848013756692 -0.0013920490833970209
1.0231755767577688 -0.0013725200519587887
1.027536534496189 -0.0013534613093178838
1.0319296717600892 -0.0013348571502557998
1.0363540544631142 -0.001316691603749903
1.040808565613709 -0.0012989503477910027
1.0452922097557433 -0.001281619363647235
1.0498040339856693 -0.00126468523184305
1.054343125721097 -0.0012481351007344798
1.0589086106078796 -0.0012319566570351864
1.063499569993926 -0.0012161383718955648
1.0681153609055372 -0.0012006683739514549
1.0727551322346294 -0.0011855360855566562
1.0774181440499575 -0.0011707310864652045
1.0821036859412345 -0.0011562433721666588
1.086810827875535 -0.0011420640700825619
1.0915399890594948 -0.0011281807762449632
1.0962888843164649 -0.0011145894745904733
1.1010577334459661 -0.0011012791777727253
1.10584595366009 -0.00108824167855164
1.110653827056975 -0.0010754668669150486
1.115479131206616 -0.0010629516104430925
1.1203221859662165 -0.0010506863308738464
1.1251833427357916 -0.0010386618941542632
1.1300604178244917 -0.0010268757134170641
1.1349537953385678 -0.001015319115201974
1.1398630269431358 -0.0010039857857335232
1.1447885434141192 -0.0009928677087873135
1.1497282038046635 -0.000981962899448064
1.1546824660426331 -0.0009712637238646192
1.1596518122362802 -0.0009607628887115928
1.1646341279977968 -0.000950458783097261
1.1696299191402986 -0.0009403444475251955
1.174638835444771 -0.0009304149499584013
1.179661418387873 -0.0009206638331402652
1.1846955830438866 -0.0009110899010854645
1.1897418907636457 -0.000901686976419862
1.194800921776089 -0.0008924491476243038
1.1998706095463518 -0.00088337547770681
1.2049515517752063 -0.0008744603011992769
1.210043471151799 -0.0008656997128100479
1.2151469931124268 -0.0008570884376627176
1.220260071597231 -0.0008486258271091351
1.2253833468188624 -0.0008403068143640038
1.230517473967712 -0.0008321265435696828
1.2356604198010004 -0.000824084546577207
1.2408128525793352 -0.0008161761515930863
1.2459745500471477 -0.0008083982286539366
1.2511462023740272 -0.0008007464145042031
1.2563257906126708 -0.000793220442314382
1.2615140160720806 -0.0007858161057022149
1.2667115921155307 -0.0007785293680423213
1.2719165087526427 -0.0007713600886430746
1.2771294892538734 -0.0007643043703992746
1.2823503535399432 -0.0007573596773045711
1.2875798424307305 -0.0007505223593972683
1.292815955923981 -0.0007437924166456995
1.2980594433415362 -0.0007371663188190564
1.30331106383111 -0.0007306406740616485
1.3085688236403783 -0.0007242155703576792
1.313833489515563 -0.0007178877228591319
1.3191049141083049 -0.000711655056499997
1.324383878399395 -0.0007055144868937095
1.329668395587614 -0.0006994661999150257
1.334959253214837 -0.0006935072035752266
1.340257246924466 -0.000687634619977243
1.34556039424697 -0.000681848695997748
1.3508694967153723 -0.0006761466366815394
1.3561844326813066 -0.0006705267288885125
1.3615060153549798 -0.0006649863421099277
1.3668322670563313 -0.000659525790671308
1.3721640061093332 -0.0006541425160797198
1.377502057586927 -0.000648834054885965
1.382844446769873 -0.0006436007631120616
1.3881920033396824 -0.0006384402422100827
1.3935446260433935 -0.0006333510662626657
1.3989031542404966 -0.0006283309730142322
1.4042656164510348 -0.000623380364104647
1.4096328560560245 -0.0006184970339123201
1.4150057221113386 -0.0006136788567330025
1.4203822451117034 -0.0006089262620155606
1.4257632777501463 -0.0006042371752768495
1.431148735117599 -0.0005996104007660536
1.436539478003354 -0.0005950439780174479
1.4419335390234345 -0.0005905383663535283
1.447331782155345 -0.0005860916502072042
1.4527350761888336 -0.0005817019817811188
1.458141455001936 -0.0005773698381701365
1.4635517902771937 -0.0005730934123152274
1.4689660103201305 -0.000568871694562921
1.4743849936442999 -0.0005647029740535577
0.8386449078959188 0.008468716496622158
-1.4889727698716513 0.041328377504001014
-0.4308413439753025 0.02650748970521284
0.770401590580228 0.009671188253379176
0.44012995107357256 0.014402780560949905
0.5458442623480035 0.012994503992119367
0.625123922305848 0.011958513347767121
0.6874568795193632 0.011161164321756624
0.7386901006739599 0.010520129791298896
0.7816865845744694 0.009995105023283503
0.8187256030003667 0.009553963501770523
0.8510419211803963 0.009179330454212292
0.8798025462278218 0.008854771244033006
0.9057019119046288 0.008570520436439535
0.9287705557009964 0.00832611981500792
0.9504562195515902 0.008101195315480102
0.970180414738909 0.007903907716281192
0.9882797063408866 0.007729489099589763
1.0057309337653635 0.007564196990452586
1.0215073265724008 0.007422491111381534
1.0366729888211061 0.00728940006361213
1.0512244635117973 0.007164944365665507
1.0646828090933198 0.00705588290091213
1.0777725091587023 0.006952027051146518
1.0901655877117875 0.006857967445653141
1.102165541344121 0.0067694441090719575
1.1137698353801717 0.006686492736533431
1.124707863843824 0.006612938279452687
1.135337184925035 0.00654371717985078
1.145876727291327 0.006475760408919344
1.1560379716636966 0.006413145186135545
1.1656732286216638 0.006357923215084703
1.1751322581797403 0.006305183005489353
1.1845846000627063 0.006252536976562349
1.193752763744996 0.006203907032913908
1.202472544236226 0.006161577462306561
1.2112444284115362 0.006118514130008811
1.219715066735997 0.00607970724195964
1.2281127619946126 0.006041913508095994
1.2364310556106801 0.006005237965478933
1.244339039997243 0.005974340693614457
1.2521930076082448 0.005944218207697419
1.260149786364039 0.005912633778303137
1.2679308332440904 0.005883524132035519
1.2753672452641958 0.00585928196536302
1.2827639534445012 0.005835584854101018
1.2904690486355648 0.00580754481434364
1.2974874808469359 0.005789174858335602
1.3047219659440579 0.0057677763723539945
1.312064390113008 0.005744843727724918
1.319102625692441 0.005726194886392769
1.3258065205657878 0.005712268554950146
1.332995736010698 0.00569149350616711
1.339835826381453 0.005675635088695094
1.3464115279361089 0.005663499985381099
1.3533311412173674 0.005646535751601449
1.3600848114066686 0.005631894365507317
1.3665609986791445 0.005621160694149579
1.3730573733503668 0.005610156811992259
1.3798908495340534 0.0055943915402770295
1.3860979641832962 0.005587447143830408
1.392552348053055 0.005577020523728602
1.3991689839326433 0.005564323036424186
1.405497521370016 0.0055556686766257924
1.4115371195197213 0.005551083368447839
1.4181018842968562 0.005539116367451476
1.4243282221104785 0.005531901256527769
1.4303338037669704 0.005527794993162126
1.4366992799087548 0.0055186204358639275
1.442938904360993 0.0055112322956260805
1.4489041656415793 0.00550769385289935
1.454923152589167 0.005503398806547824
1.4611498524157724 0.00549619268021783
1.467270875608932 0.005490460685801106
1.473141816068999 0.005488250536954555
1.4792128441158106 0.00548322261027784
1.485139543434176 0.005480241307660962
1.4911323376035774 0.005476315126919179
1.49717516022179 0.005471684409448148
1.5029317866974132 0.005471098195370212
1.5087317326677159 0.005469887842176136
1.51475925993185 0.005465472524922167
1.5206924880859027 0.00546238519580644
2.135937706897156 -0.003121459336340837
5.820466731069086 -0.054929188068159655
4.3980266526658625 -0.034816891419645994
2.5161517596273093 -0.008234487984595234
3.046786366280667 -0.015626798882684024
2.9062291883169777 -0.01356690256839946
2.80416650881563 -0.012049113568807416
2.726376755930456 -0.010873139360572699
2.6650731587018015 -0.009929349179585814
2.6155414794623475 -0.009151339645310088
2.5747572032394146 -0.00849650327192489
2.5406958158130486 -0.00793635755422817
2.511916597752972 -0.00745059915849419
2.487379152486099 -0.00702457646916793
2.466304083333206 -0.006647299376881352
2.448106684386733 -0.006310561796416545
2.4323225278147724 -0.006007809237074451
2.4185851770522753 -0.0057338671919109985
2.4066071074456943 -0.005484714696648342
2.3961481259920383 -0.005256955097312579
2.3870128345997053 -0.005047836656929225
2.379037603381189 -0.004855040938583861
2.3720891072970325 -0.004676718528273705
2.366050799104112 -0.004511214040869233
2.36082382658946 -0.004357121285428803
2.356325951863603 -0.004213310294073089
2.3524836446989887 -0.004078731478337794
2.349233925306212 -0.0039524979113664096
2.346521395959506 -0.0038338153596738584
2.344298787356081 -0.0037220463082605314
2.342523098494514 -0.0036165711032620893
2.3411565319826977 -0.0035168433717969777
2.3401661626235075 -0.0034224276029157863
2.3395219327840913 -0.003332886420613681
2.339197189041066 -0.0032478444721428146
2.339168020314073 -0.003166950941687334
2.339412881545986 -0.003089930581644219
2.3399122757505495 -0.0030164947386572406
2.3406487199585335 -0.002946383122211631
2.3416059431491796 -0.002879394757491574
2.3427694788081617 -0.002815311833877784
2.3441260277204954 -0.002753947062224796
2.3456637121631836 -0.0026951190891415094
2.347370847046964 -0.002638691522209695
2.3492374516868075 -0.0025845097234964507
2.3512544758815856 -0.002532432158814597
2.353412533997819 -0.0024823548183422737
2.355703953144296 -0.0024341555641648033
2.3581213224335933 -0.002387730030815869
2.3606582307833612 -0.002342973850084288
2.363307420366553 -0.002299812977454043
2.3660634071815565 -0.002258156100534037
2.368921193775723 -0.002217918758866725
2.3718746493012226 -0.0021790427788712092
2.374919479240088 -0.0021414535993234717
2.378051213151153 -0.002105088264244149
2.381266239739549 -0.0020698818340501427
2.384559518742325 -0.0020357914935639617
2.38792793623249 -0.00200275930749616
2.391368657075059 -0.001970731266707328
2.3948772422282865 -0.0019396730228511438
2.398451246162324 -0.0019095360534889649
2.4020878061992654 -0.0018802800443241667
2.405784877329257 -0.001851862113329904
2.4095386221357664 -0.001824256384680265
2.4133472820082638 -0.0017974240096304596
2.417209269726122 -0.001771328553072002
2.4211210897457995 -0.0017459489536811362
2.4250813849513406 -0.0017212520168495718
2.429088234650397 -0.0016972106940011517
2.4331405315735886 -0.0016737953090473587
2.4372351312136225 -0.0016509897442102803
2.4413711006262133 -0.001628766778373231
2.4455476182686944 -0.001607100759257489
2.4497617438525303 -0.0015859784450411088
2.454012798761319 -0.001565376196236249
2.4582994450967384 -0.001545275171592977
2.4626211680829577 -0.0015256540389445984
2.466975241404416 -0.0015065025697910195
2.471361261235515 -0.0014878009944469016
2.4757788995073042 -0.0014695306100865778
2.480225556708458 -0.0014516829739587669
2.484700997254503 -0.0014342406856710844
2.4892042600493838 -0.0014171902103750562
2.4937352214517396 -0.0014005157241419176
2.4982914169544976 -0.0013842106854478073
2.5028727961667734 -0.0013682603019300604
2.507479362173875 -0.001352650534316308
2.512108731655431 -0.0013373759844124416
2.5167609696022097 -0.0013224234847435408
2.521435367563708 -0.0013077830583981228
2.526132069685925 -0.001293442652622435
2.5308487801894195 -0.0012793981020368145
2.5355856930835934 -0.0012656380560999254
2.540343041327038 -0.0012521517127808632
2.5451185823968743 -0.0012389356566974874
2.549912591884585 -0.0012259796862060593
2.5547245359977424 -0.0012132762840563634
2.559554747952337 -0.001200816060114578
2.564401043225491 -0.0011885964157964312
2.5692637898674455 -0.0011766084515291574
2.574143385061735 -0.001164843678016133
2.5790376798888133 -0.0011532999980649256
2.583947101612246 -0.0011419693459875904
2.588871240373244 -0.001130845949856716
2.5938105664476687 -0.0011199223497147064
2.598762969986545 -0.0011091969985889203
2.603728946146962 -0.0010986627869171216
2.608709012380867 -0.0010883129191092572
2.6137010829836775 -0.001078146188211596
2.6187056970775053 -0.0010681561038089118
2.623722534746129 -0.0010583381606102202
2.6287521679210215 -0.0010486863302453552
2.633792537537989 -0.0010391997809298169
2.638844233645141 -0.0010298727394250414
2.6439078636935314 -0.0010206996775735419
2.6489813851565316 -0.0010116799964845248
2.65406542138183 -0.0010028083918683268
2.659159719022103 -0.0009940812959050363
2.6642649269313026 -0.0009854937635025193
2.669379020890709 -0.0009770454535952533
2.6745026631683047 -0.0009687316099971929
2.679636529853795 -0.0009605476711698113
2.68477860811986 -0.0009524934564694583
2.6899295859036663 -0.0009445645712020971
2.695089259986844 -0.0009367581534999287
2.700258338470082 -0.0009290700926260814
2.705434821150398 -0.0009215003857221362
2.710619426207824 -0.0009140450639958573
2.7158128829684856 -0.0009067003156222347
2.7210131990835045 -0.0008994662483499548
2.726221112832693 -0.0008923391764464676
2.7314364593308262 -0.0008853167778789807
2.736659993036316 -0.0008783955947535365
2.7418897302909855 -0.0008715758572075745
2.747126433226015 -0.0008648542154006373
2.7523708730832332 -0.0008582274477950317
2.7576210715946665 -0.0008516958604367987
2.7628778068529627 -0.0008452563282665063
2.768140943691119 -0.000838906947764744
2.7734112733564515 -0.0008326447791256362
2.778686823516143 -0.0008264702119783195
2.783968391326116 -0.0008203803897262044
2.7892567814794234 -0.0008143725619156852
2.7945500252984274 -0.000808447169651029
2.7998489327758875 -0.0008026015371131022
2.805153392070583 -0.0007968340892731008
2.810464223999446 -0.0007911423027456458
2.8157794638708076 -0.0007855266747682009
2.8210999370987153 -0.0007799847466953562
2.826426475400165 -0.0007745141486443622
2.831757116506381 -0.0007691154119735765
2.837092696274542 -0.0007637862251052575
2.842433121377635 -0.0007585252737410684
2.8477792366756276 -0.0007533303730871151
2.8531290824964906 -0.0007482020910709317
2.858483507309959 -0.0007431382937339957
2.8638433649080604 -0.0007381369220700685
2.8692066971607524 -0.0007331985657220926
2.8745743611228782 -0.0007283212116332651
2.879946278312776 -0.0007235037545681441
2.8853233133464613 -0.000718744287951667
2.890703509695225 -0.0007140434239780101
2.896087734832996 -0.0007093992963192703
2.9014768607674988 -0.0007048101024959952
2.9068689318796963 -0.0007002764675127985
2.912264822768986 -0.0006957966253879754
2.917664466968361 -0.0006913696400850688
2.9230687454840734 -0.0006869938358483143
2.9284757035830644 -0.000682669850159344
2.9338862245509993 -0.0006783960393627581
2.939301195566589 -0.0006741708146276561
2.944718662351729 -0.0006699948198427554
2.950139514158238 -0.0006658664953723111
2.955563694326081 -0.000661785043288722
2.9609920975798794 -0.0006577489810281627
2.9664227700131924 -0.0006537589577134126
2.971856608180733 -0.0006498135165532191
2.977294512004363 -0.0006459112481750489
2.9827345277059827 -0.0006420528035090493
2.9881775568762805 -0.0006382367966842255
2.9936235509232816 -0.0006344625433933595
2.999073416147297 -0.0006307287240897879
3.004525198773088 -0.0006270359897439168
3.009979806579018 -0.0006233830416241611
3.0154381502751484 -0.0006197686222851152
3.02089827598099 -0.0006161933812149855
3.0263610957575686 -0.000612656079993742
3.0318265676987757 -0.0006091561284692532
3.0372956079461346 -0.0006056923456858947
3.0427662623592333 -0.000602265377471577
3.0482394482796735 -0.0005988740597709661
3.0537160856171575 -0.0005955172646947657
3.059194219960439 -0.0005921956342566564
3.0646747723184014 -0.0005889080560467462
3.070157706362803 -0.000585654018464479
3.0756439466600973 -0.0005824324592002585
3.0811315383540467 -0.0005792440140011085
3.086621406990073 -0.0005760876343438679
3.0921144803758374 -0.0005729623035639201
3.0976088032685887 -0.0005698686519652386
3.1031053043743064 -0.0005668056755338427
3.10860395204746 -0.0005637729286146079
3.1141056781136456 -0.0005607694511263078
3.1196085267572187 -0.0005577958653049848
3.12511343060568 -0.0005548512223624394
3.130621324289635 -0.000551934601719713
3.13613025152808 -0.000549046619059241
3.141641147688656 -0.0005461863641814713
3.147153985080081 -0.0005433534471177962
3.1526697018202263 -0.0005405469963994358
3.1581863409694684 -0.0005377676184336707
3.163704841304938 -0.0005350144510358707
3.1692261433859095 -0.0005322866571187926
3.1747482897557084 -0.0005295848358082915
3.1802722215803776 -0.0005269081585620997
3.1857979145260025 -0.0005242562826924948
3.191326312195251 -0.0005216284139715349
3.196855456418273 -0.0005190251414815425
3.202386291341412 -0.00051644567865102
3.207919762703586 -0.000513889261336277
3.2134539117862886 -0.0005113564708931084
3.2189896848294275 -0.0005088465502330411
3.224527060364295 -0.0005063591970182117
3.230066986799528 -0.0005038936847019083
3.235607504671897 -0.0005014505841521275
3.241149562839581 -0.0004990291751528507
3.2466941115898003 -0.0004966287576127661
3.252239190893871 -0.0004942498944368568
3.257785751453646 -0.0004918918913730514
3.2633337742573723 -0.0004895544806841298
3.2688842119455117 -0.0004872369954188088
3.2744351037300596 -0.00048493998778873307
3.2799874026239593 -0.0004826627960882806
3.285542062927359 -0.00048040477673916114
3.291097123280906 -0.0004781664739068564
3.2966535383285844 -0.000475947248855196
3.3022112911750625 -0.0004737468636519422
3.3077713382041587 -0.000471564704062497
3.313331717295025 -0.000469401303528447
3.318893385140626 -0.0004672560521688667
3.324457299597526 -0.00046512835648947816
3.330021497975576 -0.0004630187419145158
3.3355869384168635 -0.00046092661897062384
3.3411536058569204 -0.0004588517755091512
3.3467224600051324 -0.00045679364412854037
3.352291537416715 -0.0004547527396257459
3.3578617980579217 -0.0004527284982165964
3.3634342029503763 -0.0004507203709795509
3.369006788087791 -0.0004487288648039752
3.3745805147291037 -0.00044675343411028356
3.3801553694000788 -0.00044479388914452897
3.3857323147764724 -0.0004428497042798609
3.3913093861107093 -0.0004409213759663115
3.396887546292099 -0.0004390083815843419
3.402467759170179 -0.0004371102120370478
3.4080480594477365 -0.00043522735603418596
3.4136294111716197 -0.0004333593072573721
3.4192118022540576 -0.0004315058954780594
3.4247961980269075 -0.00042966663247435884
3.4303806324695785 -0.000427841996768875
3.435966071091457 -0.00042603150263981557
3.4415534802781416 -0.00042423467670496605
3.4471408934741383 -0.0004224519899540091
3.4527292772290394 -0.0004206829713141552
3.4583186206682903 -0.00041892746764207706
3.463909891510557 -0.000417185024328676
3.4695011224979915 -0.00041545610247257467
3.4750932814967364 -0.00041374024954170805
3.480687337174725 -0.00041203702429520335
3.4862813217558255 -0.0004103468805328443
3.491876204044136 -0.0004086693789314065
3.4974719742303186 -0.0004070043813487868
3.5030696021851604 -0.00040535146348356113
3.508667119453225 -0.0004037110695691237
3.514265496027658 -0.0004020827770272095
3.5198657026371585 -0.0004004661736382938
3.5254657703258268 -0.0003988616965878307
3.531066669935246 -0.0003972689352458744
3.5366683925944145 -0.00039568776468463135
3.542271910120842 -0.0003941177880179138
3.5478752529036015 -0.00039255943320654177
3.553479392861483 -0.0003910123047906962
3.559085302589761 -0.0003894760168372042
3.56469101199551 -0.00038795099051916433
3.570297493767324 -0.0003864368412175479
3.575904739863322 -0.0003849334556808591
3.5815137238673067 -0.00038344046189705004
3.5871224750561908 -0.0003819582721648066
3.5927319670973397 -0.0003804865156489701
3.5983431742817054 -0.0003790248302960632
3.603954125422952 -0.0003775736218810458
3.6095657948888906 -0.00037613252943285557
3.6151781753724244 -0.0003747014500477139
3.6207922420645318 -0.0003732800343470296
3.626406023173743 -0.0003718686795836663
3.6320204939596756 -0.00037046703734576215
3.6376366302580294 -0.00036907476733418447
3.6432524598328087 -0.00036769226054170423
3.6488689585827068 -0.00036631917755623245
3.6544861198536296 -0.00036495542467011264
3.660104920302949 -0.0003636006731555174
3.6657233871143475 -0.00036225530583277986
3.6713424970012447 -0.0003609189947634397
3.6769632272103614 -0.00035959141951934757
3.6825836044993423 -0.00035827295692100053
3.6882046061661775 -0.0003569632872622894
3.693826226138672 -0.0003556623250301933
3.6994494424155846 -0.0003543697603873764
3.7050722811986425 -0.0003530859623254814
3.7106957205320192 -0.00035181062164664164
3.7163207389545505 -0.0003505434361192968
3.721945362260005 -0.0003492847689899583
3.7275705690285896 -0.0003480343186095668
3.7331963537079638 -0.00034679200678603957
3.7388236955269534 -0.0003455575410047813
3.744450619747205 -0.0003443312770185151
3.75007810563395 -0.000343112922825244
3.7557071329121143 -0.00034190219289676843
3.7613357264529768 -0.00034069943748829117
3.7669648660144297 -0.0003395043715359616
3.7725945465097013 -0.00033831692340415237
3.7782257482982438 -0.0003371368165004802
3.7838564957422705 -0.0003359643939112114
3.78948776923 -0.0003347993794490791
3.7951205495776072 -0.00033364150295361623
3.800752860773933 -0.0003324911022530435
3.8063856836610235 -0.00033134790755112145
3.8120190135700263 -0.0003302118530978291
3.8176538319019215 -0.00032908267696823214
3.8232881621587538 -0.0003279607101351435
3.8289229857637928 -0.00032684569098761704
3.8345592845393845 -0.00032573736353487987
3.840195081630597 -0.0003246360537223775
3.845831358879611 -0.00032354150583864403
3.8514681119936007 -0.0003224536594289627
3.8571063233350067 -0.00032137226610859805
3.862744015583509 -0.00032029764526906294
3.868382171118359 -0.00031922954876231725
3.87402177269157 -0.00031816773368974823
3.879660842641556 -0.0003171125146369931
3.8853003637350447 -0.00031606364891271956
3.890940332018239 -0.0003150210808367105
3.896581730742966 -0.00031398457454903303
3.9022225818027714 -0.0003129544383705003
3.907863868461636 -0.00031193043661231865
3.9135065743322315 -0.0003109123384963628
3.9191487209819194 -0.0003099004477497137
3.9247912920337455 -0.00030889453374042755
3.930434283840249 -0.0003078945451021372
3.936078680477504 -0.000306900257582793
3.9417225030876573 -0.0003059119689212488
3.947366735754997 -0.0003049294549809769
3.9530123628904867 -0.00030395249622599114
3.9586574053244696 -0.00030298138600417667
3.9643028474746167 -0.00030201590487390534
3.969948685970774 -0.00030105600537423926
3.9755959056543517 -0.00030010147403099273
3.981242526949231 -0.0002991525984679956
3.986889534701678 -0.0002982091652794511
3.9925379140644424 -0.00029727096537559997
3.998185685163339 -0.0002963382821828219
4.003833833154708 -0.0002954109066618251
4.009482354919932 -0.0002944887948940986