0.0 0.0
0.005714285714285714 2.69220979516837e-06
0.011428571428571429 1.076883918067348e-05
0.017142857142857144 2.4229888156515324e-05
0.022857142857142857 4.307535672269392e-05
0.02857142857142857 6.730524487920922e-05
0.03428571428571429 9.69195526260613e-05
0.04 0.0001319182799632501
0.045714285714285714 0.0001723014268907757
0.05142857142857143 0.00021806899340863793
0.05714285714285714 0.00026922097951683686
0.06285714285714286 0.0003257573852153728
0.06857142857142857 0.0003876782105042452
0.07428571428571429 0.0004549834553834545
0.08 0.0005276731198530005
0.08571428571428572 0.0006057472039128829
0.09142857142857143 0.0006892057075631028
0.09714285714285714 0.0007780486308036587
0.10285714285714286 0.0008722759736345517
0.10857142857142857 0.0009718877360557813
0.11428571428571428 0.0010768839180673475
0.12 0.0011872645196692505
0.12571428571428572 0.0013030295408614913
0.13142857142857142 0.0014241789816440672
0.13714285714285715 0.0015507128420169808
0.14285714285714285 0.0016826311219802306
0.14857142857142858 0.001819933821533818
0.15428571428571428 0.0019626209406777414
0.16 0.002110692479412002
0.1657142857142857 0.002264148437736598
0.17142857142857143 0.0024229888156515316
0.17714285714285713 0.0025872136131568028
0.18285714285714286 0.002756822830252411
0.18857142857142858 0.0029318164669383546
0.19428571428571428 0.003112194523214635
0.2 0.0032979569990812525
0.2057142857142857 0.003489103894538207
0.21142857142857144 0.0036856352095854987
0.21714285714285714 0.003887550944223125
0.22285714285714286 0.00409485109845109
0.22857142857142856 0.00430753567226939
0.2342857142857143 0.004525604665678029
0.24 0.004749058078677002
0.24571428571428572 0.004977895911266315
0.25142857142857145 0.005212118163445965
0.2571428571428571 0.005451724835215948
0.26285714285714284 0.005696715926576269
0.26857142857142857 0.005947091437526928
0.2742857142857143 0.006202851368067923
0.28 0.006463995718199256
0.2857142857142857 0.006730524487920922
0.2914285714285714 0.007002437677232928
0.29714285714285715 0.007279735286135272
0.3028571428571429 0.007562417314627951
0.30857142857142855 0.007850483762710966
0.3142857142857143 0.008143934630384318
0.32 0.008442769917648007
0.32571428571428573 0.008746989624502032
0.3314285714285714 0.009056593750946392
0.33714285714285713 0.009371582296981092
0.34285714285714286 0.009691955262606126
0.3485714285714286 0.010017712647821505
0.35428571428571426 0.010348854452627211
0.36 0.010685380677023258
0.3657142857142857 0.011027291321009644
0.37142857142857144 0.011374586384586364
0.37714285714285717 0.011727265867753418
0.38285714285714284 0.01208532977051081
0.38857142857142857 0.01244877809285854
0.3942857142857143 0.012817610834796605
0.4 0.01319182799632501
0.4057142857142857 0.01357142957744375
0.4114285714285714 0.013956415578152827
0.41714285714285715 0.014346785998452244
0.4228571428571429 0.014742540838341995
0.42857142857142855 0.015143680097822075
0.4342857142857143 0.0155502037768925
0.44 0.01595745436307094
0.44571428571428573 0.01631193164644635
0.4514285714285714 0.016633851470966087
0.45714285714285713 0.016933352437916518
0.46285714285714286 0.01721460085754156
0.4685714285714286 0.017479974752155902
0.4742857142857143 0.01773100851220811
0.48 0.017968752733672558
0.4857142857142857 0.018193944653593287
0.49142857142857144 0.018407099238110826
0.49714285714285716 0.018608561081902626
0.5028571428571429 0.018798534241693213
0.5085714285714286 0.01897709789034315
0.5142857142857142 0.019144211258451605
0.52 0.01929970863755022
0.5257142857142857 0.019443282806796587
0.5314285714285715 0.019574451863478635
0.5371428571428571 0.01969249782496596
0.5428571428571428 0.01979634922667811
0.5485714285714286 0.019884331283740276
0.5542857142857143 0.01995350905287506
0.56 0.01999678360578337
0.5657142857142857 0.02
0.5714285714285714 0.02
0.5771428571428572 0.02
0.5828571428571429 0.02
0.5885714285714285 0.02
0.5942857142857143 0.02
0.6 0.02
0.6057142857142858 0.02
0.6114285714285714 0.02
0.6171428571428571 0.02
0.6228571428571429 0.02
0.6285714285714286 0.02
0.6342857142857142 0.02
0.64 0.02
0.6457142857142857 0.02
0.6514285714285715 0.02
0.6571428571428571 0.02
0.6628571428571428 0.02
0.6685714285714286 0.02
0.6742857142857143 0.02
0.68 0.02
0.6857142857142857 0.02
0.6914285714285714 0.02
0.6971428571428572 0.02
0.7028571428571428 0.02
0.7085714285714285 0.02
0.7142857142857143 0.02
0.72 0.02
0.7257142857142858 0.02
0.7314285714285714 0.02
0.7371428571428571 0.02
0.7428571428571429 0.02
0.7485714285714286 0.02
0.7542857142857143 0.02
0.76 0.02
0.7657142857142857 0.02
0.7714285714285715 0.02
0.7771428571428571 0.02
0.7828571428571428 0.02
0.7885714285714286 0.02
0.7942857142857143 0.02
0.8 0.02
0.8057142857142857 0.02
0.8114285714285714 0.02
0.8171428571428572 0.02
0.8228571428571428 0.02
0.8285714285714286 0.02
0.8342857142857143 0.02
0.84 0.02
0.8457142857142858 0.02
0.8514285714285714 0.02
0.8571428571428571 0.02
0.8628571428571429 0.02
0.8685714285714285 0.02
0.8742857142857143 0.02
0.88 0.02
0.8857142857142857 0.02
0.8914285714285715 0.02
0.8971428571428571 0.02
0.9028571428571428 0.02
0.9085714285714286 0.02
0.9142857142857143 0.02
0.92 0.02
0.9257142857142857 0.02
0.9314285714285714 0.02
0.9371428571428572 0.02
0.9428571428571428 0.02
0.9485714285714286 0.02
0.9542857142857143 0.02
0.96 0.02
0.9657142857142857 0.02
0.9714285714285714 0.02
0.9771428571428571 0.02
0.9828571428571429 0.02
0.9885714285714285 0.02
0.9942857142857143 0.02
1.0 0.02
1.0057142857142858 0.02
1.0114285714285713 0.02
1.0171428571428571 0.02
1.022857142857143 0.02
1.0285714285714285 0.02
1.0342857142857143 0.02
1.04 0.02
1.0457142857142858 0.02
1.0514285714285714 0.02
1.0571428571428572 0.02
1.062857142857143 0.02
1.0685714285714285 0.02
1.0742857142857143 0.02
1.08 0.02
1.0857142857142856 0.02
1.0914285714285714 0.02
1.0971428571428572 0.02
1.1028571428571428 0.02
1.1085714285714285 0.02
1.1142857142857143 0.02
1.12 0.02
1.1257142857142857 0.02
1.1314285714285715 0.02
1.1371428571428572 0.02
1.1428571428571428 0.02
1.1485714285714286 0.02
1.1542857142857144 0.02
1.16 0.02
1.1657142857142857 0.02
1.1714285714285715 0.02
1.177142857142857 0.02
1.1828571428571428 0.02
1.1885714285714286 0.02
1.1942857142857144 0.02
1.2 0.02
1.2057142857142857 0.02
1.2114285714285715 0.02
1.217142857142857 0.02
1.2228571428571429 0.02
1.2285714285714286 0.02
1.2342857142857142 0.02
1.24 0.02
1.2457142857142858 0.02
1.2514285714285713 0.02
1.2571428571428571 0.02
1.262857142857143 0.02
1.2685714285714285 0.02
1.2742857142857142 0.02
1.28 0.02
1.2857142857142858 0.02
1.2914285714285714 0.02
1.2971428571428572 0.02
1.302857142857143 0.02
1.3085714285714285 0.02
1.3142857142857143 0.02
1.32 0.02
1.3257142857142856 0.02
1.3314285714285714 0.02
1.3371428571428572 0.02
1.3428571428571427 0.02
1.3485714285714285 0.02
1.3542857142857143 0.02
1.36 0.02
1.3657142857142857 0.02
1.3714285714285714 0.02
1.3771428571428572 0.02
1.3828571428571428 0.02
1.3885714285714286 0.02
1.3942857142857144 0.02
1.4 0.02
1.4057142857142857 0.02
1.4114285714285715 0.02
1.417142857142857 0.02
1.4228571428571428 0.02
1.4285714285714286 0.02
1.4342857142857144 0.02
1.44 0.02
1.4457142857142857 0.02
1.4514285714285715 0.02
1.457142857142857 0.02
1.4628571428571429 0.02
1.4685714285714286 0.02
1.4742857142857142 0.02
1.48 0.02
1.4857142857142858 0.02
1.4914285714285713 0.02
1.497142857142857 0.02
1.502857142857143 0.02
1.5085714285714287 0.02
1.5142857142857142 0.02
1.52 0.02
1.5257142857142858 0.02
1.5314285714285714 0.02
1.5371428571428571 0.02
1.542857142857143 0.02
1.5485714285714285 0.02
1.5542857142857143 0.02
1.56 0.02
1.5657142857142856 0.022351469980291343
1.5714285714285714 0.022552612768068855
1.5771428571428572 0.022754656556858953
1.582857142857143 0.02295760134666165
1.5885714285714285 0.02316144713747692
1.5942857142857143 0.023366193929304828
1.6 0.023571841722145277
1.6057142857142856 0.02377839051599832
1.6114285714285714 0.023985840310863947
1.6171428571428572 0.024194191106742164
1.6228571428571428 0.024403442903633006
1.6285714285714286 0.024613595701536407
1.6342857142857143 0.024824649500452392
1.64 0.025036604300380957
1.6457142857142857 0.02524946010132216
1.6514285714285715 0.025463216903275906
1.6571428571428573 0.025677874706242245
1.6628571428571428 0.025893433510221168
1.6685714285714286 0.026109893315212677
1.6742857142857144 0.026327254121216823
1.68 0.026545515928233506
1.6857142857142857 0.026764678736262783
1.6914285714285715 0.02698474254530465
1.697142857142857 0.0272057073553591
1.7028571428571428 0.027427573166426186
1.7085714285714286 0.02765033997850582
1.7142857142857142 0.02787400779159803
1.72 0.02809857660570284
1.7257142857142858 0.02832404642082027
1.7314285714285713 0.02855041723695025
1.737142857142857 0.02877768905409283
1.7428571428571429 0.029005861872247986
1.7485714285714287 0.029234935691415737
1.7542857142857142 0.029464910511596106
1.76 0.02969578633278903
1.7657142857142858 0.029927563154994546
1.7714285714285714 0.030160240978212637
1.7771428571428571 0.030393819802443288
1.782857142857143 0.030628299627686612
1.7885714285714285 0.030863680453942475
1.7942857142857143 0.03109996228121093
1.8 0.03133714510949196
1.8057142857142856 0.03157522893878563
1.8114285714285714 0.031814213769091854
1.8171428571428572 0.03205409960041067
1.822857142857143 0.03229488643274206
1.8285714285714285 0.032536574266086034
1.8342857142857143 0.03277916310044265
1.84 0.033022652935811816
1.8457142857142856 0.033267043772193555
1.8514285714285714 0.033512335609587884
1.8571428571428572 0.033758528447994866
1.8628571428571428 0.03400562228741437
1.8685714285714285 0.03425361712784648
1.8742857142857143 0.03450251296929116
1.88 0.03475230981174843
1.8857142857142857 0.03500300765521834
1.8914285714285715 0.0352546064997008
1.8971428571428572 0.03550710634519584
1.9028571428571428 0.03576050719170347
1.9085714285714286 0.03601480903922367
1.9142857142857144 0.036268882475695936
1.92 0.036498959341674936
1.9257142857142857 0.036712873717020963
1.9314285714285715 0.03691560570680541
1.937142857142857 0.03710914762009953
1.9428571428571428 0.03729464962342406
1.9485714285714286 0.0374728723323611
1.9542857142857142 0.03764435673751631
1.96 0.03780950469528988
1.9657142857142857 0.037968622586403114
1.9714285714285715 0.03812194719669192
1.977142857142857 0.03826966202123422
1.9828571428571429 0.03841190796121152
1.9885714285714287 0.038548790503059434
1.9942857142857142 0.038680384546986066
2.0 0.03880673755991936
2.005714285714286 0.038927871443578003
2.0114285714285716 0.039043783327757424
2.0171428571428573 0.03915444536820662
2.0228571428571427 0.0392598035147967
2.0285714285714285 0.03935977509273575
2.0342857142857143 0.03945424487699611
2.04 0.039543059090255656
2.045714285714286 0.03962601632730456
2.0514285714285716 0.039702853611735665
2.057142857142857 0.03977322416998983
2.0628571428571427 0.03983665986334009
2.0685714285714285 0.039892501876752674
2.0742857142857143 0.03993975440146185
2.08 0.03997669511656914
2.085714285714286 0.039999030131208486
2.0914285714285716 0.04
2.097142857142857 0.04
2.1028571428571428 0.04
2.1085714285714285 0.04
2.1142857142857143 0.04
2.12 0.04
2.125714285714286 0.04
2.1314285714285712 0.04
2.137142857142857 0.04
2.142857142857143 0.04
2.1485714285714286 0.04
2.1542857142857144 0.04
2.16 0.04
2.165714285714286 0.04
2.1714285714285713 0.04
2.177142857142857 0.04
2.182857142857143 0.04
2.1885714285714286 0.04
2.1942857142857144 0.04
2.2 0.04
2.2057142857142855 0.04
2.2114285714285713 0.04
2.217142857142857 0.04
2.222857142857143 0.04
2.2285714285714286 0.04
2.2342857142857144 0.04
2.24 0.04
2.2457142857142856 0.04
2.2514285714285713 0.04
2.257142857142857 0.04
2.262857142857143 0.04
2.2685714285714287 0.04
2.2742857142857145 0.04
2.28 0.04
2.2857142857142856 0.04
2.2914285714285714 0.04
2.297142857142857 0.04
2.302857142857143 0.04
2.3085714285714287 0.04
2.3142857142857145 0.04
2.32 0.04
2.3257142857142856 0.04
2.3314285714285714 0.04
2.337142857142857 0.04
2.342857142857143 0.04
2.3485714285714288 0.04
2.354285714285714 0.04
2.36 0.04
2.3657142857142857 0.04
2.3714285714285714 0.04
2.3771428571428572 0.04
2.382857142857143 0.04
2.388571428571429 0.04
2.394285714285714 0.04
2.4 0.04
2.4057142857142857 0.04
2.4114285714285715 0.04
2.4171428571428573 0.04
2.422857142857143 0.04
2.4285714285714284 0.04
2.434285714285714 0.04
2.44 0.04
2.4457142857142857 0.04
2.4514285714285715 0.04
2.4571428571428573 0.04
2.4628571428571426 0.04
2.4685714285714284 0.04
2.474285714285714 0.04
2.48 0.04
2.4857142857142858 0.04
2.4914285714285715 0.04
2.4971428571428573 0.04
2.5028571428571427 0.04
2.5085714285714285 0.04
2.5142857142857142 0.04
2.52 0.04
2.525714285714286 0.04
2.5314285714285716 0.04
2.537142857142857 0.04
2.5428571428571427 0.04
2.5485714285714285 0.04
2.5542857142857143 0.04
2.56 0.04
2.565714285714286 0.04
2.5714285714285716 0.04
2.577142857142857 0.04
2.5828571428571427 0.04
2.5885714285714285 0.04
2.5942857142857143 0.04
2.6 0.04
2.605714285714286 0.04
2.611428571428571 0.04
2.617142857142857 0.04
2.6228571428571428 0.04
2.6285714285714286 0.04
2.6342857142857143 0.04
2.64 0.04
2.645714285714286 0.04
2.6514285714285712 0.04
2.657142857142857 0.04
2.662857142857143 0.04
2.6685714285714286 0.04
2.6742857142857144 0.04
2.68 0.04
2.6857142857142855 0.04
2.6914285714285713 0.04
2.697142857142857 0.04
2.702857142857143 0.04
2.7085714285714286 0.04
2.7142857142857144 0.04
2.72 0.04
2.7257142857142855 0.04
2.7314285714285713 0.04
2.737142857142857 0.04
2.742857142857143 0.04
2.7485714285714287 0.04
2.7542857142857144 0.04
2.76 0.04
2.7657142857142856 0.04
2.7714285714285714 0.04
2.777142857142857 0.04
2.782857142857143 0.04
2.7885714285714287 0.04
2.7942857142857145 0.04
2.8 0.04
2.8057142857142856 0.04
2.8114285714285714 0.04
2.817142857142857 0.04
2.822857142857143 0.04
2.8285714285714287 0.04
2.834285714285714 0.04
2.84 0.04
2.8457142857142856 0.04
2.8514285714285714 0.04
2.857142857142857 0.04
2.862857142857143 0.04
2.8685714285714288 0.04
2.874285714285714 0.04
2.88 0.04
2.8857142857142857 0.04
2.8914285714285715 0.04
2.8971428571428572 0.04
2.902857142857143 0.04
2.9085714285714284 0.04
2.914285714285714 0.04
2.92 0.04
2.9257142857142857 0.04
2.9314285714285715 0.04
2.9371428571428573 0.04
2.942857142857143 0.04
2.9485714285714284 0.04
2.954285714285714 0.04
2.96 0.04
2.9657142857142857 0.04
2.9714285714285715 0.04
2.9771428571428573 0.04
2.9828571428571427 0.04
2.9885714285714284 0.04
2.994285714285714 0.04
3.0 0.04
3.005714285714286 0.04
3.0114285714285716 0.04
3.0171428571428573 0.04
3.0228571428571427 0.04
3.0285714285714285 0.04
3.0342857142857143 0.04
3.04 0.04
3.045714285714286 0.04
3.0514285714285716 0.04
3.057142857142857 0.04
3.0628571428571427 0.04
3.0685714285714285 0.04
3.0742857142857143 0.04
3.08 0.04
3.085714285714286 0.04
3.0914285714285716 0.04
3.097142857142857 0.04
3.1028571428571428 0.04
3.1085714285714285 0.04
3.1142857142857143 0.04
3.12 0.04
3.125714285714286 0.04
3.1314285714285712 0.04
3.137142857142857 0.04
3.142857142857143 0.04
3.1485714285714286 0.04
3.1542857142857144 0.04
3.16 0.04
3.165714285714286 0.04
3.1714285714285713 0.04
3.177142857142857 0.04
3.182857142857143 0.04
3.1885714285714286 0.04
3.1942857142857144 0.04
3.2 0.04
3.2057142857142855 0.04
3.2114285714285713 0.04
3.217142857142857 0.04
3.222857142857143 0.04
3.2285714285714286 0.04
3.2342857142857144 0.04
3.24 0.04
3.2457142857142856 0.04
3.2514285714285713 0.04
3.257142857142857 0.04
3.262857142857143 0.04
3.2685714285714287 0.04
3.2742857142857145 0.04
3.28 0.04
3.2857142857142856 0.04
3.2914285714285714 0.04
3.297142857142857 0.04
3.302857142857143 0.04
3.3085714285714287 0.04
3.3142857142857145 0.04
3.32 0.04
3.3257142857142856 0.04
3.3314285714285714 0.04
3.337142857142857 0.04
3.342857142857143 0.04
3.3485714285714288 0.04
3.354285714285714 0.04
3.36 0.04
3.3657142857142857 0.04
3.3714285714285714 0.04
3.3771428571428572 0.04
3.382857142857143 0.04
3.388571428571429 0.04
3.394285714285714 0.04
3.4 0.04
3.4057142857142857 0.04
3.4114285714285715 0.04
3.4171428571428573 0.04
3.422857142857143 0.04
3.4285714285714284 0.04
3.434285714285714 0.04
3.44 0.04
3.4457142857142857 0.04
3.4514285714285715 0.04
3.4571428571428573 0.04
3.4628571428571426 0.04
3.4685714285714284 0.04
3.474285714285714 0.04
3.48 0.04
3.4857142857142858 0.04
3.4914285714285715 0.04
3.4971428571428573 0.04
3.5028571428571427 0.04
3.5085714285714285 0.04
3.5142857142857142 0.04
3.52 0.04
3.525714285714286 0.04
3.5314285714285716 0.04
3.537142857142857 0.04
3.5428571428571427 0.04
3.5485714285714285 0.04
3.5542857142857143 0.04
3.56 0.04
3.565714285714286 0.04
3.5714285714285716 0.04
3.577142857142857 0.04
3.5828571428571427 0.04
3.5885714285714285 0.04
3.5942857142857143 0.04
3.6 0.04
3.605714285714286 0.04
3.611428571428571 0.04
3.617142857142857 0.04
3.6228571428571428 0.04
3.6285714285714286 0.04
3.6342857142857143 0.04
3.64 0.04
3.645714285714286 0.04
3.6514285714285712 0.04
3.657142857142857 0.04
3.662857142857143 0.04
3.6685714285714286 0.04
3.6742857142857144 0.04
3.68 0.04
3.6857142857142855 0.04
3.6914285714285713 0.04
3.697142857142857 0.04
3.702857142857143 0.04
3.7085714285714286 0.04
3.7142857142857144 0.04
3.72 0.04
3.7257142857142855 0.04
3.7314285714285713 0.04
3.737142857142857 0.04
3.742857142857143 0.04
3.7485714285714287 0.04
3.7542857142857144 0.04
3.76 0.04
3.7657142857142856 0.04
3.7714285714285714 0.04
3.777142857142857 0.04
3.782857142857143 0.04
3.7885714285714287 0.04
3.7942857142857145 0.04
3.8 0.04
3.8057142857142856 0.04
3.8114285714285714 0.04
3.817142857142857 0.04
3.822857142857143 0.04
3.8285714285714287 0.04
3.834285714285714 0.04
3.84 0.04
3.8457142857142856 0.04
3.8514285714285714 0.04
3.857142857142857 0.04
3.862857142857143 0.04
3.8685714285714288 0.04
3.874285714285714 0.04
3.88 0.04
3.8857142857142857 0.04
3.8914285714285715 0.04
3.8971428571428572 0.04
3.902857142857143 0.04
3.9085714285714284 0.04
3.914285714285714 0.04
3.92 0.04
3.9257142857142857 0.04
3.9314285714285715 0.04
3.9371428571428573 0.04
3.942857142857143 0.04
3.9485714285714284 0.04
3.954285714285714 0.04
3.96 0.04
3.9657142857142857 0.04
3.9714285714285715 0.04
3.9771428571428573 0.04
3.9828571428571427 0.04
3.9885714285714284 0.04
3.994285714285714 0.04
4.0 0.04