0.005714285999999902 0.0
-0.08722200802535696 0.0007718159171716282
-0.15130577224470088 0.001317897352399014
-0.20258156289689921 0.001763772526478543
-0.24622163005653874 0.0021499079065245637
-0.2846517674853182 0.0024952821020720476
-0.31923567269135233 0.002810564476649823
-0.3508287818840685 0.0031024476576871707
-0.3800143135429259 0.003375494513405293
-0.40720341801952387 0.0036329219314127897
-0.432704188141841 0.0038771401916800714
-0.4567505536455094 0.004109979654792877
-0.4795319635867372 0.004332922363367544
-0.501194974295295 0.004547115091671943
-0.5218608268552245 0.004753506241266835
-0.5416337160138163 0.004952911160651592
-0.5605970955551172 0.005145982691826822
-0.5788231092536691 0.00533328487733373
-0.596374851009184 0.005515312207694306
-0.6133017879110945 0.005692451230851964
-0.6296711590451629 0.005865228007552402
-0.6454903483604291 0.006033700307851505
-0.6608169926885523 0.006198319067009652
-0.6756820423028707 0.006359326431743867
-0.6901308119356031 0.006517076150108319
-0.7041511477487639 0.006671474698450014
-0.7177912628880385 0.0068228985012400815
-0.7310851281679547 0.006971613337107529
-0.744003873542173 0.007117393334478729
-0.7566342337131715 0.007260917082625847
-0.7689508812028869 0.007401986426088498
-0.7809452942777853 0.007540533910713735
-0.7926940541848531 0.007677160252582046
-0.8041569317398896 0.0078115499268691215
-0.8153821303639859 0.007944080064336969
-0.8263312230160906 0.008074450022024109
-0.8370831195227098 0.008203277169451635
-0.8476056008099064 0.008330309433143702
-0.8578840162494856 0.008455431408103628
-0.8679893505227483 0.0085792000243686
-0.8778764073738934 0.00870126089606563
-0.8875743124972217 0.008821841894889973
-0.8971029887299586 0.008941098891827917
-0.9064206095317147 0.009058704647138103
-0.9156167537127295 0.00917536000163637
-0.9245951594894741 0.009290311046325701
-0.9334476212192087 0.009404277520620074
-0.9421252975009509 0.009516876519998987
-0.9506546832632168 0.009628315333745037
-0.9590388439450415 0.009738617945038948
-0.9672963152239511 0.009847929372097905
-0.9753977517783134 0.009956020024920718
-0.9833703388459476 0.010063101811213183
-0.9912256717305539 0.010169267014298185
-0.9989807649657934 0.01027464796899392
-1.0064286091482977 0.010377625088717988
-1.0140508823872167 0.010481966895044527
-1.0213589204078417 0.010583850208495794
-1.0285757469599908 0.01068501990764694
-1.035837416102563 0.010786539660940207
-1.0428043405383 0.010885754192315909
-1.0496930030289597 0.010984356423022618
-1.0564887665069733 0.011082231836531868
-1.063189517435223 0.01117936389709067
-1.0699412575650307 0.011276894883617829
-1.0764117187973845 0.011372225218769516
-1.0828163980414978 0.011467040110745938
-1.089135858502317 0.011561189055972657
-1.0955169057427625 0.011655819839803377
-1.1016257490294628 0.011748320972207594
-1.1076750357097431 0.011840356149543664
-1.113650009526527 0.01193180992277601
-1.119548029752977 0.012022661631559335
-1.125516663565353 0.012114065019907923
-1.1312178766986491 0.012203376962273763
-1.1368680215078335 0.012292289359637451
0.4005856075342251 0.00030836773670923
6.009194433104177 -0.043527190692123435
4.121472074164213 -0.028713445240469874
3.2786554014356426 -0.022074764311538122
2.779561649878051 -0.018125280994503657
2.4434100532935403 -0.015450613032048833
2.1994089362665648 -0.013496905943023663
2.0133666271903685 -0.011996653171369102
1.86648974505243 -0.010802820296271052
1.747488305604076 -0.009827077480011787
1.6491233392060245 -0.009012788947075733
1.566516945591399 -0.008321792083901823
1.4962448026819395 -0.0077272943394314465
1.435830794575331 -0.007209924022967724
1.3834321786608719 -0.0067552640058261264
1.3376472581136376 -0.006352347784391792
1.2973891115746987 -0.005992671574679633
1.2618007613350173 -0.005669530610739596
1.2301971520048127 -0.005377565983551864
1.2020216518730997 -0.0051124211897251096
1.1768195351488053 -0.004870539357835696
1.1542138129394566 -0.004648971026931355
1.1338894739375256 -0.004445251632220745
1.1155811051943694 -0.0042573046532973745
1.0990633923235968 -0.004083367290254105
1.0841439897377327 -0.003921935464682149
1.0706567116739691 -0.003771707418571585
1.058458500571529 -0.0036315646899418063
1.0474246816599226 -0.003500531856506831
1.0374462697900064 -0.0033777562474103097
1.028427555157883 -0.0032624890545705962
1.0202841249310026 -0.0031540698544091084
1.0129413529600306 -0.0030519155741304095
1.006332544794173 -0.0029555028493211248
1.0003985752393518 -0.002864369882542099
0.9950864113949294 -0.002778101758466266
0.9903484456625513 -0.0026963260078904936
0.9861418151644123 -0.0026187072830448415
0.9824278217405471 -0.0025449428198053674
0.9791714886780163 -0.002474759752034628
0.9763409141557986 -0.0024079069236124
0.9739072441919632 -0.0023441593710222205
0.9718441185553957 -0.002283310858818062
0.9701274545854162 -0.002225172970660087
0.968735205590967 -0.00216957321909387
0.9676471659998356 -0.002116354303463132
0.966844715122118 -0.0020653689756896946
0.9663107677384737 -0.0020164843479292525
0.9660295490286792 -0.001969577002178747
0.9659864888324776 -0.001924532945374793
0.9661681086619041 -0.0018812467254078937
0.9665619212402028 -0.0018396206451417726
0.967156328876591 -0.001799564749698026
0.9679405886386867 -0.0017609934244805399
0.968904678074324 -0.0017238290388593015
0.9700392693310249 -0.001687998614194365
0.9713356627687446 -0.001653434086812998
0.9727857349950142 -0.0016200719014504116
0.9743818919850042 -0.0015878526444735419
0.9761169951721982 -0.001556721248007719
0.9779844469979935 -0.001526624529760089
0.9799779737671059 -0.0014975141883787706
0.9820917132245448 -0.0014693443591378673
0.9843201566492894 -0.0014420719432675039
0.9866581226733473 -0.001415656403120847
0.9891007333952544 -0.0013900595752926101
0.9916433472101858 -0.0013652459274730328
0.9942817185899138 -0.0013411806790301886
0.9970117126998339 -0.0013178322624899511
0.9998294649474708 -0.001295170442307338
1.0027313219396312 -0.001273166635304499
1.0057138273137447 -0.0012517937998188218
1.0087737086942887 -0.0012310263336534908
1.0119078101911718 -0.0012108403283361707
1.015113302004984 -0.001191212079521105
1.018387341019455 -0.0011721201257953006
1.0217272794812402 -0.001153543751839916
1.0251306020259037 -0.0011354632781117868
1.0285949175550186 -0.0011178599972919616
1.0321179517031993 -0.001100716115349819
1.0356974767203617 -0.0010840149853339554
1.0393315565401586 -0.001067739895228675
1.043018164828787 -0.0010518757739099826
1.0467554289861205 -0.001036407970651925
1.0505415627538426 -0.0010213225102439305
1.0543748613321178 -0.001006606054784999
1.0582536968232006 -0.0009922458680355465
1.0621764449514792 -0.00097823002446811
1.0661417564571032 -0.0009645464030851415
1.070148141443724 -0.0009511841297068479
1.0741942397562418 -0.0009381325628409939
1.0782787494525543 -0.0009253815164384572
1.082400423748613 -0.0009129212359920538
1.08655806815322 -0.0009007423761198787
1.0907504641126593 -0.000888836185554844
1.094976660569543 -0.0008771936587296969
1.099235531352594 -0.0008658067671529347
1.1035260658306036 -0.0008546676039145047
1.1078472937460582 -0.0008437685779772814
1.112198054046381 -0.0008331029526946678
1.1165784465595507 -0.0008226613382395898
1.1209860778023994 -0.0008124406561042265
1.1254208844548366 -0.0008024325871547037
1.1298820707779775 -0.0007926309057413292
1.1343696585397645 -0.0007830279584363254
1.1388813402019586 -0.000773621339142275
1.1434171891748015 -0.0007644037984669482
1.1479773219213492 -0.0007553684238520637
1.152559483969263 -0.0007465132243735918
1.1571638365090386 -0.0007378316374088351
1.1617897676162023 -0.00072931887542327
1.1664375021934035 -0.000720968874261067
1.1711048443264858 -0.0007127801011419157
1.1757920560451964 -0.0007047467823826568
1.1804994323661866 -0.0006968634023807658
1.1852248137655472 -0.0006891287130636367
1.1899685276706542 -0.0006815374524016108
1.1947300962549257 -0.0006740858820064764
1.1995098956094061 -0.0006667691205803714
1.2043058065850758 -0.000659586235932925
1.2091182324429823 -0.0006525325593371656
1.2139476021842484 -0.0006456036234494863
1.2187918218680451 -0.0006387986933018215
1.223651344379217 -0.0006321134884105666
1.2285257915079981 -0.0006255450497629182
1.23341565396656 -0.0006190893928262313
1.2383188658862103 -0.0006127460022613254
1.2432359381759284 -0.0006065110515500201
1.248167402155886 -0.0006003808738658124
1.2531112095356107 -0.0005943550913968397
1.2580679094986422 -0.0005884301770749598
1.2630371990371856 -0.0005826037602475932
1.2680196572007176 -0.0005768725475096806
1.273013255311838 -0.0005712363144968768
1.278018587642972 -0.0005656918869044291
1.2830362648848954 -0.0005602362188803496
1.2880642706543526 -0.0005548691822464225
1.2931032291801188 -0.000549587837068368
1.2981528950477177 -0.0005443902632885776
1.3032139163969347 -0.000539273708046145
1.3082842905612786 -0.0005342381504791805
1.3133646772972192 -0.0005292809286126493
1.3184557497371756 -0.0005243994851214379
1.32355551380315 -0.000519593866337775
1.328664653009099 -0.0005148615961588733
1.3337829666228558 -0.0005102011041095739
1.338911157542995 -0.0005056100657472712
1.3440472412507667 -0.0005010886021931559
1.3491919296081072 -0.0004966344591315398
1.354345945499535 -0.0004922454684845273
1.3595073103687163 -0.0004879217980216493
1.364676755145723 -0.00048366134261126193
1.3698541141722735 -0.00047946280618699303
1.375040134272183 -0.00047532420796561544
1.38023284348888 -0.0004712457673514674
1.3854329956313371 -0.00046722555821133814
1.3906413536858118 -0.0004632617262126811
1.3958559497811756 -0.00045935452272323816
1.40107755319843 -0.0004555021426588625
1.4063060261056606 -0.00045170350765926653
1.4115421509496144 -0.0004479569156455752
1.4167839643362008 -0.0004442626530127594
1.4220322542047121 -0.00044061906065408316
1.4272878162068565 -0.0004370245398028587
1.4325486896835038 -0.00043347939825156184
1.4378156752537166 -0.00042998207609672016
1.4430886573777855 -0.0004265316693863672
1.4483684476829524 -0.00042312670434200016
1.4536530884558516 -0.0004197675118031266
1.4589433956776894 -0.0004164526520554862
1.4642401918661463 -0.00041318073652459866
1.4695415210665033 -0.00040995210980907567
1.4748482097468276 -0.0004067654142411275
1.480160160386152 -0.0004036198868425842
1.4854782087354295 -0.0004005142425726191
0.9005347343051362 0.004220632936560128
-1.2483050133919953 0.02107728912814359
-0.4999025374952346 0.015266699602415761
-0.15741715233237485 0.012631889744030329
0.050646991647614215 0.011048755969329254
0.19470628613010987 0.009966379135004583
0.30224154578843354 0.009169764470723108
0.38649487024113327 0.008555293659199645
0.45523253870181435 0.008062213218616767
0.5125744444694185 0.007658298021936249
0.5617159495483399 0.007318532758175242
0.6042639302183055 0.007030353477902126
0.6419369454187986 0.006780314632488273
0.6755309766720394 0.006562196497680734
0.7054957138934164 0.006372465171567314
0.7332267617473782 0.0062002096377128035
0.758271433733956 0.006048979418776693
0.7813948958499708 0.005912772411788015
0.8031469705423468 0.005787294775709902
0.8229340512414254 0.0056771907306590805
0.8418489620683474 0.005573918134741351
0.8595990314377353 0.005479751125227334
0.8762086847688302 0.005394506427859619
0.8921349941621877 0.005314615855673278
0.9071043060252642 0.0052422047542150345
0.9215565999616366 0.005173838663675941
0.9353539772943193 0.0051105964666736566
0.94843502528634 0.0050529664638831
0.9610331400706507 0.004999106978490105
0.9733262599396575 0.004947633692296314
0.9851653060947534 0.004899720781955553
0.9964495978364418 0.00485614029904726
1.0074127134844524 0.0048150726125795055
1.0182069403138208 0.004775326267365577
1.028668484892055 0.00473819056344599
1.0386842348611367 0.00470453481439427
1.0486217134714408 0.004671491439661813
1.0581493473242993 0.004641662405175768
1.0676236832962545 0.004612242535417686
1.0768602330934343 0.004584683041526066
1.0857450577906569 0.004559875351385115
1.094488839781178 0.004536178965649526
1.1032161837754977 0.004512603362695335
1.11175020890704 0.004490540235170742
1.1199802366513616 0.004470863326184998
1.1280984924870765 0.004452053067187021
1.1363899579433543 0.0044318876621287475
1.144042907543362 0.0044167178355161
1.151968778582102 0.004399420567799408
1.1597299744011025 0.004383403851523624
1.1673701488413215 0.00436833397436764
1.1746159894881885 0.004356357083795311
1.1822778413022164 0.004341117608624964
1.1894663918030375 0.004329581117202547
1.1966185615389549 0.004318329259220632
1.2038573976227838 0.004306407170488851
1.2109802779035945 0.004295384465423324
1.2178724660811469 0.0042861666340931704
1.2247353252344624 0.004277186088992138
1.231831463571286 0.004266372605792681
1.2383517567839029 0.00426006438187892
1.24519826493961 0.004251203938905393
1.251944535474557 0.004243135552184137
1.2586137081556714 0.0042356625348568345
1.2649317632224069 0.0042309365684744075
1.2717205470473445 0.00422253556906543
1.2780710505239163 0.004217555734943969
1.2844247673131868 0.004212550760717488
1.2908973604503942 0.00420661572952281
1.2972987386509551 0.004201245688809461
1.3034954141240966 0.004197469364124331
1.3096894617708763 0.004193713598854611
1.3160105113021636 0.0041889720283113455
1.3222555367829614 0.004184817426009894
1.3283078670481103 0.004182170419888617
1.3345078751818917 0.0041783680213518856
1.3405065054120655 0.004176148973773866
1.3466459400304807 0.004172820486330794
1.3527269001429794 0.004169949487889001
1.358626959367779 0.0041685016336728406
1.3645302897873464 0.004167020362763428
1.3705682932435757 0.00416448544578938
1.3765467978872827 0.004162416031719352
1.9436513618550677 -0.0002297467906110053
5.327876004810236 -0.02666231660177107
4.236825094034145 -0.018081519281812907
3.7495450284015988 -0.014224456846309838
3.4600450194494634 -0.011914780860197136
3.2642166348731685 -0.010337966780499329
3.121449874853777 -0.009176292756174296
3.012136412838835 -0.008276340625249297
2.9255425725589497 -0.007554148603328862
2.8551699669486403 -0.0069588672124940255
2.7968496844807618 -0.006457872172641471
2.7477923953273162 -0.006029356155616481
2.706012344823151 -0.005657775320675551
2.6700758963247537 -0.005331913275547576
2.638908745126816 -0.0050433571218595485
2.611706004645953 -0.004785825288259864
2.587827420026251 -0.00455430076709725
2.566767764889562 -0.004344822977661848
2.54813166571137 -0.004154314269992594
2.5315878471531263 -0.003980175010105517
2.516867126509659 -0.00382029918402032
2.5037437172253902 -0.0036729124739692622
2.4920347063164563 -0.003536599464823857
2.4815791747114417 -0.003410093344781124
2.472240581156555 -0.0032923180276075528
2.463906395333243 -0.003182408753451757
2.45647496065148 -0.0030795623644228266
2.4498595288445806 -0.002983100165125831
2.443983422117789 -0.002892414425128684
2.4387822830846417 -0.002807017276804264
2.4341965109695387 -0.0027264345957820194
2.430173672804969 -0.00265024833671796
2.426669170591655 -0.0025781252241814344
2.4236412327229075 -0.0025097306244833994
2.4210531512143163 -0.002444777344104843
2.4188716207455485 -0.002382996987332287
2.417067719060544 -0.0023241789215858576
2.4156142208395863 -0.0022681023194618447
2.414486674684774 -0.002214568055983836
2.413663422849119 -0.002163422334161296
2.413124168669839 -0.0021144985345617996
2.4128505979966093 -0.0020676533721380765
2.4128259796083746 -0.0020227481225267643
2.413034972259144 -0.001979678407363087
2.413463457512133 -0.0019383259440137065
2.4140985983516465 -0.0018985824753434636
2.4149282206285 -0.001860368401511739
2.41594138423352 -0.0018235903062761266
2.417127884813855 -0.001788168353490553
2.418478519926076 -0.0017540227219478206
2.4199840460306135 -0.0017210967401184545
2.4216365374610476 -0.0016893205759593826
2.4234287385277042 -0.0016586296391476595
2.4253529578372337 -0.0016289794017335067
2.427402907755866 -0.0016003128472061817
2.4295724334048643 -0.0015725818214294895
2.431856187934322 -0.0015457366683356247
2.4342479819477845 -0.001519744611199618
2.436743153527736 -0.001494561352682911
2.439337424604922 -0.0014701455985736134
2.442025433797756 -0.0014464710503151732
2.4448034395538123 -0.001423500611260907
2.4476675009866327 -0.0014012034489620016
2.4506144279893256 -0.0013795467811352415
2.453639687744456 -0.001358510791689758
2.4567404845261187 -0.0013380657838744318
2.4599142585503557 -0.0013181839068851116
2.463156947828402 -0.0012988490282694906
2.466466309429876 -0.0012800357762017228
2.46983969954902 -0.001261723466247787
2.473275219207789 -0.0012438894175736132
2.4767692898660734 -0.0012265212801006204
2.4803202525832546 -0.0012095982509837888
2.483926601755332 -0.0011931007270429813
2.487585040094764 -0.0011770185586450926
2.491294258795559 -0.0011613336823053388
2.495052416479961 -0.0011460316915732547
2.4988584298631977 -0.0011310962873822498
2.5027092963474296 -0.0011165196256731297
2.5066040854126896 -0.0011022866025704595
2.5105419707954653 -0.001088382929873708
2.514520124539601 -0.0010748021298737757
2.518537847718381 -0.001061530910619361
2.5225938177203773 -0.001048558924350062
2.5266874896820113 -0.0010358740844634777
2.530816221587159 -0.0010234713679961374
2.5349795694237542 -0.001011339477381097
2.5391771627604314 -0.0009994676907274325
2.5434064714026547 -0.0009878518599340188
2.5476672101488624 -0.0009764819299251109
2.5519584041928454 -0.0009653502740759189
2.5562798772537008 -0.0009544476894771516
2.560629219715775 -0.0009437709714047121
2.5650063239467933 -0.0009333114540379414
2.569411135896207 -0.0009230608907652927
2.5738413193080873 -0.0009130166508097841
2.578296878824812 -0.0009031709467576778
2.5827770800642718 -0.00089351803299848
2.5872820069483815 -0.000884050742380655
2.591809403120415 -0.000874767069237173
2.5963594004574944 -0.0008656602216052928
2.6009321709064643 -0.0008567237210171171
2.605525507160877 -0.0008479559455620224
2.610139622576998 -0.0008393507407484234
2.61477395335816 -0.0008309036955809258
2.619428772025504 -0.0008226091184582097
2.6241019251050126 -0.0008144658086403139
2.6287937193695186 -0.0008064683425020367
2.6335044922491164 -0.0007986115362724603
2.638232123540611 -0.0007908944495136807
2.642976980504887 -0.0007833121318429712
2.6477386231337476 -0.0007758611407530865
2.6525174638092466 -0.0007685368788772375
2.6573114190436833 -0.0007613386930299546
2.662120926157648 -0.000754262180956889
2.6669464463965085 -0.0007473031275849568
2.6717859190683626 -0.0007404610580768348
2.676639827300818 -0.0007337319285602356
2.6815078226964886 -0.0007271130132665977
2.686390423452906 -0.0007206005427013016
2.6912855941193357 -0.0007141942395072537
2.6961938713578064 -0.0007078904786512959
2.701115810827062 -0.0007016857837253994
2.7060493927854914 -0.0006955800002765097
2.710995189199746 -0.000689569779485371
2.715952920652466 -0.0006836529352647647
2.7209231868277897 -0.0006778263356497695
2.7259039853984532 -0.0006720899624324844
2.730895929922518 -0.0006664407921938345
2.7358996492732928 -0.0006608759213371345
2.7409131519613226 -0.0006553954164466792
2.7459370791842943 -0.000649996470348477
2.750971204268101 -0.0006446773096044639
2.75601619064469 -0.0006394353009956947
2.7610700588216837 -0.000634270604968293
2.7661334827921706 -0.0006291806709308155
2.7712071490642636 -0.0006241630462060085
2.77628908559009 -0.0006192179494838708
2.781379988307478 -0.0006143430018627653
2.786479671428026 -0.0006095367497835542
2.7915888489634426 -0.0006047969557498499
2.79670555706781 -0.0006001239026215855
2.801830517885623 -0.000595515416531093
2.8069644639119176 -0.0005909694045905742
2.8121054363556333 -0.0005864861892078417
2.8172541750064823 -0.0005820637345667354
2.8224105261638712 -0.0005777008381546077
2.8275752444854376 -0.0005733955804780281
2.8327463766972727 -0.0005691483271095006
2.837924683784628 -0.0005649572080611374
2.843110935385905 -0.0005608204210449534
2.848303181584562 -0.000556738357900675
2.8535021977176953 -0.0005527092609253434
2.8587078555508043 -0.0005487321268463483
2.863920942783661 -0.0005448052946831284
2.8691395131031143 -0.0005409291844672538
2.8743643591775907 -0.000537102174091595
2.8795962809801168 -0.0005333226985982987
2.884833334341291 -0.0005295911947910604
2.8900763237252853 -0.0005259061328495506
2.895325141314988 -0.0005222666692412866
2.9005806019546228 -0.0005186713553567272
2.9058407637066495 -0.0005151206454610648
2.9111064453491657 -0.0005116131217222914
2.9163784718807833 -0.000508147414976065
2.9216549026363445 -0.0005047239894424059
2.926936566181915 -0.0005013415038677297
2.9322233712227117 -0.000497999243985961
2.9375161551176063 -0.0004946959373360524
2.9428129784473818 -0.0004914320578860294
2.9481146817086206 -0.0004882063577234621
2.953422110737531 -0.000485017630711824
2.9587333267605374 -0.00048186635587036487
2.9640491784676506 -0.0004787513493899598
2.9693695880489095 -0.0004756720025061536
2.9746954117029496 -0.00047262719015518537
2.9800247111930602 -0.0004696173955567033
2.985358345237209 -0.0004666415133576278
2.9906971771702153 -0.0004636984743258151
2.996039268950593 -0.0004607887632083118
3.00138548621058 -0.0004579113287473626
3.0067357622326796 -0.00045506564896300534
3.012090969108634 -0.00045225072313504947
3.017449168825152 -0.0004494670362309939
3.0228112355088754 -0.00044671360345116144
3.028178047304877 -0.0004439894714349308
3.033547666072792 -0.0004412951241556874
3.038920971817703 -0.000438629622805083
3.044297907013121 -0.00043599251731109897
3.0496793572589525 -0.0004333829126378319
3.0550633840803414 -0.0004308012901416258
3.0604508747295576 -0.0004282467677142459
3.0658427199777556 -0.0004257184907781919
3.071236980994364 -0.00042321693790682086
3.076634550064057 -0.000420741266364059
3.0820353773272444 -0.00041829108606166083
3.087440359944843 -0.00041586559241400497
3.092847558496107 -0.0004134652593770858
3.098257871490059 -0.00041108929291245406
3.1036722005344224 -0.0004087369232250415
3.109088605692861 -0.0004064086202370398
3.1145079898102175 -0.0004041036238322748
3.119930309462571 -0.00040182159427355
3.125356471769294 -0.0003995618048874718
3.130784536026944 -0.00039732471959463703
3.1362154104593714 -0.0003951096203627121
3.1416500060331956 -0.00039291581061823316
3.147086381420209 -0.0003907437493937766
3.1525254486022476 -0.000388592748058521
3.157967169589181 -0.00038646250938782236
3.163412460129944 -0.00038435237422370755
3.1688593780104135 -0.00038226279466754923
3.174308839887704 -0.0003801931186667399
3.1797617648582914 -0.00037814271325358595
3.1852162100115464 -0.0003761120250801659
3.1906730952799016 -0.00037410042771910263
3.196132387286209 -0.00037210766003646433
3.2015950092992895 -0.000370133121707887
3.207059017446717 -0.00036817725186057777
3.212525335746456 -0.00036623945603127635
3.2179948903955697 -0.0003643191568054728
3.2234657367810584 -0.0003624167875162496
3.228938801790381 -0.0003605317761505903
3.2344140559826116 -0.0003586638923704669
3.2398924292137607 -0.00035681258738790776
3.245371975864842 -0.0003549782866656031
3.2508536264114802 -0.0003531604462632201
3.256338313283905 -0.000351358537532909
3.261824090098912 -0.0003495729799581587
3.2673118898583233 -0.00034780324936307635
3.2728016864961127 -0.00034604914181398966
3.2782944156666964 -0.00034431015388810106
3.2837881299600937 -0.00034258669703580964
3.2892837655443117 -0.00034087827185252327
3.29478226034734 -0.00033918439270331103
3.3002816661863186 -0.00033750546499176757
3.305782921463404 -0.00033584100679267295
3.3112860030193048 -0.00033419083691387
3.3167918516359087 -0.000332554492048664
3.322298518099956 -0.000330932369538941
3.327806943619777 -0.00032932400941432683
3.3333180709941033 -0.0003277289641472845
3.3388299502391092 -0.00032614762505108396
3.344343524547451 -0.0003245795476801365
3.3498587732740255 -0.00032302457051263696
3.3553766417544466 -0.0003214822658690234
3.360895178983295 -0.00031995301706976947
3.3664153306506783 -0.0003184363992087748
3.3719380438886617 -0.00031693199866134563
3.37746136693152 -0.00031544019279962463
3.382986247238893 -0.00031396057056182203
3.3885126663491043 -0.0003124929875086277
3.3940415736583063 -0.0003110370477290382
3.3995710163969264 -0.0003095931207413352
3.4051019442560033 -0.00030816081294159054
3.410635308238028 -0.0003067397409862975
3.4161691548290385 -0.00030533026856988663
3.421704435304054 -0.00030393201448102134
3.427241133104779 -0.0003025448491720245
3.432780201261938 -0.0003011684051677224
3.4383196852817797 -0.0002998030384969968
3.4438605384403544 -0.0002984483836039751
3.4494037152099537 -0.0002971040842920346
3.4549472603723004 -0.0002957704909214334
3.4604921286263775 -0.00029444724906906895
3.4660383050791594 -0.00029313424221588577
3.4715867460263325 -0.00029183112843088105
3.47713549529821 -0.0002905382506308608
3.48268550939445 -0.000289255268480668
3.488237745908922 -0.00028798185020597353
3.493790247969873 -0.00028671833323078806
3.4993439733595757 -0.0002854643872547679
3.5048989086469255 -0.0002842199071965581
3.510456013070492 -0.0002829845741495398
3.516013328838344 -0.0002817587183384278
3.5215718153584383 -0.0002805420221818695
3.527132433042201 -0.0002793341759493806
3.5326932234197734 -0.0002781355045617119
3.5382551470589085 -0.0002769456995115115
3.543818191816097 -0.00027576466579114743
3.549383319590998 -0.0002745921053136587
3.5549485710264577 -0.00027342833605789336
3.5605149081625136 -0.00027227306103520864
3.566083293961718 -0.00027112599047441905
3.57165176841405 -0.0002699874372465087
3.5772212946114728 -0.00026885711259280135
3.5827918615480137 -0.0002677349304055302
3.5883644335369063 -0.0002666206114808461
3.59393704971459 -0.0002655144620118985
3.599510674510288 -0.00026441620370235957
3.6050862732032627 -0.0002633255649064192
3.610661884302541 -0.00026224284690847395
3.6162384731941515 -0.00026116777889798417
3.6218160298800797 -0.0002601002826531622
3.627395520868909 -0.0002590400961460273
3.632974983850101 -0.00025798751424894616
3.638555385427683 -0.00025694227568072144
3.644137692990679 -0.0002559041253016901
3.649719943626561 -0.0002548733532744394
3.655303104812017 -0.0002538497051451283
3.6608871674446632 -0.0002528331096992042
3.6664731000353896 -0.00025182332057419174
3.672058938885847 -0.0002508206217845864
3.677645652585028 -0.0002498247675790268
3.6832342104483544 -0.00024883551788943634
3.6888226482005955 -0.00024785315221701663
3.6944119352286897 -0.00024687743105329446
3.70000206322824 -0.0002459082894268216
3.7055940025410727 -0.00024494549529999546
3.7111857881393178 -0.0002439893222853869
3.7167783904282565 -0.00024303953884180653
3.7223727804867046 -0.00024209591869765108
3.7279669927345047 -0.00024115873114455134
3.7335619983083532 -0.0002402277503637272
3.7391577896166233 -0.00023930291696031778
3.744755338679525 -0.0002383840120278236
3.750352679196567 -0.00023747129922233328
3.7559507832390047 -0.00023656456003667172
3.761550623503748 -0.00023566358085879305
3.7671502331619457 -0.00023476862121088183
3.7727505849568317 -0.00023387946784329157
3.7783516719350203 -0.000232996066354589
3.7839544676588126 -0.00023211820990319703
3.789557004610394 -0.00023124615262115023
3.795160256392588 -0.00023037968798392532
3.8007651971904615 -0.0002295186140223346
3.806369858980947 -0.00022866318091544627
3.8119752159856404 -0.00022781318697981796
3.817581261823996 -0.0002269685822957985
3.823188971478338 -0.0002261291711317152
3.8287963762669293 -0.00022529519851333083
3.834404451203696 -0.00022446646895625815
3.8400141718453114 -0.00022364279122243292
3.845623569027069 -0.00022282440655893638
3.8512336183338505 -0.00022201112394842378
3.8568443139004245 -0.00022120289750283362
3.862456632019498 -0.000220399541742621
3.8680686028967948 -0.00021960129298936344
3.873681202849067 -0.00021880796595159926
3.879295408699811 -0.00021801937930252397
3.8849092501931644 -0.00021723576575237015
3.8905237041737806 -0.00021645694413987833
3.8961387652409663 -0.00021568287221145166
3.9017554108990886 -0.00021491337396719833
3.9073716702906403 -0.00021414867741028818
3.91298852093761 -0.00021338860667868012
3.918606940835833 -0.00021263298961768918
3.924224958686711 -0.00021188205077941847
3.929843552501257 -0.00021113561812790063
3.9354627172984316 -0.0002103936526927923
3.9410834317051133 -0.00020965598725646218
3.9467037238477687 -0.00020892284187291676
3.9523245723654448 -0.00020819404941974573
3.957946956340951 -0.00020746944624638788
3.963568903479228 -0.00020674924910898173
3.969191392873185 -0.00020603329443595782
3.9748144199216355 -0.0002053215462288543
3.9804389642932954 -0.00020461384542115284
3.986063053143699 -0.00020391040447046625
3.9916876661491116 -0.00020321106436934565
3.997313783401953 -0.00020251566936620313
4.002939431654923 -0.00020182442876698258
4.008565591006231 -0.00020113718686540693
4.014192257199188 -0.00020045391035821547