0.04040404000000031 0.0
-0.05409175645792175 0.0018997568747702734
-0.11518217908842132 0.0033290751615536918
-0.15991319829659467 0.0045280085202694526
-0.19436006322519184 0.005582112994778811
-0.38984455847095134 0.008904065624813332
-0.41157959646986697 0.009779152976436218
-0.42898333470651373 0.01059324383824776
-0.44285270859078985 0.011357561229959833
0.0018511884630019182 0.00566391879810891
0.7032568190629824 -0.0036447827463001346
0.8309262815830678 -0.004873717418982116
0.9423344930228872 -0.005873649415728731
1.3607239885836613 -0.011196713450641283
1.0893203195830985 -0.006805612213354379
0.8613514936964748 -0.003026191790343368
0.9444459497238284 -0.0036273890450195367
0.9519966107076847 -0.003164724046423957
0.9636115673893961 -0.0027592953936671338
0.9818426000749838 -0.0024470390990271543
1.004691957764127 -0.0021998213908362503
1.030897310287827 -0.0019998652244384582
1.0595226386326537 -0.0018339889044191218
1.0900207573112084 -0.0016944865697574932
1.121958764041782 -0.001575261778031049
1.1550701055108767 -0.0014725607330669415
1.1890919915740525 -0.0013826826343555272
1.2238905849692863 -0.00130374268896215
1.2593547322328789 -0.0012341755535746554
1.2953517885426251 -0.0011721132280568093
1.331790048914602 -0.0011162642566274572
1.3686163715085975 -0.001065880257532216
1.4057826963686466 -0.0010202844157790082
1.4296027291805977 -0.0007867364553516309
1.333571915909964 0.0011346376342308074
1.3193476351950117 0.0019039530801227924
1.3167915209379046 0.002508948983261564
1.12722206083469 0.0057476018186364925
1.1369789287506542 0.006179197418658388
1.2261052771105092 0.005493054702020023
1.1035516949088624 0.007787941569213166
1.1371474862268656 0.00788382024170369
1.2319760794474028 0.007117374396758092
1.1988765624035125 0.008152504545768692
1.1824640240746866 0.008952636614978261
1.5799327482571748 0.003924193984323667
2.0285228964458213 -0.0018241774413079955
2.0540618321113193 -0.00161483631165839
2.115209309494265 -0.0019069603705849706
2.294897547871404 -0.0038684604314548994
2.5919374599532006 -0.0074825920353292314
2.6389434528184097 -0.007575565501212556
2.423874165276647 -0.003977805688736566
2.3902320529579697 -0.002935034321392694
2.4369605454149017 -0.0030240998262123673
2.450499998981911 -0.002645773327796939
2.470491839550018 -0.002358314000802002
2.494726832864334 -0.0021306098137091525
2.522119960066906 -0.001947380747737242
2.551495680128536 -0.0017920719855459984
2.582792863228189 -0.001663822652868836
2.6154040184015592 -0.001554077623427687
2.648981493468039 -0.001457941008261632
2.6835188929420433 -0.0013753227415260647
2.7187103154833245 -0.0013019148997319965
2.754503922288034 -0.0012369874514236517
2.7907615208252174 -0.0011785942696256027
2.8274262190350825 -0.0011259341592840893
2.864462354005372 -0.0010785048895254146
2.901859632912565 -0.0010361615093787946
2.9393684408731318 -0.0009953887618693099
2.9771957347496247 -0.0009591011629277455
3.0152835014154533 -0.0009264817298284917
3.0535078496722683 -0.0008957857372852341
3.091875919574104 -0.000867113736693003
3.1304024428467194 -0.0008406731908480557
3.1690589451880022 -0.0008160631040737291
3.207820072602047 -0.0007929264230979236
3.2466924479078507 -0.0007713564152384564
3.285657558572261 -0.0007510923736400632
3.3247084097650266 -0.0007320357920540633
3.3638374049791047 -0.0007140796909845754
3.4030378291740284 -0.0006971295043845033
3.442303721398492 -0.000681101285834719
3.4816297705330186 -0.0006659202403168243
3.5210112284672945 -0.0006515195015140036
3.560443837083607 -0.0006378391035388372
3.599923766428116 -0.0006248251102167217
3.639447562067872 -0.0006124288737292949
3.6790121000562905 -0.0006006064004056227
3.718614548242993 -0.0005893178058597988
3.7582523329035986 -0.0005785268450472347
3.7979231098521815 -0.0005682005054494721
3.83762473934771 -0.0005583086536888087
3.8773552642248035 -0.0005488237275495477
3.917112890775087 -0.0005397204667355174
3.9568959719835846 -0.0005309756767929906