0.0 0.1653693231944415
0.005714285714285714 0.1653693231944413
0.011428571428571429 0.16536932319444192
0.017142857142857144 0.16536932319444006
0.022857142857142857 0.16536932319444297
0.02857142857142857 0.1653693231944409
0.03428571428571429 0.16536932319444173
0.04 0.16536932319443923
0.045714285714285714 0.16536932319444006
0.05142857142857143 0.16536932319445005
0.05714285714285714 0.16536932319443173
0.06285714285714286 0.16536932319444672
0.06857142857142857 0.16536932319444173
0.07428571428571429 0.16536932319443173
0.08 0.1653693231944617
0.08571428571428572 0.16536932319442174
0.09142857142857143 0.16536932319445172
0.09714285714285714 0.16536932319443506
0.10285714285714286 0.1653693231944384
0.10857142857142857 0.16536932319444506
0.11428571428571428 0.1653693231944717
0.12 0.16536932319439177
0.12571428571428572 0.1653693231944717
0.13142857142857142 0.16536932319442507
0.13714285714285715 0.16536932319446504
0.14285714285714285 0.16536932319442507
0.14857142857142858 0.1653693231944384
0.15428571428571428 0.16536932319441175
0.16 0.16536932319446504
0.1657142857142857 0.16536932319446504
0.17142857142857143 0.16536932319445172
0.17714285714285713 0.16536932319439843
0.18285714285714286 0.1653693231944384
0.18857142857142858 0.16536932319446504
0.19428571428571428 0.1653693231944384
0.2 0.16536932319446504
0.2057142857142857 0.16536932319437178
0.21142857142857144 0.16536932319450498
0.21714285714285714 0.16536932319437178
0.22285714285714286 0.16536932319453163
0.22857142857142856 0.16536932319434516
0.2342857142857143 0.16536932319455827
0.24 0.16536932319442507
0.24571428571428572 0.16536932319434516
0.25142857142857145 0.16536932319445172
0.2571428571428571 0.16536932319450498
0.26285714285714284 0.16536932319442507
0.26857142857142857 0.16536932319447833
0.2742857142857143 0.16536932319431852
0.28 0.16536932319453163
0.2857142857142857 0.16536932319447833
0.2914285714285714 0.16536932319442507
0.29714285714285715 0.16536932319439843
0.3028571428571429 0.16536932319445172
0.30857142857142855 0.16536932319445172
0.3142857142857143 0.16536932319439843
0.32 0.16536932319439843
0.32571428571428573 0.16536932319455827
0.3314285714285714 0.16536932319434516
0.33714285714285713 0.16536932319466482
0.34285714285714286 0.16536932319418532
0.3485714285714286 0.16536932319455827
0.35428571428571426 0.16536932319450498
0.36 0.16536932319434516
0.3657142857142857 0.16536932319439843
0.37142857142857144 0.16536932319445172
0.37714285714285717 0.16536932319445172
0.38285714285714284 0.16536932319445172
0.38857142857142857 0.16536932319450498
0.3942857142857143 0.16536932319439843
0.4 0.16536932319445172
0.4057142857142857 0.16536932319450498
0.4114285714285714 0.16536932319439843
0.41714285714285715 0.16536932319418532
0.4228571428571429 0.1653693231947181
0.42857142857142855 0.022325179986656465
0.4342857142857143 -1.620803360669535
0.44 -0.9999229899459813
0.44571428571428573 -0.6885405642759386
0.4514285714285714 -0.5605825005152396
0.45714285714285713 -0.4875473415488498
0.46285714285714286 -0.4404222789980523
0.4685714285714286 -0.4081557844726605
0.4742857142857143 -0.38551334568033335
0.48 -0.36969741590396
0.4857142857142857 -0.359114030335534
0.49142857142857144 -0.3528469254300282
0.49714285714285716 -0.3504153240015853
0.5028571428571429 -0.35166745677290817
0.5085714285714286 -0.3567567884639886
0.5142857142857142 -0.36619232778775723
0.52 -0.3809927949511835
0.5257142857142857 -0.4030438813614084
0.5314285714285715 -0.43595130425497913
0.5371428571428571 -0.48738823939677617
0.5428571428571428 -0.5775278682376718
0.5485714285714286 -0.7955541473066262
0.5542857142857143 -1.2302887024530456
0.56 -0.09878370840294547
0.5657142857142857 0.0
0.5714285714285714 0.0
0.5771428571428572 0.0
0.5828571428571429 0.0
0.5885714285714285 0.0
0.5942857142857143 0.0
0.6 0.0
0.6057142857142858 0.0
0.6114285714285714 0.0
0.6171428571428571 0.0
0.6228571428571429 0.0
0.6285714285714286 0.0
0.6342857142857142 0.0
0.64 0.0
0.6457142857142857 0.0
0.6514285714285715 0.0
0.6571428571428571 0.0
0.6628571428571428 0.0
0.6685714285714286 0.0
0.6742857142857143 0.0
0.68 0.0
0.6857142857142857 0.0
0.6914285714285714 0.0
0.6971428571428572 0.0
0.7028571428571428 0.0
0.7085714285714285 0.0
0.7142857142857143 0.0
0.72 0.0
0.7257142857142858 0.0
0.7314285714285714 0.0
0.7371428571428571 0.0
0.7428571428571429 0.0
0.7485714285714286 0.0
0.7542857142857143 0.0
0.76 0.0
0.7657142857142857 0.0
0.7714285714285715 0.0
0.7771428571428571 0.0
0.7828571428571428 0.0
0.7885714285714286 0.0
0.7942857142857143 0.0
0.8 0.0
0.8057142857142857 0.0
0.8114285714285714 0.0
0.8171428571428572 0.0
0.8228571428571428 0.0
0.8285714285714286 0.0
0.8342857142857143 0.0
0.84 0.0
0.8457142857142858 0.0
0.8514285714285714 0.0
0.8571428571428571 0.0
0.8628571428571429 0.0
0.8685714285714285 0.0
0.8742857142857143 0.0
0.88 0.0
0.8857142857142857 0.0
0.8914285714285715 0.0
0.8971428571428571 0.0
0.9028571428571428 0.0
0.9085714285714286 0.0
0.9142857142857143 0.0
0.92 0.0
0.9257142857142857 0.0
0.9314285714285714 0.0
0.9371428571428572 0.0
0.9428571428571428 0.0
0.9485714285714286 0.0
0.9542857142857143 0.0
0.96 0.0
0.9657142857142857 0.0
0.9714285714285714 0.0
0.9771428571428571 0.0
0.9828571428571429 0.0
0.9885714285714285 0.0
0.9942857142857143 0.0
1.0 0.0
1.0057142857142858 0.0
1.0114285714285713 0.0
1.0171428571428571 0.0
1.022857142857143 0.0
1.0285714285714285 0.0
1.0342857142857143 0.0
1.04 0.0
1.0457142857142858 0.0
1.0514285714285714 0.0
1.0571428571428572 0.0
1.062857142857143 0.0
1.0685714285714285 0.0
1.0742857142857143 0.0
1.08 0.0
1.0857142857142856 0.0
1.0914285714285714 0.0
1.0971428571428572 0.0
1.1028571428571428 0.0
1.1085714285714285 0.0
1.1142857142857143 0.0
1.12 0.0
1.1257142857142857 0.0
1.1314285714285715 0.0
1.1371428571428572 0.0
1.1428571428571428 0.0
1.1485714285714286 0.0
1.1542857142857144 0.0
1.16 0.0
1.1657142857142857 0.0
1.1714285714285715 0.0
1.177142857142857 0.0
1.1828571428571428 0.0
1.1885714285714286 0.0
1.1942857142857144 0.0
1.2 0.0
1.2057142857142857 0.0
1.2114285714285715 0.0
1.217142857142857 0.0
1.2228571428571429 0.0
1.2285714285714286 0.0
1.2342857142857142 0.0
1.24 0.0
1.2457142857142858 0.0
1.2514285714285713 0.0
1.2571428571428571 0.0
1.262857142857143 0.0
1.2685714285714285 0.0
1.2742857142857142 0.0
1.28 0.0
1.2857142857142858 0.0
1.2914285714285714 0.0
1.2971428571428572 0.0
1.302857142857143 0.0
1.3085714285714285 0.0
1.3142857142857143 0.0
1.32 0.0
1.3257142857142856 0.0
1.3314285714285714 0.0
1.3371428571428572 0.0
1.3428571428571427 0.0
1.3485714285714285 0.0
1.3542857142857143 0.0
1.36 0.0
1.3657142857142857 0.0
1.3714285714285714 0.0
1.3771428571428572 0.0
1.3828571428571428 0.0
1.3885714285714286 0.0
1.3942857142857144 0.0
1.4 0.0
1.4057142857142857 0.0
1.4114285714285715 0.0
1.417142857142857 0.0
1.4228571428571428 0.0
1.4285714285714286 0.0
1.4342857142857144 0.0
1.44 0.0
1.4457142857142857 0.0
1.4514285714285715 0.0
1.457142857142857 0.0
1.4628571428571429 0.0
1.4685714285714286 0.0
1.4742857142857142 0.0
1.48 0.0
1.4857142857142858 0.0
1.4914285714285713 0.0
1.497142857142857 0.0
1.502857142857143 0.0
1.5085714285714287 0.0
1.5142857142857142 0.0
1.52 0.0
1.5257142857142858 0.0
1.5314285714285714 0.0
1.5371428571428571 0.0
1.542857142857143 0.0
1.5485714285714285 0.0
1.5542857142857143 72.21966873657163
1.56 -66.04205829553058
1.5657142857142856 0.027672049911638946
1.5714285714285714 0.02767204991195861
1.5771428571428572 0.027672049911319278
1.582857142857143 0.027672049913130724
1.5885714285714285 0.02767204991025372
1.5942857142857143 0.027672049911852056
1.6 0.02767204991153239
1.6057142857142856 0.0276720499117455
1.6114285714285714 0.027672049912811057
1.6171428571428572 0.0276720499107865
1.6228571428571428 0.02767204991153239
1.6285714285714286 0.027672049911425835
1.6342857142857143 0.027672049913237278
1.64 0.02767204991025372
1.6457142857142857 0.027672049911852056
1.6514285714285715 0.02767204991153239
1.6571428571428573 0.027672049911638946
1.6628571428571428 0.027672049913130724
1.6685714285714286 0.027672049910147167
1.6742857142857144 0.027672049911852056
1.68 0.0276720499117455
1.6857142857142857 0.027672049911425835
1.6914285714285715 0.027672049913237278
1.697142857142857 0.027672049910466835
1.7028571428571428 0.02767204991121272
1.7085714285714286 0.027672049912065167
1.7142857142857142 0.0276720499127045
1.72 0.027672049910466835
1.7257142857142858 0.027672049912065167
1.7314285714285713 0.027672049911319278
1.737142857142857 0.027672049911852056
1.7428571428571429 0.027672049912597946
1.7485714285714287 0.027672049910679945
1.7542857142857142 0.0276720499117455
1.76 0.027672049911319278
1.7657142857142858 0.0276720499107865
1.7714285714285714 0.027672049914302835
1.7771428571428571 0.027672049910147167
1.782857142857143 0.027672049911852056
1.7885714285714285 0.027672049911106167
1.7942857142857143 0.027672049913237278
1.8 0.027672049910679945
1.8057142857142856 0.0276720499117455
1.8114285714285714 0.027672049911319278
1.8171428571428572 0.02767204991153239
1.822857142857143 0.027672049913237278
1.8285714285714285 0.027672049910679945
1.8342857142857143 0.027672049911106167
1.84 0.0276720499117455
1.8457142857142856 0.0276720499136635
1.8514285714285714 0.027672049909614388
1.8571428571428572 0.027672049912171724
1.8628571428571428 0.027672049911319278
1.8685714285714285 0.02767204991153239
1.8742857142857143 0.02767204991345039
1.88 0.027672049910466835
1.8857142857142857 0.027672049911319278
1.8914285714285715 0.0276720499117455
1.8971428571428572 0.027672049911106167
1.9028571428571428 -0.007015088585233102
1.9085714285714286 -0.7369961710601809
1.9142857142857144 -0.4963915037208131
1.92 -0.3434397154591581
1.9257142857142857 -0.28225079858895347
1.9314285714285715 -0.24692623743531825
1.937142857142857 -0.22356578383176182
1.9428571428571428 -0.2069505760435081
1.9485714285714286 -0.19460853623640656
1.9542857142857142 -0.18519879918489107
1.96 -0.1779264994001493
1.9657142857142857 -0.17229089535139466
1.9714285714285715 -0.16796345900760906
1.977142857142857 -0.16472370026133026
1.9828571428571429 -0.16242332293842354
1.9885714285714287 -0.1609654919472674
1.9942857142857142 -0.16029283404339778
2.0 -0.16038098538055182
2.005714285714286 -0.16123615367971972
2.0114285714285716 -0.16289617164149203
2.0171428571428573 -0.16543532635536395
2.0228571428571427 -0.16897418221887914
2.0285714285714285 -0.17369707783554555
2.0342857142857143 -0.17988274793046521
2.04 -0.18795942727109888
2.045714285714286 -0.19860973187970513
2.0514285714285716 -0.21298747179025557
2.057142857142857 -0.2332213696908638
2.0628571428571427 -0.26380520864644436
2.0685714285714285 -0.31670209688597756
2.0742857142857143 -0.44857848847814447
2.08 -0.6561783771730705
2.085714285714286 -0.029787155876185304
2.0914285714285716 0.0
2.097142857142857 0.0
2.1028571428571428 0.0
2.1085714285714285 0.0
2.1142857142857143 0.0
2.12 0.0
2.125714285714286 0.0
2.1314285714285712 0.0
2.137142857142857 0.0
2.142857142857143 0.0
2.1485714285714286 0.0
2.1542857142857144 0.0
2.16 0.0
2.165714285714286 0.0
2.1714285714285713 0.0
2.177142857142857 0.0
2.182857142857143 0.0
2.1885714285714286 0.0
2.1942857142857144 0.0
2.2 0.0
2.2057142857142855 0.0
2.2114285714285713 0.0
2.217142857142857 0.0
2.222857142857143 0.0
2.2285714285714286 0.0
2.2342857142857144 0.0
2.24 0.0
2.2457142857142856 0.0
2.2514285714285713 0.0
2.257142857142857 0.0
2.262857142857143 0.0
2.2685714285714287 0.0
2.2742857142857145 0.0
2.28 0.0
2.2857142857142856 0.0
2.2914285714285714 0.0
2.297142857142857 0.0
2.302857142857143 0.0
2.3085714285714287 0.0
2.3142857142857145 0.0
2.32 0.0
2.3257142857142856 0.0
2.3314285714285714 0.0
2.337142857142857 0.0
2.342857142857143 0.0
2.3485714285714288 0.0
2.354285714285714 0.0
2.36 0.0
2.3657142857142857 0.0
2.3714285714285714 0.0
2.3771428571428572 0.0
2.382857142857143 0.0
2.388571428571429 0.0
2.394285714285714 0.0
2.4 0.0
2.4057142857142857 0.0
2.4114285714285715 0.0
2.4171428571428573 0.0
2.422857142857143 0.0
2.4285714285714284 0.0
2.434285714285714 0.0
2.44 0.0
2.4457142857142857 0.0
2.4514285714285715 0.0
2.4571428571428573 0.0
2.4628571428571426 0.0
2.4685714285714284 0.0
2.474285714285714 0.0
2.48 0.0
2.4857142857142858 0.0
2.4914285714285715 0.0
2.4971428571428573 0.0
2.5028571428571427 0.0
2.5085714285714285 0.0
2.5142857142857142 0.0
2.52 0.0
2.525714285714286 0.0
2.5314285714285716 0.0
2.537142857142857 0.0
2.5428571428571427 0.0
2.5485714285714285 0.0
2.5542857142857143 0.0
2.56 0.0
2.565714285714286 0.0
2.5714285714285716 0.0
2.577142857142857 0.0
2.5828571428571427 0.0
2.5885714285714285 0.0
2.5942857142857143 0.0
2.6 0.0
2.605714285714286 0.0
2.611428571428571 0.0
2.617142857142857 0.0
2.6228571428571428 0.0
2.6285714285714286 0.0
2.6342857142857143 0.0
2.64 0.0
2.645714285714286 0.0
2.6514285714285712 0.0
2.657142857142857 0.0
2.662857142857143 0.0
2.6685714285714286 0.0
2.6742857142857144 0.0
2.68 0.0
2.6857142857142855 0.0
2.6914285714285713 0.0
2.697142857142857 0.0
2.702857142857143 0.0
2.7085714285714286 0.0
2.7142857142857144 0.0
2.72 0.0
2.7257142857142855 0.0
2.7314285714285713 0.0
2.737142857142857 0.0
2.742857142857143 0.0
2.7485714285714287 0.0
2.7542857142857144 0.0
2.76 0.0
2.7657142857142856 0.0
2.7714285714285714 0.0
2.777142857142857 0.0
2.782857142857143 0.0
2.7885714285714287 0.0
2.7942857142857145 0.0
2.8 0.0
2.8057142857142856 0.0
2.8114285714285714 0.0
2.817142857142857 0.0
2.822857142857143 0.0
2.8285714285714287 0.0
2.834285714285714 0.0
2.84 0.0
2.8457142857142856 0.0
2.8514285714285714 0.0
2.857142857142857 0.0
2.862857142857143 0.0
2.8685714285714288 0.0
2.874285714285714 0.0
2.88 0.0
2.8857142857142857 0.0
2.8914285714285715 0.0
2.8971428571428572 0.0
2.902857142857143 0.0
2.9085714285714284 0.0
2.914285714285714 0.0
2.92 0.0
2.9257142857142857 0.0
2.9314285714285715 0.0
2.9371428571428573 0.0
2.942857142857143 0.0
2.9485714285714284 0.0
2.954285714285714 0.0
2.96 0.0
2.9657142857142857 0.0
2.9714285714285715 0.0
2.9771428571428573 0.0
2.9828571428571427 0.0
2.9885714285714284 0.0
2.994285714285714 0.0
3.0 0.0
3.005714285714286 0.0
3.0114285714285716 0.0
3.0171428571428573 0.0
3.0228571428571427 0.0
3.0285714285714285 0.0
3.0342857142857143 0.0
3.04 0.0
3.045714285714286 0.0
3.0514285714285716 0.0
3.057142857142857 0.0
3.0628571428571427 0.0
3.0685714285714285 0.0
3.0742857142857143 0.0
3.08 0.0
3.085714285714286 0.0
3.0914285714285716 0.0
3.097142857142857 0.0
3.1028571428571428 0.0
3.1085714285714285 0.0
3.1142857142857143 0.0
3.12 0.0
3.125714285714286 0.0
3.1314285714285712 0.0
3.137142857142857 0.0
3.142857142857143 0.0
3.1485714285714286 0.0
3.1542857142857144 0.0
3.16 0.0
3.165714285714286 0.0
3.1714285714285713 0.0
3.177142857142857 0.0
3.182857142857143 0.0
3.1885714285714286 0.0
3.1942857142857144 0.0
3.2 0.0
3.2057142857142855 0.0
3.2114285714285713 0.0
3.217142857142857 0.0
3.222857142857143 0.0
3.2285714285714286 0.0
3.2342857142857144 0.0
3.24 0.0
3.2457142857142856 0.0
3.2514285714285713 0.0
3.257142857142857 0.0
3.262857142857143 0.0
3.2685714285714287 0.0
3.2742857142857145 0.0
3.28 0.0
3.2857142857142856 0.0
3.2914285714285714 0.0
3.297142857142857 0.0
3.302857142857143 0.0
3.3085714285714287 0.0
3.3142857142857145 0.0
3.32 0.0
3.3257142857142856 0.0
3.3314285714285714 0.0
3.337142857142857 0.0
3.342857142857143 0.0
3.3485714285714288 0.0
3.354285714285714 0.0
3.36 0.0
3.3657142857142857 0.0
3.3714285714285714 0.0
3.3771428571428572 0.0
3.382857142857143 0.0
3.388571428571429 0.0
3.394285714285714 0.0
3.4 0.0
3.4057142857142857 0.0
3.4114285714285715 0.0
3.4171428571428573 0.0
3.422857142857143 0.0
3.4285714285714284 0.0
3.434285714285714 0.0
3.44 0.0
3.4457142857142857 0.0
3.4514285714285715 0.0
3.4571428571428573 0.0
3.4628571428571426 0.0
3.4685714285714284 0.0
3.474285714285714 0.0
3.48 0.0
3.4857142857142858 0.0
3.4914285714285715 0.0
3.4971428571428573 0.0
3.5028571428571427 0.0
3.5085714285714285 0.0
3.5142857142857142 0.0
3.52 0.0
3.525714285714286 0.0
3.5314285714285716 0.0
3.537142857142857 0.0
3.5428571428571427 0.0
3.5485714285714285 0.0
3.5542857142857143 0.0
3.56 0.0
3.565714285714286 0.0
3.5714285714285716 0.0
3.577142857142857 0.0
3.5828571428571427 0.0
3.5885714285714285 0.0
3.5942857142857143 0.0
3.6 0.0
3.605714285714286 0.0
3.611428571428571 0.0
3.617142857142857 0.0
3.6228571428571428 0.0
3.6285714285714286 0.0
3.6342857142857143 0.0
3.64 0.0
3.645714285714286 0.0
3.6514285714285712 0.0
3.657142857142857 0.0
3.662857142857143 0.0
3.6685714285714286 0.0
3.6742857142857144 0.0
3.68 0.0
3.6857142857142855 0.0
3.6914285714285713 0.0
3.697142857142857 0.0
3.702857142857143 0.0
3.7085714285714286 0.0
3.7142857142857144 0.0
3.72 0.0
3.7257142857142855 0.0
3.7314285714285713 0.0
3.737142857142857 0.0
3.742857142857143 0.0
3.7485714285714287 0.0
3.7542857142857144 0.0
3.76 0.0
3.7657142857142856 0.0
3.7714285714285714 0.0
3.777142857142857 0.0
3.782857142857143 0.0
3.7885714285714287 0.0
3.7942857142857145 0.0
3.8 0.0
3.8057142857142856 0.0
3.8114285714285714 0.0
3.817142857142857 0.0
3.822857142857143 0.0
3.8285714285714287 0.0
3.834285714285714 0.0
3.84 0.0
3.8457142857142856 0.0
3.8514285714285714 0.0
3.857142857142857 0.0
3.862857142857143 0.0
3.8685714285714288 0.0
3.874285714285714 0.0
3.88 0.0
3.8857142857142857 0.0
3.8914285714285715 0.0
3.8971428571428572 0.0
3.902857142857143 0.0
3.9085714285714284 0.0
3.914285714285714 0.0
3.92 0.0
3.9257142857142857 0.0
3.9314285714285715 0.0
3.9371428571428573 0.0
3.942857142857143 0.0
3.9485714285714284 0.0
3.954285714285714 0.0
3.96 0.0
3.9657142857142857 0.0
3.9714285714285715 0.0
3.9771428571428573 0.0
3.9828571428571427 0.0
3.9885714285714284 0.0