0.0007115032600000237 0.0
-0.029514074585455075 0.013611079990879753
-0.05238296240123652 0.023985510279493322
-0.0697889150733687 0.031956467217081154
-0.08391822187593245 0.03848583084761811
-0.09558516479978318 0.04393185281107856
-0.10848613072642765 0.049920795430524044
-0.1157593473741445 0.05343375332639193
-0.12061879287058475 0.05588474837037199
-0.1255892214308476 0.05838457126558022
-0.13038965953884263 0.0608096054155134
-0.13467506595901335 0.06300804615016728
-0.13861023005179418 0.06505239425012409
-0.1463878057050071 0.06878724956737424
-0.14661228054865916 0.06919904274179192
-0.146843631190535 0.06961386068482332
-0.14728755716592823 0.07012220372389336
-0.14822607550536093 0.0708481472082073
-0.1489594874629231 0.07148385207684285
-0.14765972452383924 0.07122504119988314
-0.14574393979640865 0.07069520534114988
-0.14709036093623606 0.0716006102051725
-0.14571429975124173 0.0713082307075513
-0.14423635350955177 0.07097102717434997
-0.1428295808451303 0.07066513585245661
-0.14172799457411955 0.07049351567381062
-0.14076469650148615 0.07038273545907293
-0.14011789763821436 0.07041120269482525
-0.13759749167425772 0.0696153580817196
-0.13302693340130256 0.06791752789973403
-0.12729244115527105 0.06570761369932406
-0.12317100774671708 0.06420738007880115
-0.12172225193908481 0.06388301829074282
-0.12167993931235799 0.06417743576618823
-0.11861156496875236 0.0631405065129915
-0.11367262870407346 0.06128060516833545
-0.11199266229263116 0.060854519949598396
-0.1073254638415928 0.059114171509291435
-0.10219796421636773 0.05717131025753967
-0.09649054467546336 0.054973306086129395
-0.08955478647365278 0.052234882846057026
-0.08525549669047439 0.05065639996458627
-0.07994976285123656 0.04863512145780719
-0.08039334227754735 0.04914331246908286
-0.0791717986726006 0.04891891541487236
-0.07542319516612106 0.047582711619756454
-0.06987731552458099 0.045455779431771225
-0.06334414782822251 0.0428944803738162
-0.05465048451502885 0.03938264733901758
-0.049596620495835575 0.037472182812771544
-0.04691972281916679 0.03660748809665355
-0.042805916396648436 0.03511061092526995
-0.036253843931693175 0.032540992764384956
-0.030090428928849833 0.030142369682980324
-0.02676971332547684 0.02899442123440296
-0.02477296280884944 0.02842896234247279
-0.020472232210468344 0.026849846439781964
-0.012461975414610471 0.023638686735876196
-0.010422122880009987 0.02305426511757569
-0.007225468148509551 0.021960898057431563
-0.0017455474036993657 0.019862985589441922
0.005582893978690162 0.016951797434438816
0.014928806951659102 0.013153001041409271
0.01702003187833545 0.012545978942388054
0.026672097474523704 0.00861248894334873
0.030395147259409172 0.007287527765069264
0.03198729267385747 0.006900080717229523
0.03409593049130255 0.006285398081734616
0.038689647019284346 0.0045773796324828165
0.0464368928454717 0.001481932930186213
0.05595258929873703 -0.002391560092813771
0.06081136352057348 -0.004216193340445788
0.06255766812284735 -0.004671465593393459
0.06431951663886026 -0.0051335752276522725
0.0680585434791342 -0.006465563912307983
0.07477121808231002 -0.009105841039210723
0.08337744369722344 -0.01257920277939612
0.08466842936208308 -0.012834151566318421
0.09107467504337796 -0.015339610007155734
0.09829736110172915 -0.018204271803493852
0.10432822610860226 -0.02054457774101418
0.1070485446804782 -0.021428375916709024
0.10902901604115334 -0.021986672190281026
0.11502510149057232 -0.024311676951644177
0.12147241016800892 -0.026835201910608602
0.12436492632995366 -0.027794761467909813
0.13235040535632792 -0.030995019942914728
0.134599298032252 -0.03167140911409075
0.13413542431214476 -0.0311542916239381
0.13316458620480776 -0.030414126532859968
0.13306610049300238 -0.030057764732097956
0.14170125585352833 -0.033543856164683285
0.15000345484678357 -0.03688345701486892
0.15273845272436748 -0.037773715258595686
0.1482582361646395 -0.0354895668995336
0.14232999221298426 -0.03256834124531148
0.14014339591265423 -0.031293294188765135
0.1438350472785107 -0.032604441756745456
0.14868476277811637 -0.03442508732861847
0.15152701277085157 -0.035362532219155335
0.15246838631869963 -0.035463663878934994
0.15593952665149835 -0.036677794960045924
0.15338965964085893 -0.0352429233006967
0.14716913247020458 -0.032193104704470836
0.14345290347305795 -0.03024508079776706
0.14467470370643787 -0.030469592078118033
0.14732182205849698 -0.031321183321011276
0.14487918824465418 -0.029933489985151666
0.14705452631012206 -0.030577520265440326
0.14539395088661455 -0.029533898304686616
0.13940724544564997 -0.026586955009953474
0.13283141369696516 -0.023380819670665146
0.1313314787352976 -0.02240787309683094
0.1334870459762335 -0.02304320456405028
0.13459744744343982 -0.02321870527672669
0.12803499534771423 -0.020018453370610846
0.11807131546148386 -0.0153218001679949
0.10482210828718186 -0.009179646188927675
0.08905123090045097 -0.0019280549570459098
0.0745682488862287 0.004756910232278163
0.06847529031961852 0.0077506037380608
0.06397781199837094 0.010042346582723478
0.05916147587177856 0.012474374125941753
0.054617245740620324 0.01478668897932797
0.04630828716397395 0.018755330458529233
0.03357665069093618 0.02466977400181282
0.02222433464055762 0.029977374731566257
0.024170980825237165 0.02943396018438949
0.024100980024589824 0.0297777893220242
0.02084250603323723 0.03152442326943748
0.020433643115301825 0.032017338203872016
0.014180296941595727 0.03508159277086596
0.001120362957967136 0.04114047718569378
-0.008013843875566362 0.04547219537587754
-0.002132291430930855 0.04319757880210963
-0.005501189356267533 0.04499279442997083
-0.01655359247637156 0.05016844236978418
-0.015622475080769527 0.050071823007342336
-0.018159914876017424 0.05150122718828632
-0.028710730117336936 0.056456196055862315
-0.03835750403712901 0.061013442649323874
-0.04108321451611385 0.06252567797125755
-0.039809156071352825 0.062278174725232616
-0.03818124760370367 0.06187499160258961
-0.033411340532002565 0.06008945459165147
-0.03113156307309839 0.05939947514976179
-0.03407286330100112 0.06100656135014875
-0.04120503503245532 0.064457463620603
-0.050207524957018745 0.06873123119190745
-0.060436308702638275 0.07354451906393487
-0.06390636746460743 0.0753842378996748
-0.06223395862671155 0.07496147639155396
-0.04688774876777302 0.0685227885921746
-0.042051710533086095 0.06670815651092896
-0.07229941677245089 0.08032897068580762
-0.10459280474407062 0.09484980311440239
-0.0664674245407777 0.07838919020752952
-0.06375251654124481 0.07750777070771675
-0.07119368156753458 0.08109461768611022
-0.05818720553592793 0.07568531931727267
-0.05074583269224453 0.07272444407016052
-0.07939928867210544 0.0856438518082894
-0.11682599519843972 0.10242313936630933
-0.10503740466187272 0.09754966197059226
-0.10518249973736493 0.09792652958974844
-0.0854591340512536 0.0895620680584638
-0.06389772515041259 0.08038894092769108
-0.05412274172072706 0.07640137023164824
-0.05865561733743829 0.07870868603251856
-0.06220972379939382 0.08058542649523097
-0.03604612409434904 0.06938751923099058
-0.027762991441910523 0.0660563032895374
0.0002727714334399556 0.054034719008172354
0.03420739339058321 0.039417872342633796
0.052580413555253 0.031647508905377424
0.054076914565540424 0.03130213981530618
0.07123187258151598 0.024067675071722448
0.11371614593466639 0.005689323281516475
0.1775827219008329 -0.02209638760798697
0.1887275891984418 -0.026686652490110804
0.2104602635856937 -0.035935129594230265
0.22558055014451817 -0.04227442016537197
0.2414826213875697 -0.04895766477158469
0.3068292335658981 -0.07739453247893692
0.28233529018019266 -0.06630514414327646
0.31366948159425634 -0.07977790523607421
0.3515347216117758 -0.09612406685170767
0.36541760602205786 -0.10191894990172047
0.3722872606543889 -0.10462829197136618
0.3848646905193257 -0.10984882716380093
0.3994800157465327 -0.11596595491816107
0.4097301147837601 -0.12016255750448805
0.4563342497149959 -0.1403534838338298
0.4591868994123883 -0.14129550417903158
0.46436841821046426 -0.14326213390900794
0.483419817637727 -0.15133095712602831
0.4978751174000381 -0.15737768006756017
0.48437494033311734 -0.15112510979992258
0.5478820077540648 -0.17875265128899473
0.5466671965948172 -0.177905107323505
0.5523060113725692 -0.18007292901925495
0.5590630436964011 -0.18273272177151345
0.5631707735882597 -0.1842269272719554
0.5690051786217866 -0.18648080086799404
0.585551416644703 -0.19344745312808304
0.6286911251379684 -0.21211417020059525
0.6036835728397255 -0.20079881445794934
0.6480536922431827 -0.22000686318595983
0.6560066021946248 -0.22319279432870642
0.6561724731964723 -0.22295273936299445
0.6689193533509211 -0.22824782591464293
0.6871567132043465 -0.2359585042334864
0.6541935690984747 -0.22114300585717322
0.720469146196938 -0.2499885810247332
0.7109217721093345 -0.24547508618541622
0.7194809987469596 -0.24892777245262487
0.7185416074682199 -0.24820144622976284
0.7229866868172664 -0.24984407201697914
0.7449090358177374 -0.2591759983749449
0.7368140055106657 -0.25530147678964854
0.7606628029980947 -0.2654809635358057
0.7082079344377273 -0.24208988493660402
0.5839346359300946 -0.18710156572729184
0.3677630855879429 -0.09168168630431352
0.14650169022089699 0.005977521631385705
-0.005391107448709742 0.0731173172958702
-0.12270660537080302 0.12504448215552746
-0.2979562106649086 0.20246034025882131
-0.3906900909645349 0.24357257520183817
-0.334814262777794 0.2193024741693953
-0.2430479314796642 0.17924202929990227
-0.1636719032502315 0.14463277889201506
-0.11041856098131742 0.12151646691626757
-0.07376289826154891 0.10570247099879292
-0.0511852573409356 0.09608224236958841
-0.0225843904111529 0.0838120348756197
0.0022685866608964655 0.07319074922110011
0.019175253648475832 0.06606552261278785
0.03195039669688671 0.06075800151667068
0.04408204269303784 0.05573359342103365
0.05566026675889024 0.05095266886998827
0.06561096524396504 0.04688779056797252
0.07448449057760131 0.04329682542821533
0.08245319521265515 0.04010394525554963
0.0896551641478478 0.03724839816591939
0.09620120950716005 0.03468143125082305
0.10218155223889902 0.032363350896604304
0.1076705500065177 0.030261442701332495
0.1127301136950879 0.02834846834841616
0.11741224496446068 0.026601549184567534
0.1217609613820122 0.025001319238287578
0.12581378128363574 0.02353127194033814
0.12960288463486414 0.022177249391214602
0.13315603109003205 0.020927038451783918
0.13649729338493122 0.019770048079809213
0.1396476485031054 0.01869704924039252
0.14262545809342175 0.017699963541431853
0.14544686180179067 0.016771690183375206
0.14812646869396373 0.015905845756812226
0.15067614014038966 0.015097123740499664
0.15310747101244748 0.014340466850158154
0.15543045401422717 0.01363147869511596
0.15765402476861368 0.012966227958209797
0.15978619643711622 0.012341189168436767
0.1618341743247379 0.011753192279389115
0.16380445386312525 0.011199379560582638
0.165702904721149 0.010677168592159973
0.16753484328292922 0.01018422037745508
0.16930509532821925 0.009718411766127292
0.17101805042587392 0.009277811523208421
0.1726777092901487 0.008860659494222375
0.17428772513841373 0.00846534840944259
0.1758514399170995 0.0080904079459238
0.17737191612230163 0.007734490727705655
0.17885196482623333 0.007396359995294005
0.18029417042563922 0.007074878717347211
0.18170091254959087 0.006768999952120543
0.18307438549864152 0.006477758295015343
0.1844166155326893 0.006200262272609078
0.18572947627916292 0.005935687563669341
0.18701470249468188 0.005683270944573189
0.18827390238090647 0.0054423048708248205
0.18950856862785848 0.005212132618435443
0.19072008833469412 0.004992143919179734
0.19190975193808735 0.0047817710324638
0.19307876126144874 0.004580485203990076
0.19422823678372192 0.004387793467777407
0.19535922421405238 0.004203235753569487
0.1964727004479222 0.004026382266373295
0.1975695789711115 0.0038568311089319496
0.19865071476985652 0.0036942061214512256
0.19971690879865622 0.003538154915943413
0.20076905894441655 0.003388326454038838
0.201807574319656 0.0032444527505586748
0.20283326564914284 0.003106221114992399
0.20384675507096894 0.002973357831429233
0.20484862781603386 0.002845605421648439
0.20583943481414357 0.0027227214985406935
0.20681969508625853 0.002604477713614077
0.20778989794289127 0.0024906587897869908
0.20875050500655334 0.0023810616315924483
0.2097019520742952 0.00227549450573498
0.2106446508347436 0.002173776285662361
0.21157899045258854 0.002075735754455014
0.21250533903217128 0.0019812109609054582
0.21342404497068534 0.0018900486241642859
0.21433543821046885 0.0018021035827813004
0.21523983139895997 0.0017172382843714247
0.21613752096406735 0.001635322312494707
0.21702878811198045 0.0015562319476596922
0.2179138997537865 0.0014798497596491007
0.21879310936667673 0.0014060642286229657
0.21966665779500205 0.001334769392686755
0.22053477399595456 0.0012658645198209532
0.22139767573423608 0.0011992538022547014
0.22225557022968212 0.001134846071537143
0.22310865476146902 0.0010725545327102614
0.22395711723221534 0.0010122965161272572
0.22480113669500568 0.0009539932455826044
0.22564088384610914 0.0008975696215357461
0.22647652148593622 0.0008429540183087617
0.22730832157123115 0.0007900707818023227
0.22813619861178747 0.0007388695322812556
0.2289604113672571 0.0006892804218395069
0.22978109510562683 0.0006412439379660962
0.23059837910255088 0.0005947032045364247
0.23141238695450517 0.0005496038440379178
0.23222323687301316 0.0005058938481219157
0.23303104196124413 0.00046352345591139303
0.23383591047418684 0.00042244503953515285
0.23463794606350408 0.0003826129964017297
0.2354372480080943 0.00034398364776114286
0.2362339114313089 0.0003065151431382483
0.23702802750570162 0.00027016737025082276
0.2378196836461247 0.00023490187005563597
0.2386089636919223 0.00020068175658983324
0.23939594807892373 0.0001674716413011898
0.24018071400188468 0.00013523756158079214
0.24096333556797356 0.00010394691323432381
0.24174388394187296 7.356838664381576e-05
0.24252242748300878 4.407190639248174e-05
0.24329903187539392 1.542857413810813e-05
0.24407376025053884 -1.2389385462353493e-05
0.24484667330384935 -3.940867596313502e-05
0.2456178294049015 -6.565497764630504e-05
0.2463872847019607 -9.115299350589247e-05
0.24715509322108475 -0.00011592649284963357
0.2479213069601326 -0.0001399983526582272
0.2486859759779677 -0.00016339059683259208
0.24944914847914845 -0.00018612443345267213
0.25021097785321345 -0.0002082233517830967
0.2509712947211765 -0.00022970082384693433
0.2517302493506376 -0.0002505789653803268
0.25248788329389205 -0.00027087605773357457
0.2532442366130808 -0.0002906097266485181
0.2539993479426591 -0.0003097969697423693
0.2547532545488532 -0.0003284541826660636
0.25550599238626515 -0.0003465971840084874
0.25625759615178445 -0.00036424123901519095
0.2570080993359508 -0.0003814010821859284
0.2577575342719024 -0.0003980909388101045
0.2585059321820421 -0.00041432454549779693
0.2592533232225377 -0.00043011516975853385
0.2599997365257759 -0.0004454756286785992
0.2607452002408689 -0.00046041830674315777
0.26148974157232285 -0.0004749551728483809
0.2622333868169572 -0.0004890977965443416
0.262976161399166 -0.0005028573635490661
0.2637180899046069 -0.0005162446905698025
0.26445919611239443 -0.0005292702394673139
0.265199503025877 -0.000541944130795927
0.2659390329020618 -0.0005542761567499254
0.26667780727976254 -0.0005662757935468906
0.267415847006525 -0.0005779522132744733
0.2681531722643983 -0.0005893142952281008
0.30464254683741754 -0.01633015007000251
0.6167148979624305 -0.15331648821175461
1.2839685270277572 -0.4465684020215803
1.3883432956962118 -0.4921760997247017
1.4202361513777992 -0.505894650781081
1.4190827565084012 -0.5050741715260458
1.400903917045616 -0.496763132683027
1.3738595930066846 -0.48455167872707205
1.3417976199558717 -0.4701326596204739
1.2979010741466186 -0.4505069011958362
