0.001769696999999959 0.0
-0.0001843226219239158 0.0016382865812186744
-0.003468517027364948 0.003861796937437053
-0.005255003648703793 0.00542637568998964
-0.00598052206826194 0.0065241708108761415
-0.006061681724384815 0.007338473812783611
-0.005649592795978542 0.007935767138798603
-0.004776115960934746 0.008330068214616407
-0.003525282043679856 0.008558347246631421
-0.00197020236310097 0.008652770294946831
-0.00016885238034647365 0.008638843806856004
0.0018316304870639177 0.008537307243228353
0.004040604606226794 0.008344042856372535
0.006402838049379911 0.008083350488434149
0.008911017138030664 0.007758447865827533
0.011537929599694352 0.007381307301535353
0.014285224278429154 0.006951203370029828
0.017112751049481068 0.006485800522529454
0.020008483686632772 0.005990389818219044
0.022982356329425357 0.005460600632489305
0.026004953527821617 0.004909374588446727
0.02909370779033582 0.004329042078632999
0.032200940444057746 0.003740579814750484
0.03534364175896609 0.0031365127566327956
0.03850437172210852 0.0025245138133910597
0.04167179853037006 0.0019095685257818499
0.04487752755672403 0.0012777717920764932
0.04806546572170323 0.0006538023267746468
0.05124275600957828 3.451750210186882e-05
0.05442566273327576 -0.0005872383300014464
0.05767610930456357 -0.001238708997372691
0.06099398806715561 -0.001919847575505987
0.06408995805097928 -0.0025033547144859814
0.06686670740671963 -0.002946417527397245
0.06972200121236782 -0.0034240367610510964
0.0724228032171993 -0.0038336857730461964
0.07472914312697543 -0.00406978721879426
0.07681496752252326 -0.004208870646097053
0.07878320725394838 -0.004296221517744296
0.08043484959725167 -0.0042442821841285885
0.08181554204031194 -0.004073135716667764
0.08321987466543079 -0.003912389985078292
0.08461427730992743 -0.003747275458637635
0.08572602348071579 -0.00345780337361026
0.0866041817347536 -0.0030655619351649325
0.0859708316991793 -0.002008317221848182
0.08472293291695032 -0.0006806956062663169
0.08353854210063005 0.000618985040946469
0.08289575783701653 0.0016803804377791887
0.08270293594170741 0.0025438108048833215
0.08236995457279717 0.0034689053021721137
0.08247840493802772 0.004199787468074211
0.08272906497463017 0.004868103058701355
0.08266127120067968 0.005676525606312136
0.08304418289051563 0.0062866557519028286
0.08327730475658501 0.006962687437056157
0.08383935790026209 0.0074940024982121725
0.08441013693382471 0.008021478516347333
0.08486834055762682 0.008598483218298092
0.08571226438001289 0.009005786439280966
0.08556016445028114 0.009851300328084888
0.08628837418948887 0.010309513123822474
0.0873432580719018 0.010624002344545413
0.0880199489941802 0.011104881361970886
0.08903699547388888 0.011436017528584853
0.09285071082236551 0.010536731097292465
0.09841971874937816 0.0088651860412172
0.10444203249505457 0.006994204530839065
0.11304414255752382 0.003988215243155312
0.12375360093010157 5.5077310542116187e-05
0.1335524987383877 -0.0034774503433288558
0.1429390604177757 -0.006828566569985367
0.14935280994612865 -0.00887176419004067
0.15696249737402568 -0.011441126717827698
0.16487662550192617 -0.014144430993667214
0.17154569652976182 -0.016299959875461494
0.17862328317558196 -0.01863521931226682
0.18388431835195862 -0.020171268659088255
0.18970953696045167 -0.021955536181465847
0.1960271308616145 -0.02395642916619883
0.20171834298056834 -0.025681739185657023
0.20722337041134586 -0.0273251353788933
0.21261128674118346 -0.028917007365359446
0.21789279674043327 -0.03046206481644113
0.22306742936817836 -0.03196010049294916
0.22573277930294922 -0.03235415201014168
0.20089252094823207 -0.020646834507034507
0.1583856814374499 -0.0011669269326029135
0.12501332453047753 0.014294173145015307
0.12177708209990945 0.016496586107623955
0.12197850436780044 0.019271040549922177
0.12970163535561008 0.016186202973358505
0.13538224031133328 0.013999995268481598
0.1394162539961713 0.012538221954761172
0.14318166866473925 0.011194621479836556
0.146935414701714 0.009856154736745261
0.15001757624069667 0.008813158348389605
0.15246133040549392 0.008051035705453062
0.1546417348034258 0.007404776441239296
0.1567288205621845 0.006799573650935262
0.15867094528003067 0.006258147928609027
0.16045983072910264 0.005784141363871343
0.1621293005540091 0.005362672904075996
0.16369757903477689 0.004985724593924062
0.16517929121328867 0.00464686199913968
0.16658634450801146 0.004340846331202516
0.16792855265994977 0.004063359936050353
0.16921408664308013 0.0038108079114980444
0.17044980957909173 0.003580170758128618
0.17164153082536393 0.003368892590732197
0.17279420195442585 0.0031747949151711484
0.17391206997023756 0.0029960092193367653
0.17499879847801136 0.002830923663266978
0.17605756448059606 0.0026781404926039874
0.17709113640294383 0.00253644171094517
0.1781019374992957 0.0024047611832136587
0.1790922355714909 0.0022821451631866575
0.18006363202747588 0.002167801103319196
0.18101793198025684 0.002060978821994243
0.18195661464234647 0.0019610275247887543
0.1828809987521115 0.001867367019494381
0.18379226353865075 0.0017794784924081495
0.18469146648892487 0.0016968966915055454
0.18557955847325325 0.0016192032718257028
0.18645739667703587 0.0015460211060302224
0.18732575570154697 0.001477009400497492
0.18818533712944452 0.0014118594868806152
0.1890367777971752 0.0013502911825793375
0.18988065697366763 0.0012920496324024425
0.19071750261025444 0.0012369025588508443
0.19154779679890444 0.0011846378607140446
0.19237198055316374 0.0011350615096466046
0.19319045800768586 0.001087995702542829
0.19400360011701323 0.001043277234220747
0.19481174792172895 0.0010007560604457283
0.19561521543970872 0.0009602940258947005
0.19641429223157003 0.0009217637354618047
0.1972092456821969 0.0008850475504778489
0.19800032303419346 0.0008500366940723064
0.1987877532040344 0.000816630452139859
0.1995717484074021 0.0007847354582563831
0.20035250561658347 0.0007542650524832206
0.2011302078697158 0.0007251387053507155
0.20190502544906452 0.0006972814994635385
0.20267711694327273 0.0006706236621532
0.20344663020661458 0.0006451001434444643
0.20421370322664434 0.0006206502343250392
0.20497846491021365 0.0005972172209289094
0.20574103579661862 0.000574748070780561
0.20650152870557614 0.0005531931477105553
0.20726015580158375 0.0005325031038202334
0.2080168029755044 0.0005126401505603095
0.20877166996572083 0.0004935604070263933
0.20952484411098038 0.0004752254476579785
0.21027640750480836 0.00045759915458284516
0.21102643737059157 0.0004406475525954476
0.2117750064054863 0.0004243386578505802
0.21252218309610715 0.0004086423389733418
0.2132680320086321 0.0003935301894241851
0.21401261405568917 0.00037897541007991456
0.21475598674213836 0.00036495270109886645
0.21549820439165435 0.00035143816223396344
0.2162393183558159 0.0003384092008418063
0.2169793772072396 0.00032584444691100434
0.21771842691814836 0.00031372367449969407
0.21845651102562258 0.00030202772903163916
0.21919367078466478 0.0002907384599534186
0.2199299453101039 0.0002798386583025004
0.22066537170826417 0.00026931199877846667
0.22139998519923754 0.0002591429859475956
0.2221338192305261 0.0002493169042449862
0.22286690558274536 0.0002398197714691499
0.22359927446802097 0.0002306382954913446
0.2243309546216551 0.0002217598339267167
0.22506197338758038 0.00021317235653669624
0.2257923567980905 0.00020486441015207219
0.22652212964827323 0.0001968250859245979
0.22725131556555322 0.0001890439887310937
0.22797993707470765 0.00018151120856924863
0.22870811795159207 0.00017421628501227343
0.22943567403644305 0.00016715224898890136
0.23016272726340203 0.0001603094503528582
0.2308892963173198 0.0001536796685161428
0.23161539904839124 0.00014725505010598175
0.232341052516159 0.00014102808960489576
0.23306627303083471 0.0001349916111714413
0.23379107619212036 0.0001291387515597627
0.2345154769257055 0.00012346294406247426
0.2352394895175972 0.00011795790340720353
0.2359631276464268 0.00011261761154239158
0.23668640441387312 0.0001074363042528682
0.23740933237332207 0.00010240845855014131
0.23813192355688317 9.752878078652261e-05
0.2388541895008679 9.279219544578307e-05
0.23957614126982907 8.819383456664142e-05
0.2402977894792545 8.3729027758561e-05
0.24101914431699945 7.93932927720591e-05
0.24174021556353897 7.518232658866835e-05
0.2424610126111134 7.109199699798542e-05
0.24318154448183338 6.711833463150563e-05
0.2439018198448134 6.325752542528379e-05
0.24462184703238743 5.950590348504422e-05
0.2453416340554676 5.585994432943445e-05
0.24606118861809378 5.2316258488674115e-05
0.2467805181312238 4.887158543736704e-05
0.24749962972580886 4.5522787841644335e-05
0.2482185302651979 4.226684610226889e-05
0.24893722635690663 3.9100853176285915e-05
0.24965582533371522 3.6021582933149084e-05
0.25037413135802333 3.30272040833169e-05
0.2510922513319688 3.0114679961803785e-05
0.25181019094597523 2.7281507009574226e-05
0.25252795568518926 2.4525271981271225e-05
0.25324555083814293 2.1843648133788054e-05
0.2539629815049972 1.9234391600128578e-05
0.25468025260538585 1.669533793812737e-05
0.25539736888588227 1.4224398844717313e-05
0.2561143349271152 1.1819559026500197e-05
0.25683115515054256 9.47887321839108e-06
0.25754783382491164 7.2004633422507134e-06
0.2582643750724144 4.982515798194478e-06
0.2589807828745595 2.823278881367939e-06
0.2596970610777737 7.21060317852296e-07
0.2604132133987448 -1.3257750867643538e-06
0.2611292434295248 -3.318807691821516e-06
0.2618451546424002 -5.259565164622591e-06
0.26256095039454397 -7.1495245272227684e-06
0.2632766339324605 -8.990114111890329e-06
0.26399220839623305 -1.0782715429831006e-05
0.26470767682358376 -1.2528664957562833e-05
0.265423042153757 -1.4229255845002775e-05
0.2661383072312312 -1.58857395492062e-05
0.2668534748092727 -1.7499327397385223e-05
0.2675685475533355 -1.907119208265118e-05
0.27064369300501634 -0.0010589807822615988
0.2935806631492296 -0.010837299917547448
0.3530270602593931 -0.03667830866088309
0.3934008760704647 -0.0541281434283213
0.405242892702813 -0.05902512617224081
0.409947725615868 -0.06078198915655633
0.41109800077859393 -0.060975032702629044
0.4102790697623263 -0.060301704183839434
0.408310854284868 -0.059122736406765256
0.4050438396533399 -0.057372348878445
0.4002430152077646 -0.05494714629526778
0.3938646677679082 -0.051827896603919565
0.3868163984672054 -0.04841390805177088
0.3795997928403646 -0.044925858239799214
0.3715619733056724 -0.04107650710924125
0.3619283732587967 -0.036525076291875576
0.35003665115439964 -0.030980161962953227
0.33658016174314664 -0.024746812518840196
0.321926912287838 -0.017986936456248326
0.3046882979908673 -0.010089603127786098
0.2823020367171293 7.248926349965694e-05
0.2500240734878484 0.014586535421559247
0.19852551032444798 0.0375568778427785
0.28671839249773956 0.005000545324715231