0.005714285999999902 0.0
-0.07357869361089797 0.0012396670532603639
-0.12797796173888187 0.0021163074049204192
-0.17134776979317223 0.002832104199400824
-0.2081421799202161 0.0034520116377302255
-0.24044992630543405 0.004006489589446202
-0.26944405093330204 0.00451264490203236
-0.2958638950898873 0.004981259296930495
-0.32020984566575805 0.005419629806407046
-0.3428351208931204 0.005832907729066625
-0.3640065759176281 0.006224984341073849
-0.3839279072792472 0.0065988304554167555
-0.40275671302180527 0.006956744044067988
-0.42062268763947586 0.007300616742846834
-0.437632380980606 0.007632002084211461
-0.4538664854433172 0.007952077102881977
-0.469419786662403 0.008262223918772777
-0.48431129700239595 0.0085627190614128
-0.4986489437111459 0.008855138045775725
-0.5124248507891558 0.00913936514060874
-0.5257349891101128 0.009416799896081275
-0.5385707709846486 0.009687317077300032
-0.5509930627864783 0.009951804302980819
-0.5629910125094746 0.010210103317535918
-0.5746344415101845 0.01046323087253391
-0.5859351473966505 0.010711361929957806
-0.5968794978480041 0.01095429623038237
-0.6075405024101386 0.011193098477278621
-0.6178905581452518 0.011427366135014664
-0.6279627479979304 0.011657581654556291
-0.6377700868949923 0.0118839348335195
-0.647338556534649 0.012106803106575125
-0.656637763750684 0.012325746164603671
-0.6657363559537188 0.012541763639435639
-0.6745997120180967 0.012754350648699725
-0.6832549169273925 0.012963902174664123
-0.6917096677774488 0.013170530464632185
-0.6999718944311297 0.013374351160365807
-0.7080509530951247 0.013575499245794344
-0.7159496093965885 0.013774017968872442
-0.7236890925326094 0.013970215458204385
-0.7312489212413311 0.01416379303407201
-0.7386401796420827 0.0143549123369866
-0.7459050693559881 0.014544188796231256
-0.7530053502521099 0.014731064753219754
-0.7599772230243573 0.01491606666697391
-0.7667820596064558 0.01509863413823291
-0.7734817971868111 0.015279668943173164
-0.780024248437627 0.015458410030231308
-0.7864689264598397 0.015635725283248317
-0.7927753443772829 0.01581102427919062
-0.798987892506279 0.015984954365241066
-0.8049543069529861 0.016155293607752128
-0.8110595321731893 0.016327658596086963
-0.8168922397433533 0.016496049439885904
-0.8226333572975442 0.016663104619879392
-0.8281604032071854 0.01682703797764834
-0.8338530716282548 0.016993386620440885
-0.8392815400141345 0.017155882415074545
-0.8446300645678448 0.01731721092473345
-0.8498869285964012 0.017477204200653657
-0.855055417519889 0.017635908696045782
-0.8600214695075437 0.017791661039009372
-0.8651660399501893 0.017950016729471163
-0.8700593389026885 0.01810470810967845
-0.8748834809667194 0.01825839096999572
-0.8796326615517849 0.01841097920335428
-0.8843022085507357 0.01856240759269305
-0.8888962693168878 0.018712735160857277
-0.8934158669917593 0.01886197682839343
-0.8978624004423423 0.01901015299507971
-0.9022373211132333 0.019157284827437313
1.4755751264343786 -0.01543519345859188
4.675127497190694 -0.06201116574085233
3.2989656814520885 -0.04185916672804144
2.6635176068651916 -0.032509049599183874
2.2809157688973833 -0.026846207366178654
2.020797061291841 -0.022969545452837654
1.8309284061452615 -0.020117345118707244
1.6856857119602076 -0.017915928390284996
1.5708231525274101 -0.016157548815312065
1.4777019387002497 -0.014716223392293963
1.4007492293914083 -0.013510684436225228
1.3361862569795342 -0.012485825906479132
1.2813510600672942 -0.011602828228102227
1.2343085908196834 -0.010833472459022567
1.1936150385912683 -0.010156703404515941
1.1581697111023033 -0.009556471048027126
1.1271153908545521 -0.009020271608369641
1.0997764504112624 -0.00853825382023574
1.075610888648736 -0.008102513642166666
1.054178820689927 -0.007706636201289885
1.0351192172668284 -0.007345356581764135
1.0181327835243223 -0.007014310145141637
1.0029694040585255 -0.006709850898764285
0.9894173968680455 -0.006428888952131632
0.9772976306948671 -0.006168813479501983
0.9664566263506629 -0.005927386282808022
0.9567622690746447 -0.005702680722969114
0.9481001809918865 -0.00549302881918992
0.9403708143301337 -0.005296978859131567
0.9334872161276166 -0.005113264259791342
0.9273726485634164 -0.004940763031380564
0.921959740915316 -0.004778494160107693
0.9171886991431464 -0.004625585665174456
0.9130063571338063 -0.004481262221320938
0.9093652770896128 -0.004344832039723722
0.9062229935247217 -0.0042156758431414944
0.9035414177690271 -0.004093239640059631
0.9012861163296293 -0.003977018367754545
0.8994261293656898 -0.0038665619949425096
0.897933379838296 -0.003761461072141105
0.8967823840068618 -0.0036613439681242987
0.8959499576282219 -0.0035658725854027617
0.8954149614116673 -0.003474738648176037
0.8951580818819664 -0.0033876619649499083
0.8951616252549321 -0.003304381589379573
0.8954093750235792 -0.003224662493281891
0.8958864212236115 -0.00314828724357262
0.8965790368016968 -0.0030750556576434745
0.897474562423831 -0.003004783123514204
0.8985612839072274 -0.002937300270719842
0.8998284212174887 -0.0028724469766273674
0.9012659336432982 -0.0028100782751269214
0.9028645210520381 -0.0027500585417140995
0.9046155424556233 -0.0026922617642369103
0.9065109586605047 -0.002636570706556146
0.9085432808164313 -0.0025828761582287474
0.9107054852287142 -0.0025310771505160272
0.9129911253476699 -0.0024810767563047875
0.9153940669785001 -0.00243278697849724
0.9179086035304636 -0.0023861245974692575
0.9205293885353463 -0.0023410116452894426
0.9232514077507901 -0.0022973749989000742
0.9260699538196739 -0.0022551460105728334
0.9289805514982845 -0.002214260875813298
0.9319791420166581 -0.0021746574886720416
0.9350617581856682 -0.0021362794536513617
0.9382247091050004 -0.0020990729460857297
0.9414645139963902 -0.002062987205534893
0.9447778875230313 -0.0020279743216953766
0.9481617263224784 -0.0019939890380089227
0.9516130356641739 -0.0019609891404111118
0.9551291608584584 -0.0019289329987568545
0.9587074143191039 -0.001897782878089592
0.962345306383412 -0.0018675024714788688
0.9660404765901731 -0.0018380573561485691
0.9697906854533294 -0.0018094148735121553
0.9735938068554617 -0.0017815440182459804
0.9774477531281178 -0.0017544158040377806
0.9813507392040037 -0.0017280012825079813
0.9853008718465333 -0.001702274302758315
0.9892964129641051 -0.001677209518073528
0.993335707386823 -0.001652782790991891
0.997417178014306 -0.0016289711225446787
1.0015393212993793 -0.0016057525863951753
1.0057006298817477 -0.0015831066589066434
1.009899880651492 -0.0015610125867646465
1.014135694109413 -0.0015394517109400517
1.0184068215874085 -0.0015184058220158924
1.022712069569895 -0.0014978575148684428
1.0270502967068502 -0.0014777901451080374
1.0314204110182565 -0.001458187788311315
1.0358212899952974 -0.0014390355331585169
1.040252086754684 -0.0014203181128751314
1.0447117656115879 -0.0014020218823019806
1.04919940746694 -0.0013841334381509615
1.0537141310291105 -0.0013666399284827876
1.058255090907533 -0.001349529024905823
1.0628214758200194 -0.0013327888964334547
1.0674124263519253 -0.0013164084684671497
1.0720273551725725 -0.001300376259306914
1.0766654634625645 -0.0012846820780191514
1.0813260604593111 -0.0012693158511631474
1.0860084819976379 -0.0012542678931702466
1.0907118417707409 -0.001239529653886168
1.095436598962987 -0.0012250888716358482
1.1001805084957255 -0.0012109419724196369
1.1049438257590083 -0.0011970780975371147
1.1097260021709445 -0.0011834892469788588
1.114527350883133 -0.0011701654043851904
1.1193456821400183 -0.0011571038025372069
1.1241813433500596 -0.00114429492464534
1.1290347115408608 -0.00113172968585832
1.1339036312446176 -0.0011194058189778276
1.1387885092947663 -0.0011073146738131855
1.1436889200617735 -0.0010954500433783033
1.148605314135203 -0.0010838039155810217
1.1535355740032074 -0.0010723745767376668
1.1584801751377682 -0.0010611543776184317
1.1634396159494536 -0.001050136003508267
1.1684118025776762 -0.001039318085631672
1.1733972552416105 -0.0010286936273101116
1.1783956389551946 -0.0010182577434177935
1.1834075077034356 -0.0010080039296859063
1.188430793922592 -0.00099793120082756
1.1934660699716133 -0.0009880333205224462
1.1985139262789062 -0.000978304315958479
1.203572311726525 -0.0009687434416789944
1.2086418329514856 -0.0009593449612432999
1.2137222229322084 -0.0009501049806563128
1.2188141147933997 -0.0009410181497493309
1.2239154757509212 -0.0009320839904287971
1.2290269526967315 -0.0009232973532947137
1.2341492069726065 -0.0009146532996698302
1.2392802172808928 -0.0009061515189688569
1.2444206571781145 -0.0008977872506431467
1.2495703113769636 -0.0008895573551422945
1.254729874518766 -0.0008814573793987262
1.2598973381207337 -0.000873487199707398
1.265073407274425 -0.0008656425153971657
1.2702587987826028 -0.0008579191965823953
1.2754515121893242 -0.0008503172366140112
1.2806522736167913 -0.0008428326415122673
1.2858609076944667 -0.0008354628538361104
1.2910781575503911 -0.0008282041276031336
1.2963020316708302 -0.0008210565865692102
1.3015332812087053 -0.0008140166017794107
1.3067726669231803 -0.0008070806843674137
1.3120182028864136 -0.0008002490395485102
1.3172706570470503 -0.0007935182833010145
1.3225298852121483 -0.0007868863128489383
1.3277966692096363 -0.000780349946573228
1.3330690293082412 -0.000773909480054113
1.3383477535627293 -0.000767561822479113
1.3436336379930438 -0.0007613039991921602
1.348924706715433 -0.0007551363618824387
1.3542217613515461 -0.0007490560175839976
1.3595246823318945 -0.0007430612226064788
1.3648342827277098 -0.0007371492509541099
1.370148590888821 -0.000731320516054516
1.375468424763568 -0.0007255723630352017
1.3807946089694312 -0.0007199022342802791
1.3861251744565806 -0.0007143105811382755
1.3914609502463513 -0.0007087949102150081
1.3968018364141948 -0.0007033537643035293
1.4021486715191074 -0.0006979847890980779
1.4074994893322526 -0.0006926884770860513
1.4128551322649798 -0.0006874625301407105
1.4182164483622621 -0.0006823047322909475
1.4235814730958225 -0.0006772156008234385
1.4289510580008873 -0.0006721929706657107
1.434325118971831 -0.0006672356152993969
1.4397045155597787 -0.0006623414865483653
1.445087285036312 -0.0006575111279468331
1.4504742900187715 -0.0006527425360335816
1.4558663979218949 -0.0006480337773080672
0.5744984149243635 0.012288346728909497
-0.6243608250260699 0.029854725122652092
-0.08781649900254251 0.022113588211635647
0.16766935684636408 0.018471161815253618
0.3262607971239291 0.016241739083022778
0.43770877877160785 0.014699812806479676
0.5217324254690858 0.013557832166559139
0.588422010094245 0.012668620820348817
0.642903316617641 0.011957443673769651
0.6890648851434413 0.011367593866164555
0.7287542569384691 0.010872143153125511
0.763224787498423 0.010452784594962515
0.7940678778798045 0.01008632525841935
0.8217201475571159 0.009766412473296269
0.8465330721675954 0.009487891478894098
0.8694884662120081 0.009236458986642921
0.8904794784240728 0.009013673216261751
0.91007350021642 0.008811274440949885
0.9281994075524409 0.008630270701516347
0.9452070174196088 0.0084655751746872
0.96123328498593 0.008315205216446532
0.9764988290137246 0.008175914361335376
0.9908472880837422 0.008049997422274491
1.0046464020957977 0.007932091621795158
1.0175822616761856 0.007826789305995447
1.030250231116586 0.007725379068346778
1.042380980899786 0.007631803143686258
1.0538234173779344 0.0075482795246447
1.0651439029170966 0.007466519741865531
1.0760531910085973 0.007390756481108086
1.08637968173025 0.0073234921964079845
1.096691512697486 0.0072564562790353735
1.1065565940234805 0.007195920760814307
1.1162947323148629 0.007137236462018106
1.1256545083496086 0.007084084430357985
1.1348088859660912 0.0070339131555660515
1.1437662621666362 0.0069866147666243095
1.152652156573101 0.006940358801838637
1.1612183968273513 0.006898778959670038
1.1696344064949962 0.006859375357903707
1.1780190476457975 0.006820429205479758
1.1861184780667209 0.006785656884762089
1.1940986928223722 0.006752608511613055
1.202075603041802 0.006719608328753879
1.2097888007079831 0.006690453885069357
1.2174154652250628 0.006662575943608301
1.2250546256324313 0.006634501190606237
1.2324504330430273 0.0066099752718990585
1.239778075248168 0.006586457994368955
1.2470200954798578 0.006564174765177967
1.2542984598200704 0.006541361527232405
1.2613515952623473 0.0065218328185417404
1.2684694637010026 0.006501374686970607
1.275254679887933 0.006485753064094493
1.2822597436792904 0.00646692538775462
1.2891607425864038 0.006449629880195627
1.295749217288762 0.006436877352571822
1.3025692532877038 0.006420747949867108
1.309291044415751 0.006406051259196841
1.3157178225531432 0.006395671347308509
1.3223786231254273 0.0063818640863097156
1.328834032041911 0.0063710520666337665
1.3353806292268793 0.006358924824937017
1.341736276906186 0.0063495676305743935
1.3480730893804918 0.0063404851113642025
1.3543784159559138 0.006331861753287122
1.3607689672307828 0.006322010140346392
1.3669720865104615 0.006314877278631151
1.3731615827914183 0.006307943082088204
1.379444083151597 0.006299667183425653
1.3855447477194076 0.0062940284261593545
1.39175164185124 0.0062868405155029495
1.3976728576011652 0.006283818673283956
1.4038563486402857 0.00627698663468776
1.4098487485260947 0.006272926709083682
1.4159480827729283 0.006267307351984077
1.4218833666711035 0.006264094936017057
1.4278116924097404 0.006260969408320168
1.4337254840776978 0.0062580558320237765
1.4397364195900515 0.0062537256000415094
1.4455833583094453 0.006251801528185389
1.4515404909405554 0.00624825590749888
3.5347185886555046 -0.024047552790175203
4.154368550756239 -0.03300061059997122
3.5430252421849175 -0.02400201938651022
3.23763197856416 -0.019465119733958623
3.0460025074078487 -0.016587245667945845
2.912223103458299 -0.014552988719245706
2.812776217525972 -0.01301941993883307
2.735667381585799 -0.011811608551766445
2.674058422083121 -0.01082981839707417
2.6237467310156894 -0.010012791705445294
2.581947444961294 -0.009319902029765618
2.5467542000403327 -0.008723348728152596
2.516802483327311 -0.008203218427176395
2.4911033495553063 -0.007745118432862177
2.468898109773594 -0.007337970146477119
2.449603998849117 -0.006973260479003034
2.4327733858726113 -0.006644490762765535
2.4180408889805136 -0.006346318024636447
2.405114424568648 -0.0060744827883602226
2.3937534092925645 -0.0058254620266095436
2.3837645545971 -0.005596466164594663
2.3749811873549227 -0.00538505001301252
2.367263543078934 -0.005189160793200334
2.3604968056063704 -0.005007153298923703
2.35457912768279 -0.004837527701257157
2.349424138091635 -0.004679024442523179
2.344956362046503 -0.004530528285398786
2.3411123008629 -0.004391142390134635
2.3378342077740264 -0.004260010048395579
2.3350716217344605 -0.004136380800046479
2.332781340927202 -0.004019653796019825
2.330923686250216 -0.003909235810038197
2.3294638127727687 -0.0038046186959647984
2.328370435445809 -0.003705331638601873
2.3276160379019686 -0.003611002530924833
2.3271753169532268 -0.0035212477916463673
2.327025652306471 -0.0034357229643294618
2.3271466378484114 -0.003354159631297162
2.3275196734671937 -0.0032762719627051776
2.3281278960012273 -0.003201814041852532
2.3289561014277638 -0.003130549564307426
2.329989961810451 -0.0030622987508851784
2.3312167553559853 -0.0029968614956850056
2.332624958979224 -0.0029340551736533544
2.334203247641952 -0.00287374379708579
2.335941879721595 -0.002815770720126062
2.3378316563509216 -0.0027600017950300537
2.3398644454675086 -0.002706303848273204
2.3420316679209527 -0.002654580935630899
2.3443263751142815 -0.0026047171421404317
2.3467422303028584 -0.0025566054755259697
2.3492720934073006 -0.002510170977639264
2.351910517427516 -0.00246531963141332
2.3546520401039572 -0.00242197178032324
2.3574920680676996 -0.0023800458558668283
2.360424841736368 -0.0023394870317833614
2.3634463911036683 -0.002300222830112703
2.3665530903962413 -0.0022621857928685823
2.3697399351212454 -0.0022253321053151316
2.3730037846391063 -0.0021896013842070904
2.3763411834932135 -0.0021549432383716222
2.3797494835015733 -0.0021213044661076066
2.3832244307769557 -0.002088652198815129
2.386763731025816 -0.002056938395574055
2.3903652985503996 -0.002026118057431474
2.394025303433825 -0.0019961644985776136
2.397741942845485 -0.0019670368451316614
2.4015129208343104 -0.0019387016150736614
2.4053367378554604 -0.0019111223573611137
2.4092099970899774 -0.0018842787020823424
2.413131411971296 -0.0018581373040723315
2.4170998299473787 -0.001832666772509523
2.421112104975826 -0.0018078503945750538
2.425167258392957 -0.001783659315273789
2.429263703637041 -0.0017600703976616136
2.4334006588479618 -0.0017370576567440385
2.437575239674363 -0.0017146081959614255
2.4417867985590505 -0.0016926979888685148
2.4460347782041936 -0.001671304325278759
2.450316448767076 -0.00165041656184318
2.4546313645128315 -0.0016300136153060349
2.458978393329062 -0.0016100789759905785
2.4633572227659997 -0.0015905935043473475
2.4677652869545703 -0.0015715489482666443
2.472202361432533 -0.0015529274513274565
2.4766682849351795 -0.001534712078722892
2.481160589913557 -0.0015168960121527309
2.485679189245978 -0.0014994633980430923
2.4902232531824673 -0.001482402136090333
2.4947927881421172 -0.0014656977368323319
2.49938543232507 -0.0014493449241158162
2.504001251656419 -0.0014333300762589788
2.508640357771597 -0.0014176402381773146
2.513300453058836 -0.0014022710697770386
2.517981699903924 -0.001387210356069568
2.522683476210922 -0.0013724490249851222
2.5274060120216433 -0.0013579758481679105
2.5321470794953775 -0.001343787503000362
2.5369069500127033 -0.0013298733639730879
2.541685928939028 -0.0013162233011795362
2.546481831190288 -0.0013028346155256703
2.5512949977517287 -0.0012896976965516298
2.5561249530353294 -0.0012768056087231606
2.560972088239989 -0.0012641494738498981
2.5658342651374966 -0.0012517272761398469
2.570711904311299 -0.0012395305659196139
2.5756054522152105 -0.0012275512707853233
2.5805127995431967 -0.0012157877967191987
2.585434418293225 -0.0012042324438295395
2.590369938672186 -0.0011928798193966816
2.5953198707883693 -0.0011817227792946224
2.6002821372206206 -0.001170760194485017
2.6052572693824203 -0.0011599852315368135
2.610245818786936 -0.0011493913501343547
2.615245727794182 -0.001138977709709487
2.6202575665808503 -0.0011287380421179103
2.6252810433094353 -0.0011186680914722818
2.63031675765129 -0.0011087620197510397
2.6353626738586122 -0.0010990193056414784
2.6404194073189124 -0.0010894343403118204
2.645487589316758 -0.0010800017467584798
2.6505651977257543 -0.0010707212023105155
2.6556528776908728 -0.0010615875320915363
2.6607503958464704 -0.0010525973329135354
2.665858420560177 -0.0010437457685577103
2.6709749448062823 -0.0010350327365677317
2.6761006487225956 -0.001026453572370112
2.681236225218683 -0.0010180037976429254
2.686379676670061 -0.0010096834470285545
2.691531706428382 -0.0010014881944826852
2.696692125681949 -0.000993415286550807
2.7018616563477167 -0.0009854606679278051
2.707038311215438 -0.0009776245251275186
2.7122228211356116 -0.0009699029331233976
2.717415927362925 -0.0009622921186139094
2.722615649156676 -0.0009547923624587952
2.727822735738819 -0.0009474000075437289
2.733037032727321 -0.0009401128025043288
2.7382593043893984 -0.0009329273096324872
2.7434875771235667 -0.000925843913899649
2.748722622058473 -0.000918859277658341
2.753965218903563 -0.0009119701883956073
2.7592133984669154 -0.0009051770953877837
2.7644679466059117 -0.0008984768757777454
2.769728735882868 -0.0008918676711324126
2.7749965644974743 -0.0008853465385834206
2.7802694680846756 -0.00087891399779775
2.785548250170052 -0.0008725671835747089
2.7908337214348045 -0.0008663033350646305
2.7961239204626125 -0.0008601230149360887
2.8014196627267047 -0.0008540235322218645
2.806720842118061 -0.0008480033395264715
2.8120282843467947 -0.0008420598951680393
2.8173400311775794 -0.000836193808203661
2.8226569124937093 -0.0008304025978092264
2.8279797642052493 -0.0008246838710492591
2.8333066299823955 -0.0008190382647696034
2.838638349504137 -0.000813463440997243
2.8439748337210347 -0.0008079581011177955
2.849316930887621 -0.0008025200322162304
2.854662686676651 -0.0007971499003415857
2.860012952640375 -0.0007918455406696316
2.865368585452803 -0.0007866048630671069
2.8707276319437227 -0.0007814285504562161
2.876090951775396 -0.0007763145562816568
2.8814584696733014 -0.0007712617828095279
2.8868310525488035 -0.0007662682891987489
2.892206748387416 -0.0007613347752254397
2.8975864267262352 -0.0007564593383397758
2.9029709614906096 -0.0007516401399860383
2.908358401284719 -0.000746877888962343
2.913749622420397 -0.0007421707815153621
2.9191445608428523 -0.0007375178835294826
2.924544099042514 -0.0007329174813540467
2.9299462861700327 -0.0007283702917566575
2.935352006820782 -0.0007238746317832047
2.9407621493778784 -0.0007194288737167325
2.9461747632234996 -0.0007150337377010363
2.9515907386590854 -0.0007106876239940882
2.9570100208417607 -0.0007063897328184234
2.9624335053790176 -0.0007021385418103567
2.967859241761957 -0.0006979347727023522
2.9732881272958167 -0.0006937769278892606
2.9787210625775025 -0.0006896635577684733
2.9841560970521606 -0.0006855953834023618
2.9895941328676727 -0.0006815709778061683
2.9950351228006618 -0.0006775896523181351
3.0004799735873817 -0.0006736500468662935
3.0059267344693232 -0.0006697528795428285
3.011376313559559 -0.000665896810354098
3.01682962184951 -0.0006620805412816146
3.022284708337331 -0.0006583047868688605
3.027742485274924 -0.0006545682674791201
3.033202911784567 -0.0006508703869895964
3.038666904111345 -0.0006472099239963286
3.0441325108285753 -0.0006435875868474162
3.049600649303322 -0.0006400021705009117
3.0550722394339935 -0.0006364525068295315
3.060545329411923 -0.0006329392986108789
3.0660208401646543 -0.0006294613927257541
3.071498736132966 -0.000626018270611312
3.0769799417400776 -0.0006226088301260123
3.082462504598574 -0.0006192337656075768
3.0879473500499373 -0.0006158919883054432
3.0934354056735494 -0.0006125824421045432
3.0989247186046462 -0.0006093058143814546
3.1044162172663015 -0.0006060610613246315
3.1099098705833974 -0.0006028477297634579
3.11540661005586 -0.0005996648207563411
3.1209044821358702 -0.0005965130117188426
3.1264044190777014 -0.0005933913147101793
3.131907355123765 -0.000590298770782581
3.1374113361854903 -0.0005872360494658769
3.1429172971994 -0.0005842022019345237
3.1484252108920288 -0.0005811968304576899
3.1539360149217863 -0.0005782190259035857
3.159447754449417 -0.0005752694468543853
3.164961367755062 -0.0005723471932451183
3.170477794893092 -0.0005694513908841962
3.1759950804436983 -0.0005665826898879236
3.181514165034045 -0.0005637402244178307
3.1870350246305 -0.000560923643989783
3.192558602279437 -0.0005581321180449495
3.19808294176978 -0.0005553662851603214
3.203608986661756 -0.0005526253222706488
3.2091376821055384 -0.0005499084294969644
3.214667071287181 -0.000547216236624611
3.220198099830757 -0.0005445479506855046
3.2257307464771614 -0.000541903261656568
3.2312659590100594 -0.0005392814080632755
3.2368017798036277 -0.0005366830078512686
3.242339157067203 -0.0005341073057535183
3.247879040440491 -0.0005315535673623604
3.2534194716853087 -0.0005290224016932613
3.2589614008342593 -0.0005265130800681282
3.2645048090151896 -0.0005240253272730042
3.2700506481964133 -0.0005215584428582491
3.2755969593219234 -0.000519113023913213
3.28114469471328 -0.0005166883751396271
3.286694807983544 -0.0005142838200735026
3.2922453394642623 -0.0005118999468726315
3.2977972430947453 -0.000509536083830716
3.303350502065257 -0.0005071919858101586
3.308906072056743 -0.0005048670065029732
3.314461992587713 -0.0005025617222104469
3.3200192196326306 -0.0005002754909050372
3.3255787103360746 -0.0004980076876229269
3.331138503610809 -0.0004957588798318995
3.3366995568726026 -0.000493528446523011
3.3422618551010075 -0.0004913161686518949
3.34782635728439 -0.0004891214481430665
3.353391101534985 -0.0004869448407899046
3.3589570470852514 -0.000484785752076416
3.3645251542311243 -0.00048264360299546865
3.370093460490711 -0.00048051894067617637
3.3756629263854947 -0.00047841118940067666
3.3812335384533547 -0.00047632015284965244
3.3868062586405188 -0.0004742452760823658
3.3923791236824954 -0.00047218709481533733
3.3979530957285355 -0.00047014505706836657
3.4035291378973547 -0.00046811862499908613
3.409105286345362 -0.00046610832587887273
3.4146825043788525 -0.0004641136246008737
3.4202607798978164 -0.00046213434470984444
3.4258410775034065 -0.0004601699699816363
3.43142143259114 -0.0004582210165918896
3.437002809930952 -0.00045628697077781336
3.4425861751790023 -0.0004543673317008247
3.448169563169067 -0.00045246260734434245
3.4537539397132058 -0.0004505722991431845
3.45933929390619 -0.0004486962480656236
3.4649265927403334 -0.00044683397275821393
3.4705138703127822 -0.00044498597046198357
3.4761020937560048 -0.00044315176186756445
3.481692231014815 -0.0004413308795116204
3.4872823156434087 -0.00043952381271759145
3.492873315715965 -0.000437730095908785
3.4984652213786838 -0.0004359495853866696
3.5040590017845474 -0.00043418183130687843
3.509652689776903 -0.0004324273126263192
3.5152472546249136 -0.00043068558119495006
3.5208436663441383 -0.0004289561997476242
3.526439957254702 -0.00042723963961092894
3.532037097479286 -0.00042553546508186066
3.537635078092304 -0.00042384354599782397
3.543234870205101 -0.0004221634610736513
3.5488345054535415 -0.0004204956716572985
3.5544349550450143 -0.00041883975786407055
3.5600371908743647 -0.0004171953098345434
3.565639244074326 -0.0004155627815795241
3.5712420866281533 -0.0004139417645288193
3.5768457104320923 -0.0004123321405048616
3.5824510883777165 -0.0004107335141834408
3.5880562509403795 -0.0004091463299888566
3.593662171090717 -0.0004075701937499372
3.5992698224339463 -0.00040600472054963614
3.6048772349624443 -0.0004044503477690932
3.6104853823540743 -0.00040290669155048747
3.6160942572348276 -0.0004013736443582527
3.621704834119008 -0.0003998508345325351
3.6273151423684062 -0.0003983386902585376
3.6329261565620676 -0.0003968368408207053
3.6385388518660555 -0.00039534492406375537
3.6441512571791534 -0.00039386336142089445
3.6497643477267374 -0.00039239179160190617
3.65537811678454 -0.0003909301165463683
3.66099354034991 -0.000389477986221878
3.6666086467174424 -0.0003880358132505567
3.672224411937144 -0.00038660324836793143
3.677841812603102 -0.0003851799502438055
3.6834588765664904 -0.0003837663250338972
3.6890765804694468 -0.00038236203210892025
3.694694918167709 -0.0003809669818665519
3.7003148670174006 -0.0003795808440895475
3.705934454291288 -0.00037820401649861604
3.7115546573879215 -0.0003768361694951598
3.717176454211092 -0.0003754769808486339
3.7227978716092274 -0.00037412684209149453
3.7284198875246446 -0.0003727854315550928
3.734042496332112 -0.00037145266720612627
3.7396666766356113 -0.00037012823702501903
3.7452904547301955 -0.0003688125244744123
3.750914809253608 -0.00036750521802696076
3.7565407193136267 -0.00036620601300987854
3.762166210799432 -0.000364915286966927
3.7677922628492517 -0.0003636327356694417
3.7734188703034164 -0.00036235828387354816
3.7790470129145 -0.00036109163630960143
3.7846747160425096 -0.00035983316280441876
3.7903029594664304 -0.0003585825684733961
3.795932723403265 -0.00035733956481969506
3.801562032824954 -0.00035610451601105245
3.807191867972122 -0.00035487713389487096
3.812822224103659 -0.0003536573493313155
3.8184540820316144 -0.00035244488250116767
3.8240854662220656 -0.00035124009019486704
3.829717357507228 -0.00035004269288729507
3.835350737128188 -0.00034885241701587406
3.840983629180073 -0.00034766961396158887
3.846617014921762 -0.00034649401042134465
3.852250889989296 -0.0003453255427551318
3.8578862361740036 -0.00034416394542463466
3.863521077087487 -0.0003430095627594801
3.869156394535949 -0.0003418621294383039
3.874793170707843 -0.00034072138571403346
3.8804294288602357 -0.00033958767074608826
3.8860661511944343 -0.0003384607249749635
3.891703333687005 -0.00033734048972644466
3.89734195903619 -0.00033622671268788984
3.90298005003692 -0.00033511972627939555
3.908618589397836 -0.0003340192783398087
3.9142585601854627 -0.0003329251219270564
3.9198979848558864 -0.0003318375845198266
3.9255378464843105 -0.00033075641930261376
3.931178141355357 -0.0003296815720938566
3.936819853008757 -0.00032861280285215384
3.9424610034589023 -0.00032755043261500287
3.94810257625209 -0.00032649422143695805
3.9537455552701957 -0.0003254439342660611
3.9593879622037313 -0.000324399887416823
3.965030780939699 -0.000323361845912119
3.9706740080419856 -0.0003223297596428627
3.9763186278324483 -0.00032130339997360583
3.9819626615794306 -0.0003202830770620872
3.9876070936081405 -0.00031926856232177643
3.993252908558855 -0.0003182596317605564
3.998898127390312 -0.0003172565910214547
4.004543734744921 -0.00031625921614340357
4.010189727440178 -0.000315267460715768
4.011601779527972 -0.00031502030809036946
4.021483844558023 -0.00031330045392183087
0.005714285999999902 0.0
-0.07357869361089797 0.0012396670532603639
-0.12797796173888187 0.0021163074049204192
-0.17134776979317223 0.002832104199400824
-0.2081421799202161 0.0034520116377302255
-0.24044992630543405 0.004006489589446202
-0.26944405093330204 0.00451264490203236
-0.2958638950898873 0.004981259296930495
-0.32020984566575805 0.005419629806407046
-0.3428351208931204 0.005832907729066625
-0.3640065759176281 0.006224984341073849
-0.3839279072792472 0.0065988304554167555
-0.40275671302180527 0.006956744044067988
-0.42062268763947586 0.007300616742846834
-0.437632380980606 0.007632002084211461
-0.4538664854433172 0.007952077102881977
-0.469419786662403 0.008262223918772777
-0.48431129700239595 0.0085627190614128
-0.4986489437111459 0.008855138045775725
-0.5124248507891558 0.00913936514060874
-0.5257349891101128 0.009416799896081275
-0.5385707709846486 0.009687317077300032
-0.5509930627864783 0.009951804302980819
-0.5629910125094746 0.010210103317535918
-0.5746344415101845 0.01046323087253391
-0.5859351473966505 0.010711361929957806
-0.5968794978480041 0.01095429623038237
-0.6075405024101386 0.011193098477278621
-0.6178905581452518 0.011427366135014664
-0.6279627479979304 0.011657581654556291
-0.6377700868949923 0.0118839348335195
-0.647338556534649 0.012106803106575125
-0.656637763750684 0.012325746164603671
-0.6657363559537188 0.012541763639435639
-0.6745997120180967 0.012754350648699725
-0.6832549169273925 0.012963902174664123
-0.6917096677774488 0.013170530464632185
-0.6999718944311297 0.013374351160365807
-0.7080509530951247 0.013575499245794344
-0.7159496093965885 0.013774017968872442
-0.7236890925326094 0.013970215458204385
-0.7312489212413311 0.01416379303407201
-0.7386401796420827 0.0143549123369866
-0.7459050693559881 0.014544188796231256
-0.7530053502521099 0.014731064753219754
-0.7599772230243573 0.01491606666697391
-0.7667820596064558 0.01509863413823291
-0.7734817971868111 0.015279668943173164
-0.780024248437627 0.015458410030231308
-0.7864689264598397 0.015635725283248317
-0.7927753443772829 0.01581102427919062
-0.798987892506279 0.015984954365241066
-0.8049543069529861 0.016155293607752128
-0.8110595321731893 0.016327658596086963
-0.8168922397433533 0.016496049439885904
-0.8226333572975442 0.016663104619879392
-0.8281604032071854 0.01682703797764834
-0.8338530716282548 0.016993386620440885
-0.8392815400141345 0.017155882415074545
-0.8446300645678448 0.01731721092473345
-0.8498869285964012 0.017477204200653657
-0.855055417519889 0.017635908696045782
-0.8600214695075437 0.017791661039009372
-0.8651660399501893 0.017950016729471163
-0.8700593389026885 0.01810470810967845
-0.8748834809667194 0.01825839096999572
-0.8796326615517849 0.01841097920335428
-0.8843022085507357 0.01856240759269305
-0.8888962693168878 0.018712735160857277
-0.8934158669917593 0.01886197682839343
-0.8978624004423423 0.01901015299507971
-0.9022373211132333 0.019157284827437313
1.4755751264343786 -0.01543519345859188
4.675127497190694 -0.06201116574085233
3.2989656814520885 -0.04185916672804144
2.6635176068651916 -0.032509049599183874
2.2809157688973833 -0.026846207366178654
2.020797061291841 -0.022969545452837654
1.8309284061452615 -0.020117345118707244
1.6856857119602076 -0.017915928390284996
1.5708231525274101 -0.016157548815312065
1.4777019387002497 -0.014716223392293963
1.4007492293914083 -0.013510684436225228
1.3361862569795342 -0.012485825906479132
1.2813510600672942 -0.011602828228102227
1.2343085908196834 -0.010833472459022567
1.1936150385912683 -0.010156703404515941
1.1581697111023033 -0.009556471048027126
1.1271153908545521 -0.009020271608369641
1.0997764504112624 -0.00853825382023574
1.075610888648736 -0.008102513642166666
1.054178820689927 -0.007706636201289885
1.0351192172668284 -0.007345356581764135
1.0181327835243223 -0.007014310145141637
1.0029694040585255 -0.006709850898764285
0.9894173968680455 -0.006428888952131632
0.9772976306948671 -0.006168813479501983
0.9664566263506629 -0.005927386282808022
0.9567622690746447 -0.005702680722969114
0.9481001809918865 -0.00549302881918992
0.9403708143301337 -0.005296978859131567
0.9334872161276166 -0.005113264259791342
0.9273726485634164 -0.004940763031380564
0.921959740915316 -0.004778494160107693
0.9171886991431464 -0.004625585665174456
0.9130063571338063 -0.004481262221320938
0.9093652770896128 -0.004344832039723722
0.9062229935247217 -0.0042156758431414944
0.9035414177690271 -0.004093239640059631
0.9012861163296293 -0.003977018367754545
0.8994261293656898 -0.0038665619949425096
0.897933379838296 -0.003761461072141105
0.8967823840068618 -0.0036613439681242987
0.8959499576282219 -0.0035658725854027617
0.8954149614116673 -0.003474738648176037
0.8951580818819664 -0.0033876619649499083
0.8951616252549321 -0.003304381589379573
0.8954093750235792 -0.003224662493281891
0.8958864212236115 -0.00314828724357262
0.8965790368016968 -0.0030750556576434745
0.897474562423831 -0.003004783123514204
0.8985612839072274 -0.002937300270719842
0.8998284212174887 -0.0028724469766273674
0.9012659336432982 -0.0028100782751269214
0.9028645210520381 -0.0027500585417140995
0.9046155424556233 -0.0026922617642369103
0.9065109586605047 -0.002636570706556146
0.9085432808164313 -0.0025828761582287474
0.9107054852287142 -0.0025310771505160272
0.9129911253476699 -0.0024810767563047875
0.9153940669785001 -0.00243278697849724
0.9179086035304636 -0.0023861245974692575
0.9205293885353463 -0.0023410116452894426
0.9232514077507901 -0.0022973749989000742
0.9260699538196739 -0.0022551460105728334
0.9289805514982845 -0.002214260875813298
0.9319791420166581 -0.0021746574886720416
0.9350617581856682 -0.0021362794536513617
0.9382247091050004 -0.0020990729460857297
0.9414645139963902 -0.002062987205534893
0.9447778875230313 -0.0020279743216953766
0.9481617263224784 -0.0019939890380089227
0.9516130356641739 -0.0019609891404111118
0.9551291608584584 -0.0019289329987568545
0.9587074143191039 -0.001897782878089592
0.962345306383412 -0.0018675024714788688
0.9660404765901731 -0.0018380573561485691
0.9697906854533294 -0.0018094148735121553
0.9735938068554617 -0.0017815440182459804
0.9774477531281178 -0.0017544158040377806
0.9813507392040037 -0.0017280012825079813
0.9853008718465333 -0.001702274302758315
0.9892964129641051 -0.001677209518073528
0.993335707386823 -0.001652782790991891
0.997417178014306 -0.0016289711225446787
1.0015393212993793 -0.0016057525863951753
1.0057006298817477 -0.0015831066589066434
1.009899880651492 -0.0015610125867646465
1.014135694109413 -0.0015394517109400517
1.0184068215874085 -0.0015184058220158924
1.022712069569895 -0.0014978575148684428
1.0270502967068502 -0.0014777901451080374
1.0314204110182565 -0.001458187788311315
1.0358212899952974 -0.0014390355331585169
1.040252086754684 -0.0014203181128751314
1.0447117656115879 -0.0014020218823019806
1.04919940746694 -0.0013841334381509615
1.0537141310291105 -0.0013666399284827876
1.058255090907533 -0.001349529024905823
1.0628214758200194 -0.0013327888964334547
1.0674124263519253 -0.0013164084684671497
1.0720273551725725 -0.001300376259306914
1.0766654634625645 -0.0012846820780191514
1.0813260604593111 -0.0012693158511631474
1.0860084819976379 -0.0012542678931702466
1.0907118417707409 -0.001239529653886168
1.095436598962987 -0.0012250888716358482
1.1001805084957255 -0.0012109419724196369
1.1049438257590083 -0.0011970780975371147
1.1097260021709445 -0.0011834892469788588
1.114527350883133 -0.0011701654043851904
1.1193456821400183 -0.0011571038025372069
1.1241813433500596 -0.00114429492464534
1.1290347115408608 -0.00113172968585832
1.1339036312446176 -0.0011194058189778276
1.1387885092947663 -0.0011073146738131855
1.1436889200617735 -0.0010954500433783033
1.148605314135203 -0.0010838039155810217
1.1535355740032074 -0.0010723745767376668
1.1584801751377682 -0.0010611543776184317
1.1634396159494536 -0.001050136003508267
1.1684118025776762 -0.001039318085631672
1.1733972552416105 -0.0010286936273101116
1.1783956389551946 -0.0010182577434177935
1.1834075077034356 -0.0010080039296859063
1.188430793922592 -0.00099793120082756
1.1934660699716133 -0.0009880333205224462
1.1985139262789062 -0.000978304315958479
1.203572311726525 -0.0009687434416789944
1.2086418329514856 -0.0009593449612432999
1.2137222229322084 -0.0009501049806563128
1.2188141147933997 -0.0009410181497493309
1.2239154757509212 -0.0009320839904287971
1.2290269526967315 -0.0009232973532947137
1.2341492069726065 -0.0009146532996698302
1.2392802172808928 -0.0009061515189688569
1.2444206571781145 -0.0008977872506431467
1.2495703113769636 -0.0008895573551422945
1.254729874518766 -0.0008814573793987262
1.2598973381207337 -0.000873487199707398
1.265073407274425 -0.0008656425153971657
1.2702587987826028 -0.0008579191965823953
1.2754515121893242 -0.0008503172366140112
1.2806522736167913 -0.0008428326415122673
1.2858609076944667 -0.0008354628538361104
1.2910781575503911 -0.0008282041276031336
1.2963020316708302 -0.0008210565865692102
1.3015332812087053 -0.0008140166017794107
1.3067726669231803 -0.0008070806843674137
1.3120182028864136 -0.0008002490395485102
1.3172706570470503 -0.0007935182833010145
1.3225298852121483 -0.0007868863128489383
1.3277966692096363 -0.000780349946573228
1.3330690293082412 -0.000773909480054113
1.3383477535627293 -0.000767561822479113
1.3436336379930438 -0.0007613039991921602
1.348924706715433 -0.0007551363618824387
1.3542217613515461 -0.0007490560175839976
1.3595246823318945 -0.0007430612226064788
1.3648342827277098 -0.0007371492509541099
1.370148590888821 -0.000731320516054516
1.375468424763568 -0.0007255723630352017
1.3807946089694312 -0.0007199022342802791
1.3861251744565806 -0.0007143105811382755
1.3914609502463513 -0.0007087949102150081
1.3968018364141948 -0.0007033537643035293
1.4021486715191074 -0.0006979847890980779
1.4074994893322526 -0.0006926884770860513
1.4128551322649798 -0.0006874625301407105
1.4182164483622621 -0.0006823047322909475
1.4235814730958225 -0.0006772156008234385
1.4289510580008873 -0.0006721929706657107
1.434325118971831 -0.0006672356152993969
1.4397045155597787 -0.0006623414865483653
1.445087285036312 -0.0006575111279468331
1.4504742900187715 -0.0006527425360335816
1.4558663979218949 -0.0006480337773080672
0.5744984149243635 0.012288346728909497
-0.6243608250260699 0.029854725122652092
-0.08781649900254251 0.022113588211635647
0.16766935684636408 0.018471161815253618
0.3262607971239291 0.016241739083022778
0.43770877877160785 0.014699812806479676
0.5217324254690858 0.013557832166559139
0.588422010094245 0.012668620820348817
0.642903316617641 0.011957443673769651
0.6890648851434413 0.011367593866164555
0.7287542569384691 0.010872143153125511
0.763224787498423 0.010452784594962515
0.7940678778798045 0.01008632525841935
0.8217201475571159 0.009766412473296269
0.8465330721675954 0.009487891478894098
0.8694884662120081 0.009236458986642921
0.8904794784240728 0.009013673216261751
0.91007350021642 0.008811274440949885
0.9281994075524409 0.008630270701516347
0.9452070174196088 0.0084655751746872
0.96123328498593 0.008315205216446532
0.9764988290137246 0.008175914361335376
0.9908472880837422 0.008049997422274491
1.0046464020957977 0.007932091621795158
1.0175822616761856 0.007826789305995447
1.030250231116586 0.007725379068346778
1.042380980899786 0.007631803143686258
1.0538234173779344 0.0075482795246447
1.0651439029170966 0.007466519741865531
1.0760531910085973 0.007390756481108086
1.08637968173025 0.0073234921964079845
1.096691512697486 0.0072564562790353735
1.1065565940234805 0.007195920760814307
1.1162947323148629 0.007137236462018106
1.1256545083496086 0.007084084430357985
1.1348088859660912 0.0070339131555660515
1.1437662621666362 0.0069866147666243095
1.152652156573101 0.006940358801838637
1.1612183968273513 0.006898778959670038
1.1696344064949962 0.006859375357903707
1.1780190476457975 0.006820429205479758
1.1861184780667209 0.006785656884762089
1.1940986928223722 0.006752608511613055
1.202075603041802 0.006719608328753879
1.2097888007079831 0.006690453885069357
1.2174154652250628 0.006662575943608301
1.2250546256324313 0.006634501190606237
1.2324504330430273 0.0066099752718990585
1.239778075248168 0.006586457994368955
1.2470200954798578 0.006564174765177967
1.2542984598200704 0.006541361527232405
1.2613515952623473 0.0065218328185417404
1.2684694637010026 0.006501374686970607
1.275254679887933 0.006485753064094493
1.2822597436792904 0.00646692538775462
1.2891607425864038 0.006449629880195627
1.295749217288762 0.006436877352571822
1.3025692532877038 0.006420747949867108
1.309291044415751 0.006406051259196841
1.3157178225531432 0.006395671347308509
1.3223786231254273 0.0063818640863097156
1.328834032041911 0.0063710520666337665
1.3353806292268793 0.006358924824937017
1.341736276906186 0.0063495676305743935
1.3480730893804918 0.0063404851113642025
1.3543784159559138 0.006331861753287122
1.3607689672307828 0.006322010140346392
1.3669720865104615 0.006314877278631151
1.3731615827914183 0.006307943082088204
1.379444083151597 0.006299667183425653
1.3855447477194076 0.0062940284261593545
1.39175164185124 0.0062868405155029495
1.3976728576011652 0.006283818673283956
1.4038563486402857 0.00627698663468776
1.4098487485260947 0.006272926709083682
1.4159480827729283 0.006267307351984077
1.4218833666711035 0.006264094936017057
1.4278116924097404 0.006260969408320168
1.4337254840776978 0.0062580558320237765
1.4397364195900515 0.0062537256000415094
1.4455833583094453 0.006251801528185389
1.4515404909405554 0.00624825590749888
3.5347185886555046 -0.024047552790175203
4.154368550756239 -0.03300061059997122
3.5430252421849175 -0.02400201938651022
3.23763197856416 -0.019465119733958623
3.0460025074078487 -0.016587245667945845
2.912223103458299 -0.014552988719245706
2.812776217525972 -0.01301941993883307
2.735667381585799 -0.011811608551766445
2.674058422083121 -0.01082981839707417
2.6237467310156894 -0.010012791705445294
2.581947444961294 -0.009319902029765618
2.5467542000403327 -0.008723348728152596
2.516802483327311 -0.008203218427176395
2.4911033495553063 -0.007745118432862177
2.468898109773594 -0.007337970146477119
2.449603998849117 -0.006973260479003034
2.4327733858726113 -0.006644490762765535
2.4180408889805136 -0.006346318024636447
2.405114424568648 -0.0060744827883602226
2.3937534092925645 -0.0058254620266095436
2.3837645545971 -0.005596466164594663
2.3749811873549227 -0.00538505001301252
2.367263543078934 -0.005189160793200334
2.3604968056063704 -0.005007153298923703
2.35457912768279 -0.004837527701257157
2.349424138091635 -0.004679024442523179
2.344956362046503 -0.004530528285398786
2.3411123008629 -0.004391142390134635
2.3378342077740264 -0.004260010048395579
2.3350716217344605 -0.004136380800046479
2.332781340927202 -0.004019653796019825
2.330923686250216 -0.003909235810038197
2.3294638127727687 -0.0038046186959647984
2.328370435445809 -0.003705331638601873
2.3276160379019686 -0.003611002530924833
2.3271753169532268 -0.0035212477916463673
2.327025652306471 -0.0034357229643294618
2.3271466378484114 -0.003354159631297162
2.3275196734671937 -0.0032762719627051776
2.3281278960012273 -0.003201814041852532
2.3289561014277638 -0.003130549564307426
2.329989961810451 -0.0030622987508851784
2.3312167553559853 -0.0029968614956850056
2.332624958979224 -0.0029340551736533544
2.334203247641952 -0.00287374379708579
2.335941879721595 -0.002815770720126062
2.3378316563509216 -0.0027600017950300537
2.3398644454675086 -0.002706303848273204
2.3420316679209527 -0.002654580935630899
2.3443263751142815 -0.0026047171421404317
2.3467422303028584 -0.0025566054755259697
2.3492720934073006 -0.002510170977639264
2.351910517427516 -0.00246531963141332
2.3546520401039572 -0.00242197178032324
2.3574920680676996 -0.0023800458558668283
2.360424841736368 -0.0023394870317833614
2.3634463911036683 -0.002300222830112703
2.3665530903962413 -0.0022621857928685823
2.3697399351212454 -0.0022253321053151316
2.3730037846391063 -0.0021896013842070904
2.3763411834932135 -0.0021549432383716222
2.3797494835015733 -0.0021213044661076066
2.3832244307769557 -0.002088652198815129
2.386763731025816 -0.002056938395574055
2.3903652985503996 -0.002026118057431474
2.394025303433825 -0.0019961644985776136
2.397741942845485 -0.0019670368451316614
2.4015129208343104 -0.0019387016150736614
2.4053367378554604 -0.0019111223573611137
2.4092099970899774 -0.0018842787020823424
2.413131411971296 -0.0018581373040723315
2.4170998299473787 -0.001832666772509523
2.421112104975826 -0.0018078503945750538
2.425167258392957 -0.001783659315273789
2.429263703637041 -0.0017600703976616136
2.4334006588479618 -0.0017370576567440385
2.437575239674363 -0.0017146081959614255
2.4417867985590505 -0.0016926979888685148
2.4460347782041936 -0.001671304325278759
2.450316448767076 -0.00165041656184318
2.4546313645128315 -0.0016300136153060349
2.458978393329062 -0.0016100789759905785
2.4633572227659997 -0.0015905935043473475
2.4677652869545703 -0.0015715489482666443
2.472202361432533 -0.0015529274513274565
2.4766682849351795 -0.001534712078722892
2.481160589913557 -0.0015168960121527309
2.485679189245978 -0.0014994633980430923
2.4902232531824673 -0.001482402136090333
2.4947927881421172 -0.0014656977368323319
2.49938543232507 -0.0014493449241158162
2.504001251656419 -0.0014333300762589788
2.508640357771597 -0.0014176402381773146
2.513300453058836 -0.0014022710697770386
2.517981699903924 -0.001387210356069568
2.522683476210922 -0.0013724490249851222
2.5274060120216433 -0.0013579758481679105
2.5321470794953775 -0.001343787503000362
2.5369069500127033 -0.0013298733639730879
2.541685928939028 -0.0013162233011795362
2.546481831190288 -0.0013028346155256703
2.5512949977517287 -0.0012896976965516298
2.5561249530353294 -0.0012768056087231606
2.560972088239989 -0.0012641494738498981
2.5658342651374966 -0.0012517272761398469
2.570711904311299 -0.0012395305659196139
2.5756054522152105 -0.0012275512707853233
2.5805127995431967 -0.0012157877967191987
2.585434418293225 -0.0012042324438295395
2.590369938672186 -0.0011928798193966816
2.5953198707883693 -0.0011817227792946224
2.6002821372206206 -0.001170760194485017
2.6052572693824203 -0.0011599852315368135
2.610245818786936 -0.0011493913501343547
2.615245727794182 -0.001138977709709487
2.6202575665808503 -0.0011287380421179103
2.6252810433094353 -0.0011186680914722818
2.63031675765129 -0.0011087620197510397
2.6353626738586122 -0.0010990193056414784
2.6404194073189124 -0.0010894343403118204
2.645487589316758 -0.0010800017467584798
2.6505651977257543 -0.0010707212023105155
2.6556528776908728 -0.0010615875320915363
2.6607503958464704 -0.0010525973329135354
2.665858420560177 -0.0010437457685577103
2.6709749448062823 -0.0010350327365677317
2.6761006487225956 -0.001026453572370112
2.681236225218683 -0.0010180037976429254
2.686379676670061 -0.0010096834470285545
2.691531706428382 -0.0010014881944826852
2.696692125681949 -0.000993415286550807
2.7018616563477167 -0.0009854606679278051
2.707038311215438 -0.0009776245251275186
2.7122228211356116 -0.0009699029331233976
2.717415927362925 -0.0009622921186139094
2.722615649156676 -0.0009547923624587952
2.727822735738819 -0.0009474000075437289
2.733037032727321 -0.0009401128025043288
2.7382593043893984 -0.0009329273096324872
2.7434875771235667 -0.000925843913899649
2.748722622058473 -0.000918859277658341
2.753965218903563 -0.0009119701883956073
2.7592133984669154 -0.0009051770953877837
2.7644679466059117 -0.0008984768757777454
2.769728735882868 -0.0008918676711324126
2.7749965644974743 -0.0008853465385834206
2.7802694680846756 -0.00087891399779775
2.785548250170052 -0.0008725671835747089
2.7908337214348045 -0.0008663033350646305
2.7961239204626125 -0.0008601230149360887
2.8014196627267047 -0.0008540235322218645
2.806720842118061 -0.0008480033395264715
2.8120282843467947 -0.0008420598951680393
2.8173400311775794 -0.000836193808203661
2.8226569124937093 -0.0008304025978092264
2.8279797642052493 -0.0008246838710492591
2.8333066299823955 -0.0008190382647696034
2.838638349504137 -0.000813463440997243
2.8439748337210347 -0.0008079581011177955
2.849316930887621 -0.0008025200322162304
2.854662686676651 -0.0007971499003415857
2.860012952640375 -0.0007918455406696316
2.865368585452803 -0.0007866048630671069
2.8707276319437227 -0.0007814285504562161
2.876090951775396 -0.0007763145562816568
2.8814584696733014 -0.0007712617828095279
2.8868310525488035 -0.0007662682891987489
2.892206748387416 -0.0007613347752254397
2.8975864267262352 -0.0007564593383397758
2.9029709614906096 -0.0007516401399860383
2.908358401284719 -0.000746877888962343
2.913749622420397 -0.0007421707815153621
2.9191445608428523 -0.0007375178835294826
2.924544099042514 -0.0007329174813540467
2.9299462861700327 -0.0007283702917566575
2.935352006820782 -0.0007238746317832047
2.9407621493778784 -0.0007194288737167325
2.9461747632234996 -0.0007150337377010363
2.9515907386590854 -0.0007106876239940882
2.9570100208417607 -0.0007063897328184234
2.9624335053790176 -0.0007021385418103567
2.967859241761957 -0.0006979347727023522
2.9732881272958167 -0.0006937769278892606
2.9787210625775025 -0.0006896635577684733
2.9841560970521606 -0.0006855953834023618
2.9895941328676727 -0.0006815709778061683
2.9950351228006618 -0.0006775896523181351
3.0004799735873817 -0.0006736500468662935
3.0059267344693232 -0.0006697528795428285
3.011376313559559 -0.000665896810354098
3.01682962184951 -0.0006620805412816146
3.022284708337331 -0.0006583047868688605
3.027742485274924 -0.0006545682674791201
3.033202911784567 -0.0006508703869895964
3.038666904111345 -0.0006472099239963286
3.0441325108285753 -0.0006435875868474162
3.049600649303322 -0.0006400021705009117
3.0550722394339935 -0.0006364525068295315
3.060545329411923 -0.0006329392986108789
3.0660208401646543 -0.0006294613927257541
3.071498736132966 -0.000626018270611312
3.0769799417400776 -0.0006226088301260123
3.082462504598574 -0.0006192337656075768
3.0879473500499373 -0.0006158919883054432
3.0934354056735494 -0.0006125824421045432
3.0989247186046462 -0.0006093058143814546
3.1044162172663015 -0.0006060610613246315
3.1099098705833974 -0.0006028477297634579
3.11540661005586 -0.0005996648207563411
3.1209044821358702 -0.0005965130117188426
3.1264044190777014 -0.0005933913147101793
3.131907355123765 -0.000590298770782581
3.1374113361854903 -0.0005872360494658769
3.1429172971994 -0.0005842022019345237
3.1484252108920288 -0.0005811968304576899
3.1539360149217863 -0.0005782190259035857
3.159447754449417 -0.0005752694468543853
3.164961367755062 -0.0005723471932451183
3.170477794893092 -0.0005694513908841962
3.1759950804436983 -0.0005665826898879236
3.181514165034045 -0.0005637402244178307
3.1870350246305 -0.000560923643989783
3.192558602279437 -0.0005581321180449495
3.19808294176978 -0.0005553662851603214
3.203608986661756 -0.0005526253222706488
3.2091376821055384 -0.0005499084294969644
3.214667071287181 -0.000547216236624611
3.220198099830757 -0.0005445479506855046
3.2257307464771614 -0.000541903261656568
3.2312659590100594 -0.0005392814080632755
3.2368017798036277 -0.0005366830078512686
3.242339157067203 -0.0005341073057535183
3.247879040440491 -0.0005315535673623604
3.2534194716853087 -0.0005290224016932613
3.2589614008342593 -0.0005265130800681282
3.2645048090151896 -0.0005240253272730042
3.2700506481964133 -0.0005215584428582491
3.2755969593219234 -0.000519113023913213
3.28114469471328 -0.0005166883751396271
3.286694807983544 -0.0005142838200735026
3.2922453394642623 -0.0005118999468726315
3.2977972430947453 -0.000509536083830716
3.303350502065257 -0.0005071919858101586
3.308906072056743 -0.0005048670065029732
3.314461992587713 -0.0005025617222104469
3.3200192196326306 -0.0005002754909050372
3.3255787103360746 -0.0004980076876229269
3.331138503610809 -0.0004957588798318995
3.3366995568726026 -0.000493528446523011
3.3422618551010075 -0.0004913161686518949
3.34782635728439 -0.0004891214481430665
3.353391101534985 -0.0004869448407899046
3.3589570470852514 -0.000484785752076416
3.3645251542311243 -0.00048264360299546865
3.370093460490711 -0.00048051894067617637
3.3756629263854947 -0.00047841118940067666
3.3812335384533547 -0.00047632015284965244
3.3868062586405188 -0.0004742452760823658
3.3923791236824954 -0.00047218709481533733
3.3979530957285355 -0.00047014505706836657
3.4035291378973547 -0.00046811862499908613
3.409105286345362 -0.00046610832587887273
3.4146825043788525 -0.0004641136246008737
3.4202607798978164 -0.00046213434470984444
3.4258410775034065 -0.0004601699699816363
3.43142143259114 -0.0004582210165918896
3.437002809930952 -0.00045628697077781336
3.4425861751790023 -0.0004543673317008247
3.448169563169067 -0.00045246260734434245
3.4537539397132058 -0.0004505722991431845
3.45933929390619 -0.0004486962480656236
3.4649265927403334 -0.00044683397275821393
3.4705138703127822 -0.00044498597046198357
3.4761020937560048 -0.00044315176186756445
3.481692231014815 -0.0004413308795116204
3.4872823156434087 -0.00043952381271759145
3.492873315715965 -0.000437730095908785
3.4984652213786838 -0.0004359495853866696
3.5040590017845474 -0.00043418183130687843
3.509652689776903 -0.0004324273126263192
3.5152472546249136 -0.00043068558119495006
3.5208436663441383 -0.0004289561997476242
3.526439957254702 -0.00042723963961092894
3.532037097479286 -0.00042553546508186066
3.537635078092304 -0.00042384354599782397
3.543234870205101 -0.0004221634610736513
3.5488345054535415 -0.0004204956716572985
3.5544349550450143 -0.00041883975786407055
3.5600371908743647 -0.0004171953098345434
3.565639244074326 -0.0004155627815795241
3.5712420866281533 -0.0004139417645288193
3.5768457104320923 -0.0004123321405048616
3.5824510883777165 -0.0004107335141834408
3.5880562509403795 -0.0004091463299888566
3.593662171090717 -0.0004075701937499372
3.5992698224339463 -0.00040600472054963614
3.6048772349624443 -0.0004044503477690932
3.6104853823540743 -0.00040290669155048747
3.6160942572348276 -0.0004013736443582527
3.621704834119008 -0.0003998508345325351
3.6273151423684062 -0.0003983386902585376
3.6329261565620676 -0.0003968368408207053
3.6385388518660555 -0.00039534492406375537
3.6441512571791534 -0.00039386336142089445
3.6497643477267374 -0.00039239179160190617
3.65537811678454 -0.0003909301165463683
3.66099354034991 -0.000389477986221878
3.6666086467174424 -0.0003880358132505567
3.672224411937144 -0.00038660324836793143
3.677841812603102 -0.0003851799502438055
3.6834588765664904 -0.0003837663250338972
3.6890765804694468 -0.00038236203210892025
3.694694918167709 -0.0003809669818665519
3.7003148670174006 -0.0003795808440895475
3.705934454291288 -0.00037820401649861604
3.7115546573879215 -0.0003768361694951598
3.717176454211092 -0.0003754769808486339
3.7227978716092274 -0.00037412684209149453
3.7284198875246446 -0.0003727854315550928
3.734042496332112 -0.00037145266720612627
3.7396666766356113 -0.00037012823702501903
3.7452904547301955 -0.0003688125244744123
3.750914809253608 -0.00036750521802696076
3.7565407193136267 -0.00036620601300987854
3.762166210799432 -0.000364915286966927
3.7677922628492517 -0.0003636327356694417
3.7734188703034164 -0.00036235828387354816
3.7790470129145 -0.00036109163630960143
3.7846747160425096 -0.00035983316280441876
3.7903029594664304 -0.0003585825684733961
3.795932723403265 -0.00035733956481969506
3.801562032824954 -0.00035610451601105245
3.807191867972122 -0.00035487713389487096
3.812822224103659 -0.0003536573493313155
3.8184540820316144 -0.00035244488250116767
3.8240854662220656 -0.00035124009019486704
3.829717357507228 -0.00035004269288729507
3.835350737128188 -0.00034885241701587406
3.840983629180073 -0.00034766961396158887
3.846617014921762 -0.00034649401042134465
3.852250889989296 -0.0003453255427551318
3.8578862361740036 -0.00034416394542463466
3.863521077087487 -0.0003430095627594801
3.869156394535949 -0.0003418621294383039
3.874793170707843 -0.00034072138571403346
3.8804294288602357 -0.00033958767074608826
3.8860661511944343 -0.0003384607249749635
3.891703333687005 -0.00033734048972644466
3.89734195903619 -0.00033622671268788984
3.90298005003692 -0.00033511972627939555
3.908618589397836 -0.0003340192783398087
3.9142585601854627 -0.0003329251219270564
3.9198979848558864 -0.0003318375845198266
3.9255378464843105 -0.00033075641930261376
3.931178141355357 -0.0003296815720938566
3.936819853008757 -0.00032861280285215384
3.9424610034589023 -0.00032755043261500287
3.94810257625209 -0.00032649422143695805
3.9537455552701957 -0.0003254439342660611
3.9593879622037313 -0.000324399887416823
3.965030780939699 -0.000323361845912119
3.9706740080419856 -0.0003223297596428627
3.9763186278324483 -0.00032130339997360583
3.9819626615794306 -0.0003202830770620872
3.9876070936081405 -0.00031926856232177643
3.993252908558855 -0.0003182596317605564
3.998898127390312 -0.0003172565910214547
4.004543734744921 -0.00031625921614340357
4.010189727440178 -0.000315267460715768
4.011601779527972 -0.00031502030809036946
4.021483844558023 -0.00031330045392183087