0.0007115032600069071 0.0
-0.3079478043545407 0.0013611079990879752
-0.5430402131123628 0.0023985510279493317
-0.7235032686336922 0.0031956467217081155
-0.8711998654593174 0.0038485830847618113
-0.994272825297827 0.004393185281107856
-1.1296860115642886 0.004992079543052403
-1.2088217086414517 0.005343375332639192
-1.2638196951058518 0.005588474837037198
-1.319927506808483 0.005838457126558021
-1.37433541938843 0.006080960541551339
-1.4235930141901463 0.006300804615016727
-1.4693481857179336 0.006505239425012408
-1.5535274647500614 0.006878724956737423
-1.562175746486588 0.006919904274179192
-1.5708927799053498 0.006961386068482332
-1.5817355756592804 0.007012220372389335
-1.5975242860536127 0.0070848147208207295
-1.6112619326292332 0.007148385207684284
-1.6046678302383839 0.0071225041199883135
-1.5919135099640869 0.007069520534114988
-1.6117812573623524 0.007160061020517249
-1.6044241635124195 0.007130823070755129
-1.5960482460955063 0.007097102717434996
-1.5883840374513056 0.007066513585245661
-1.5837717197411934 0.007049351567381061
-1.580542257014855 0.007038273545907293
-1.5804777953821514 0.007041120269482524
-1.5616772717425675 0.0069615358081719595
-1.5223752160130317 0.0067917527899734025
-1.4714338295527085 0.0065707613699324055
-1.4366230134671696 0.006420738007880115
-1.4285389823908474 0.006388301829074281
-1.4345193921235904 0.006417743576618822
-1.410239175687522 0.006314050651299148
-1.3672533490407375 0.006128060516833544
-1.356857211926311 0.006085451994959839
-1.3165887454159275 0.005911417150929143
-1.271717294163679 0.005717131025753966
-1.2210466167546343 0.005497330608612939
-1.1580925707365282 0.005223488284605702
-1.1215031999047511 0.005065639996458627
-1.0748493795123721 0.004863512145780719
-1.0856887187754722 0.004914331246908285
-1.0798768187260066 0.004891891541487235
-1.0487942926611993 0.004758271161975644
-0.9997390322458131 0.004545577943177122
-0.94081090028223 0.004289448037381619
-0.8602777671502793 0.003938264733901757
-0.816142671958346 0.003747218281277154
-0.7957772311916642 0.003660748809665354
-0.7610427029664919 0.003511061092526995
-0.7019254873169274 0.0032540992764384952
-0.6466948732884958 0.003014236968298032
-0.6198912622547681 0.002899442123440296
-0.6063272570884806 0.0028428962342472784
-0.5697234961046718 0.002684984643978196
-0.49602446414610313 0.002363868673587619
-0.4820294478001017 0.002305426511757569
-0.456466436485087 0.002196089805743156
-0.408070774036986 0.0019862985589441918
-0.3411898962130948 0.0016951797434438815
-0.25413427548340906 0.001315300104140927
-0.239625562216645 0.0012545978942388053
-0.14950844225475635 0.0008612488943348729
-0.11868145340591241 0.0007287527765069263
-0.1091635352614162 0.0006900080717229522
-0.0944807020869689 0.0006285398081734615
-0.05494707280715261 0.00045773796324828154
0.01612187645471863 0.00014819329301862127
0.10487530498737385 -0.0002391560092813771
0.14705951120573957 -0.0004216193340445787
0.15811904822847112 -0.0004671465593393459
0.16933399738860544 -0.0005133575227652272
0.20032072079135332 -0.0006465563912307983
0.2610439668230953 -0.0009105841039210722
0.3407026779722315 -0.001257920277939612
0.3472089986208431 -0.001283415156631842
0.40486791043377934 -0.0015339610007155734
0.47069127101728725 -0.0018204271803493848
0.5245963760860235 -0.0020544577741014175
0.5453960258047914 -0.0021428375916709022
0.5587972304115425 -0.0021986672190281026
0.6123545489057278 -0.0024311676951644175
0.6704240996800905 -0.00268352019106086
0.6929457522995364 -0.002779476146790981
0.766397006563281 -0.0030995019942914722
0.7824823883225207 -0.0031671409114090742
0.7714401511214533 -0.0031154291623938096
0.7553281980480762 -0.0030414126532859963
0.7479398319300259 -0.0030057764732097955
0.8278878765352857 -0.0033543856164683283
0.9045062944678364 -0.003688345701486892
0.925452773243677 -0.003777371525859568
0.8742470986463928 -0.0035489566899533594
0.8085610871298456 -0.0032568341245311477
0.7802916151265435 -0.0031293294188765135
0.8108046287851067 -0.003260444175674545
0.8528982027811622 -0.0034425087328618467
0.8749172027085166 -0.003536253221915533
0.8779273661869951 -0.003546366387893499
0.9062352605149755 -0.003667779496004592
0.8743330814085795 -0.00352429233006967
0.8057242377020515 -0.003219310470447083
0.7621584477305845 -0.0030245080797767056
0.7679729410643716 -0.003046959207811803
0.7880405525849739 -0.0031321183321011276
0.7572107054465391 -0.0029933489985151662
0.7725605861012212 -0.003057752026544032
0.749551259866152 -0.0029533898304686616
0.6832806964565066 -0.002658695500995347
0.6111188699696584 -0.002338081967066514
0.5897159483529748 -0.002240787309683094
0.6048681117623289 -0.002304320456405028
0.6095686264343954 -0.0023218705276726688
0.5375405334771415 -0.0020018453370610843
0.43150022561484036 -0.0015321800167994897
0.29260464487181537 -0.0009179646188927674
0.1284922990045203 -0.00019280549570459095
-0.02274102113771903 0.00047569102322781625
-0.0900741788038033 0.0007750603738060799
-0.14145247101629366 0.0010042346582723476
-0.19601934128220933 0.001247437412594175
-0.2478652145938014 0.001478668897932797
-0.3373583003602505 0.001875533045852923
-0.47107817409063557 0.0024669774001812817
-0.5910049065944207 0.0029977374731566253
-0.57794195374764 0.0029433960184389488
-0.5850454617540919 0.00297777893220242
-0.6240337826676239 0.0031524423269437478
-0.6345259118469784 0.003201733820387201
-0.7034628825840485 0.003508159277086596
-0.8404657944203251 0.004114047718569378
-0.9382113717556564 0.004547219537587754
-0.885799347309316 0.004319757880210962
-0.9258918985626678 0.004499279442997083
-1.0428194387637149 0.005016844236978417
-1.039911836807704 0.005007182300734233
-1.0716897437601745 0.005150122718828631
-1.1836013961733585 0.0056456196055862315
-1.2864730403712912 0.006101344264932387
-1.3201336451611354 0.006252567797125753
-1.3137965607135413 0.006227817472523261
-1.303920976037034 0.00618749916025896
-1.2626254053200228 0.006008945459165147
-1.2462311307309761 0.005939947514976179
-1.2820476330100092 0.006100656135014875
-1.3597728503245605 0.0064457463620603
-1.456201249570185 0.006873123119190744
-1.5648925870263923 0.007354451906393486
-1.6059966746460645 0.00753842378996748
-1.5956760862671189 0.007496147639155395
-1.4486174876777227 0.00685227885921746
-1.4066606053308561 0.006670815651092895
-1.7155411677245098 0.008032897068580762
-2.044878547440703 0.009484980311440239
-1.670028245407778 0.007838919020752951
-1.6492826654124428 0.0077507770707716745
-1.7300978156753501 0.00810946176861102
-1.6064365553592808 0.0075685319317272655
-1.5384263269224476 0.0072724444070160505
-1.831364386721063 0.00856438518082894
-2.2120349519843927 0.010242313936630932
-2.1005525466187294 0.009754966197059223
-2.108406997373649 0.009792652958974843
-1.9175768405125382 0.008956206805846379
-1.7083662515041311 0.008038894092769108
-1.6170199172072586 0.007640137023164823
-1.6687521733743864 0.007870868603251856
-1.7106976379939312 0.008058542649523095
-1.4554651409434882 0.006938751923099057
-1.379037314419108 0.006605630328953739
-1.105083185665606 0.005403471900817234
-0.7721404660941715 0.003941787234263379
-0.5948137644474656 0.003164750890537742
-0.5862522543446005 0.003130213981530618
-0.42110617418484253 0.0024067675071722445
-0.0026669406533414985 0.0005689323281516474
0.629595319008331 -0.0022096387607986965
0.7346404919844218 -0.00266866524901108
0.9455637358569362 -0.003593512959423026
1.0903631014451776 -0.004227442016537197
1.242980313875691 -0.004895766477158468
1.8900429356589825 -0.007739453247893691
1.6387000018019222 -0.006630514414327645
1.945638415942554 -0.00797779052360742
2.317887316117762 -0.009612406685170766
2.4503126602205754 -0.010191894990172047
2.5126057065438943 -0.010462829197136616
2.6319765051932507 -0.010984882716380092
2.7717262574653176 -0.011596595491816106
2.8678237478376047 -0.012016255750448804
3.327461597149963 -0.014035348383382981
3.349584594123897 -0.014129550417903158
3.3949962821046427 -0.014326213390900792
3.579106776377259 -0.01513309571260283
3.717256274000377 -0.015737768006756015
3.5758510033311666 -0.015112510979992255
4.204518177540649 -0.017875265128899472
4.185965665948174 -0.0177905107323505
4.235950313725695 -0.018007292901925494
4.297117136964005 -0.018273272177151342
4.331790935882594 -0.018422692727195537
4.383731486217869 -0.018648080086799402
4.542790366447036 -0.019344745312808304
4.967783951379687 -0.021211417020059523
4.711304928397254 -0.020079881445794933
5.148602622431838 -0.02200068631859598
5.22172822194625 -0.02231927943287064
5.216983431964721 -0.02229527393629944
5.338048733509211 -0.022824782591464293
5.514018832043462 -0.02359585042334864
5.177983890984748 -0.02211430058571732
5.834336161969375 -0.024998858102473317
5.732458921093354 -0.02454750861854162
5.811647687469602 -0.024892777245262485
5.795850274682195 -0.02482014462297628
5.8338975681726595 -0.024984407201697912
6.046717558177377 -0.02591759983749449
5.959363755106665 -0.025530147678964853
6.191448229980949 -0.026548096353580564
5.660496044377268 -0.0242089884936604
4.411359559300948 -0.018710156572729182
2.2432405558794244 -0.00916816863043135
0.024223102208978275 0.0005977521631385705
-1.501108374487103 0.00731173172958702
-2.6806668537080185 0.012504448215552744
-4.439566406649092 0.02024603402588213
-5.373308709645357 0.024357257520183813
-4.820953927777936 0.021930247416939528
-3.9096950147966396 0.017924202929990227
-3.1223382325023152 0.014463277889201506
-2.5962083098131785 0.012151646691626756
-2.2360551826154875 0.01057024709987929
-2.0166822734093586 0.00960822423695884
-1.7370771041115205 0.008381203487561968
-1.4949508333910302 0.007319074922110011
-1.3322876635152454 0.006606552261278784
-1.2109397330311253 0.006075800151667067
-1.0960267730696245 0.005573359342103365
-0.9866480324110967 0.005095266886998826
-0.893544547560353 0.0046887790567972515
-0.8112127942239908 0.004329682542821533
-0.7379292478734527 0.004010394525554963
-0.6723130585215245 0.0037248398165919384
-0.6132561049283964 0.0034681431250823042
-0.5598561776110103 0.00323633508966043
-0.5113696999348178 0.0030261442701332492
-0.4671775630491197 0.002834846834841616
-0.4267597503554015 0.002660154918456753
-0.38967608617987537 0.0025001319238287575
-0.35555138716364354 0.0023531271940338138
-0.32406385365135293 0.00221772493912146
-0.2949358890996763 0.0020927038451783917
-0.2679267661506941 0.001977004807980921
-0.24282671496894181 0.0018697049240392516
-0.21945211906579232 0.001769996354143185
-0.19764158198208293 0.0016771690183375204
-0.17724991306036486 0.0015905845756812224
-0.15815669859610182 0.0015097123740499662
-0.14024688987552736 0.0014340466850158151
-0.12342055985772049 0.0013631478695115959
-0.10758835231386854 0.0012966227958209795
-0.0926701356288504 0.0012341189168436765
-0.07859385675261876 0.0011753192279389114
-0.06529456136874501 0.0011199379560582637
-0.05271355278850365 0.0010677168592159972
-0.04079766717070754 0.0010184220377455078
-0.029498646717811994 0.000971841176612729
-0.018772595741253895 0.0009277811523208421
-0.00857950709851707 0.0008860659494222375
0.0011171513841361502 0.0008465348409442589
0.010350799170993241 0.0008090407945923799
0.01915206122302493 0.0007734490727705655
0.027549048262329734 0.0007396359995294004
0.03556760425638572 0.000707487871734721
0.04323152549591214 0.0006768999952120543
0.050562754986415825 0.0006477758295015343
0.05758155532689102 0.0006200262272609078
0.06430666279162267 0.000593568756366934
0.07075542494681031 0.0005683270944573188
0.07694392380906834 0.000544230487082482
0.08288708627857488 0.0005212132618435443
0.08859878334695281 0.0004992143919179733
0.09409191938087247 0.0004781771032463799
0.09937851261447861 0.00045804852039900754
0.10446976783721595 0.00043877934677774067
0.10937614214051905 0.0004203235753569486
0.11410740447922763 0.0004026382266373295
0.11867268971111855 0.0003856831108931949
0.12308054769856369 0.00036942061214512254
0.12733898798656185 0.0003538154915943413
0.1314560894441712 0.0003388326454038837
0.13543774319656166 0.00032444527505586743
0.13929115649143853 0.0003106221114992399
0.14302255070968783 0.00029733578314292326
0.14663777816033985 0.00028456054216484384
0.15014234814144345 0.00027227214985406936
0.1535414508625763 0.00026044777136140766
0.15683997942892347 0.00024906587897869905
0.16004255006554047 0.0002381061631592448
0.1631535207429522 0.00022754945057349793
0.16617700834744653 0.00021737762856623608
0.1691169045258789 0.00020757357544550138
0.17197689032171581 0.0001981210960905458
0.17476044970685223 0.00018900486241642858
0.17747088210468576 0.00018021035827813002
0.1801113139895989 0.00017172382843714246
0.18268470964066807 0.00016353223124947067
0.18519388111981527 0.0001556231947659692
0.18764149753786796 0.00014798497596491006
0.19003009366676338 0.00014060642286229654
0.19236207795002258 0.0001334769392686755
0.1946397399595412 0.00012658645198209532
0.19686525734236682 0.00011992538022547013
0.1990407022968128 0.00011348460715371431
0.20116804761468643 0.00010725545327102613
0.20324917232215967 0.00010122965161272571
0.20528586695004947 9.539932455826042e-05
0.20727983846109055 8.97569621535746e-05
0.20923271485935402 8.429540183087616e-05
0.21114631571231257 7.900707818023226e-05
0.21302158611786126 7.388695322812556e-05
0.2148602136725799 6.892804218395068e-05
0.21666355105627133 6.412439379660962e-05
0.21843289102551466 5.947032045364247e-05
0.22016946954505556 5.496038440379177e-05
0.22187446873012107 5.0589384812191565e-05
0.22354901961244877 4.63523455911393e-05
0.22519420474186802 4.2244503953515275e-05
0.2268110606350433 3.826129964017296e-05
0.22840058008094388 3.439836477611428e-05
0.2299637143130866 3.065151431382483e-05
0.23150137505702162 2.7016737025082275e-05
0.23301443646124653 2.3490187005563592e-05
0.23450373691922266 2.0068175658983322e-05
0.23597008078924375 1.6747164130118978e-05
0.23741424001883615 1.3523756158079213e-05
0.23883695567973007 1.039469132343238e-05
0.24023893941873098 7.356838664381574e-06
0.24162087483009032 4.407190639248173e-06
0.24298341875393703 1.5428574138108128e-06
0.24432720250538864 -1.2389385462353491e-06
0.24565283303849128 -3.940867596313502e-06
0.24696089404901045 -6.5654977646305025e-06
0.24825194701961095 -9.115299350589247e-06
0.24952653221085086 -1.1592649284963356e-05
0.250785169601329 -1.3999835265822717e-05
0.252028359779672 -1.6339059683259203e-05
0.2532565847914725 -1.861244334526721e-05
0.25447047853212723 -2.0822335178309666e-05
0.2556701472117737 -2.297008238469343e-05
0.2568561935063798 -2.5057896538032677e-05
0.2580290329389072 -2.7087605773357454e-05
0.2591890661308156 -2.9060972664851805e-05
0.26033667942658667 -3.0979696974236926e-05
0.26147224548853387 -3.2845418266606356e-05
0.2625961238626502 -3.465971840084874e-05
0.263708661517839 -3.642412390151909e-05
0.2648101933595086 -3.814010821859283e-05
0.2659010427190225 -3.9809093881010446e-05
0.26698152182042634 -4.143245454977969e-05
0.2680519322253758 -4.301151697585338e-05
0.26911256525775684 -4.454756286785992e-05
0.2701637024086949 -4.604183067431577e-05
0.27120561572321833 -4.7495517284838084e-05
0.2722385681695698 -4.890977965443416e-05
0.2732628139916642 -5.02857363549066e-05
0.2742785990460703 -5.162446905698025e-05
0.2752861611239439 -5.292702394673139e-05
0.27628573025876335 -5.41944130795927e-05
0.27727752902062264 -5.542761567499253e-05
0.2782617727976202 -5.662757935468906e-05
0.27923867006525427 -5.779522132744733e-05
0.28020842264398027 -5.8931429522810076e-05
0.6386986683741753 -0.0016330150070002509
3.7530186796243044 -0.01533164882117546
10.41915147027757 -0.04465684020215802
11.456495656962119 -0.04921760997247017
11.76902071377799 -0.05058946507810809
11.751083265084006 -0.050507417152604574
11.562890470456153 -0.0496763132683027
11.28604373006685 -0.0484551678727072
10.959020499558719 -0.047013265962047385
10.513651541466189 -0.04505069011958361
9.95078808758089 -0.04257118542520065
9.262216280960814 -0.03953861418912672
8.589815452788827 -0.03657718879922343
7.908933218983464 -0.033578448612170436
7.126846563444417 -0.030134449392488195
6.188196069562707 -0.02600163181871677
5.036511912277305 -0.020931551215725284
3.8227552057688143 -0.015588376189126217
2.503196087781461 -0.00977971281154512
0.8905489524034635 -0.002681579222455194
-1.2707786352149242 0.006830529202931379
-4.504713254189738 0.02106168014633888
-9.828674145336805 0.04448811189047823