0.0007115032600000237 0.0
-0.0015201899796861706 0.0012948888941148216
-0.004329396833138377 0.0028438607816719847
-0.006576551401560438 0.004145552025276845
-0.008204030330533296 0.005174610738564975
-0.009439613080149512 0.006031250874017858
-0.010367043449575286 0.006752316094403604
-0.011494838665930707 0.0075615340204638
-0.011842657546957125 0.008027593556735253
-0.011860864480109035 0.008348636737303189
-0.011903951863387219 0.008680626586129525
-0.011929995070572907 0.009005117634256382
-0.011888607799924178 0.009299941965439595
-0.011802055863171512 0.009574895251536882
-0.01226346983049953 0.01009093217656613
-0.01165789707922471 0.010137537254946653
-0.011055827820836472 0.010185684170221037
-0.010486047538307619 0.010248036505229537
-0.009988184406874767 0.010342029514210446
-0.00946287487201447 0.010423947201945593
-0.008650938051041335 0.010379760332238044
-0.007752963304783811 0.010297720651886173
-0.0073182426402378375 0.010419493384305294
-0.006498786546410229 0.010371999214796134
-0.005665796629993558 0.010318549384034622
-0.004843645038005606 0.01026986930299839
-0.004065462054836599 0.01024053233377111
-0.003307492653281785 0.010220088973044742
-0.002594946018797839 0.010219630255516659
-0.0016175116049459426 0.010102631055235666
-0.0003501191582128138 0.009858062341930441
0.0010817066592755387 0.009541148633358885
0.0022846109230716394 0.009324951704803354
0.0031085044837457776 0.009275504787162705
0.003732793568328341 0.009313875426454305
0.004785452895455733 0.00916378070892038
0.006102798593934811 0.008897234120116072
0.006958172581510325 0.008833936192107716
0.008236480902216736 0.008584565370215305
0.009579739704085544 0.008306617610978837
0.011004928546645476 0.007992624786202322
0.012603910830326748 0.007602169349017829
0.013829187171142232 0.007376129160197668
0.01519685363225698 0.007087444325662167
0.01574985043365773 0.007157181161962412
0.016538563287865737 0.007123211030101376
0.017685120241829222 0.006931805107211983
0.0190861366528704 0.006628447626770258
0.020626869204972142 0.006263618424993846
0.02247353253837414 0.00576419409871139
0.023804433226913613 0.0054916842956530985
0.024798469000093415 0.005367381600318236
0.025995946846328666 0.0051535711988277815
0.027538729831752096 0.004787841648128293
0.029026350102738463 0.004446381928435973
0.030111152142654585 0.0042821439412767375
0.031008286840192967 0.004200474288768236
0.03223173234951682 0.0039752404725975285
0.03398060280091153 0.003518839348521646
0.034883572983753 0.003434601875600283
0.035950347531593985 0.003278297464701565
0.03734050676244183 0.002979716269928043
0.038992463355156604 0.002565953372744831
0.04093014462183231 0.0020264843512938216
0.04184002018198563 0.0019392087881692657
0.04382094954781979 0.0013807110106209177
0.04496185564491728 0.0011917912390464092
0.04580083232248777 0.0011357087923802127
0.04671292048195641 0.0010474597739324012
0.04797700298224261 0.0008043459849779677
0.049687767491817025 0.0003647112731583253
0.051649020920155775 -0.00018512855790678572
0.052950494826905725 -0.00044469307222035493
0.05381096900882931 -0.0005102340021102396
0.054673608244435346 -0.0005767270291837961
0.05581630887825717 -0.0007664380850799994
0.05738020563762525 -0.0011414564130301113
0.0592123358016764 -0.001634487165241096
0.06000808826182691 -0.0016715526827011742
0.06152847498831682 -0.002027430533859885
0.06316445178437113 -0.002434161198936218
0.06463157829849164 -0.0027666049241278413
0.06562967056121283 -0.002892693632717067
0.06652289674715028 -0.002972644136194765
0.06798498099034622 -0.0033028694635776363
0.06951095955171582 -0.0036612070587746267
0.07053328831104566 -0.003797957537939086
0.07227710169596335 -0.004252131994913846
0.07320821502918518 -0.004348753089751101
0.07375495021100897 -0.004276259631097884
0.07422988206225756 -0.004172178654675641
0.07482833963106295 -0.004122444060122768
0.07666402370141989 -0.004617036629318151
0.07845256310660831 -0.005090890948568786
0.07945234029187453 -0.005217720955778753
0.0794299384757775 -0.004894829950470433
0.07920240283302304 -0.004481691334594146
0.07950489131867267 -0.004301742604989118
0.08064009732902977 -0.0044881523662700235
0.08193937706449117 -0.004746751972816102
0.08295419761202316 -0.004880197378841702
0.08369974566521143 -0.004895176722339555
0.0848036300357995 -0.005067809732849224
0.08505451426016897 -0.00486515366977429
0.08478538781988043 -0.004433717204159796
0.08487100285289662 -0.004158352377780242
0.08565615216726108 -0.004190751614724419
0.08664321708491052 -0.004311988731935505
0.0869091995117971 -0.004115978794597245
0.08782937427551152 -0.004207783836078353
0.08820612618868706 -0.004060507608400124
0.0879699800578232 -0.003643580721675132
0.08765036492622547 -0.003189927728819882
0.08804981092182729 -0.0030526359909638125
0.08896710488379134 -0.003143177114419952
0.08973631957193284 -0.0031685657522857367
0.08941852999011435 -0.0027157190081377987
0.08861888610457302 -0.0020508756165424644
0.08735379490591988 -0.001181250918321519
0.08573140198982898 -0.00015443125542851752
0.0842915222488333 0.0007920934200314635
0.08404013603855331 0.00121572533298136
0.08401480541727013 0.0015399018158691099
0.08394431031747307 0.0018839519450669026
0.08391228819295371 0.0022110719821469066
0.08334696206242087 0.0027728249206417535
0.0821551005447787 0.0036102314841527203
0.0811585498053432 0.004361706026621672
0.08204605927164288 0.00428426889160753
0.08264789801194117 0.004332519425434518
0.08279794352225078 0.0045795369753224265
0.08335172619652254 0.004648926739068611
0.08307754800912504 0.0050825892913150175
0.08183901974590124 0.005940524279201521
0.0811566726968761 0.006553761307831629
0.0826015797031514 0.006231095038442166
0.08273592298604882 0.006485021381174244
0.08178183867882138 0.007217815469383341
0.08252532569119253 0.007203742901523122
0.08277746602325742 0.007405842807702954
0.08189461276361931 0.008107314358600385
0.08113925445555048 0.008752673424999137
0.08136476653286051 0.008966488699687233
0.08215684675091672 0.00893103662227191
0.08299903565053013 0.008873538726408866
0.0842863283341353 0.00862021294389352
0.08522084221809823 0.008522095742554742
0.08541569395194892 0.008749400343731648
0.08501682993175208 0.009237916162536492
0.08435299554694209 0.009843008358343532
0.08351542783308574 0.010524536279686409
0.08363533799024403 0.010784812181296786
0.08448375639770467 0.010724573550799534
0.08726928878140738 0.00981208214282621
0.08856587249602899 0.009554668677765362
0.08489225152533508 0.011483946754676759
0.08092881822195364 0.013540730682306839
0.08694136978160494 0.011208479730289435
0.08793743060503756 0.011083284333887519
0.08749470735963605 0.011591096459960372
0.08994872632098105 0.010824457716538538
0.09161434883149866 0.010404681921405121
0.08816653053383317 0.012234615841178569
0.08347582845556167 0.014611368981241919
0.08575728694379581 0.013920649953590596
0.08634813355295712 0.013973732626430353
0.08975367245039079 0.012788463116671978
0.09341959457916693 0.011488635385331769
0.09541576696888154 0.010923430846151707
0.09538529002938756 0.01124991505954408
0.09549282391872282 0.011515636024664572
0.09981077749957978 0.009928940497803192
0.10159560027554304 0.00945672134696227
0.10617869528068236 0.007753374183676816
0.11159745250996744 0.005682369019729169
0.11481164223815443 0.0045812855015842915
0.11563498540948614 0.004532078973430416
0.11867660410107905 0.0035069198185666865
0.12530653684664717 0.000903045804141884
0.13496562369377763 -0.003033535024709884
0.1371557965160245 -0.0036840920054524422
0.14084590349208026 -0.004994560103606276
0.1435992504393443 -0.005892891205095105
0.14646334521788662 -0.0068399469288641926
0.15633207837718543 -0.010868763761391797
0.1534733946554646 -0.009298025523862139
0.1585236919261358 -0.011206923023021528
0.1644992163802922 -0.013522883527555218
0.16707723582121659 -0.014344077529173587
0.16866170980578488 -0.01472815121411802
0.17105478077307612 -0.01546797527453659
0.1737365491357642 -0.0163348146577988
0.17579990606678286 -0.016929577711672427
0.18301341375284597 -0.019790201390805662
0.18402879009105833 -0.019923894842211805
0.1853740853345055 -0.02020273943432336
0.18868427617095518 -0.021346059605634366
0.1913433487788886 -0.02220291376331671
0.19004205811248454 -0.021317366264842395
0.19964865306674817 -0.02523080876145451
0.2000898547547757 -0.02511188830042281
0.20149957482622616 -0.02541907724360394
0.20306795637442743 -0.025796070899309857
0.20426106474796402 -0.02600795934729807
0.20569879818044357 -0.02632747305042434
0.2086540448982922 -0.027314631986703898
0.21537670006939036 -0.029959300164849344
0.21244515853337942 -0.028356507399113714
0.21934211827457906 -0.031077862626042906
0.22107997070630414 -0.03152941670150512
0.22171465641183652 -0.03149562148005057
0.22413164873644298 -0.03224596998222278
0.22732645593112732 -0.03333852595980217
0.22326785527087056 -0.03123987219631493
0.23326807030342678 -0.035326535801436035
0.2325266974380763 -0.03468732977122777
0.2343504232035466 -0.03517666468359128
0.23482850830707946 -0.03507397145218708
0.23606939031195118 -0.035306878389791824
0.23978621576932369 -0.03662910155253732
0.2392505761017839 -0.03608040991198488
0.24324030900882698 -0.03752270145213515
0.23642035289059538 -0.034209161581004774
0.2194261162231993 -0.026419344648641225
0.18941295760161025 -0.012901722057299463
0.1586787346864572 0.000933140022511181
0.1377717268927906 0.010444419966804185
0.12176316704042034 0.01780057847039044
0.09754727248338968 0.028767636427240815
0.08502110283611153 0.034591682333971585
0.09355116008109132 0.031151873430450828
0.10715920022107983 0.025477910881556588
0.11901539702829045 0.020574689427081308
0.1271707739792547 0.017299680891467505
0.13297479039754234 0.015059177072354194
0.13678441097502725 0.013696127763175385
0.1414473162884774 0.01195766725201089
0.14557926639854057 0.010452805822961273
0.14858548579510422 0.00944322094399425
0.15100640288284295 0.008691145702806501
0.15333615502180387 0.00797917939777699
0.1555875029951138 0.007301707794020271
0.15760828221720458 0.006725677231439059
0.15947645935539356 0.006216785490552998
0.16121645106478055 0.005764290218366287
0.16284781943439863 0.005359584877052197
0.16438626288925462 0.004995762786633031
0.1658445627664208 0.004667200669308143
0.16723325310089432 0.004369263970428591
0.16856110463156082 0.004098093915204875
0.16983548428849182 0.003850449348654887
0.1710626279205022 0.003623586746372171
0.1722478506507522 0.0034151676664621222
0.17339571133229137 0.003223186395672607
0.17451014260659659 0.0030459127288310177
0.1755945548009844 0.0028818462581330414
0.17665191967726102 0.002729679527081993
0.17768483849094696 0.002588268087147804
0.17869573831359975 0.002456588119793141
0.17968635286601764 0.002333788865103104
0.180658612564225 0.0022190650131374092
0.18161410531820332 0.002111717946928337
0.1825542467809046 0.0020111248357211325
0.18348030285177586 0.0019167287343212032
0.1843934087479212 0.0018280301925458215
0.1852945852398037 0.001744580112162679
0.1861847525322048 0.0016659736398226199
0.18706474217990132 0.0015918449246377741
0.1879353073553952 0.0015218626007906257
0.188797131728642 0.0014557258808075416
0.18965083717280196 0.001393161165337001
0.1904969904730548 0.00133391909153845
0.19133610918561594 0.0012777719553492294
0.19216866676975142 0.001224511453603132
0.19299509709570295 0.0011739467007234527
0.19381579841510665 0.0011259024818972045
0.1946311368670236 0.001080217710561927
0.19544144958154852 0.0010367440629415164
0.19624704743369425 0.0009953447664471904
0.19704821749251045 0.0009558935221631982
0.1978452252039139 0.0009182735444887469
0.19863831634025952 0.0008823767034040585
0.19942771874509158 0.0008481027568504259
0.2002136438976153 0.0008153586624241616
0.2009962883181452 0.0007840579590364258
0.20177583483296135 0.0007541202104264331
0.20255245371461916 0.0007254705034708596
0.2033263037116978 0.0006980389951354045
0.20409753298021605 0.0006717605026896307
0.20486627992741957 0.0006465741324736211
0.20563267397734586 0.0006224229430804041
0.2063968362664318 0.0005992536393160303
0.20715898723650727 0.0005770132315861157
0.20791901909570443 0.00055566115199549
0.20867713894533424 0.0005351502802451267
0.20943344056556146 0.0005154393568083134
0.2101880121052183 0.0004964895997196639
0.2109409364844691 0.0004782645274189725
0.21169229176400906 0.0004607297963182283
0.2124421514839684 0.0004438530516972925
0.21319058497535537 0.00042760379068191066
0.2139376576465707 0.00041195323618835783
0.2146834312472693 0.0003968742208347224
0.21542796411161047 0.0003823410799209712
0.21617131138272783 0.00036832955267074335
0.21691352522007412 0.0003548166910083175
0.21765465499112546 0.00034178077521600133
0.21839474744879184 0.0003292012358807149
0.21913384689574655 0.00031705858159584906
0.21987199533677126 0.000305334331935101
0.22060923262011534 0.0002940109552605045
0.2213455965687673 0.00028307181096773825
0.22208112310246164 0.00027250109580833286
0.22281584635116303 0.0002622837939610373
0.22354979876070658 0.0002524056305544322
0.22428301119121052 0.00024285302836914404
0.22501551300882439 0.0002336130674722066
0.22574733217132714 0.00022467344755753074
0.2264784953080431 0.00021602245278612984
0.2272090277945048 0.000207648918937207
0.2279389538222566 0.00019954220269748454
0.22866839893194946 0.0001916910672007727
0.2293971801259097 0.0001840880321025033
0.23012542096723754 0.00017672273057982226
0.23085314152421865 0.0001695863333884313
0.23158036096888257 0.0001626704056012726
0.23230709762424706 0.00015596688582225504
0.2330333690086842 0.00014946806666760203
0.23375919187760197 0.00014316657642681027
0.2344845822626319 0.00013705536182232318
0.2352095555084882 0.000131127671792987
0.23593412630765564 0.00012537704223228668
0.23665830873305438 0.00011979728161739762
0.23738211626881378 0.00011438245747003793
0.23810556183927922 0.00010912688359432568
0.23882865783636953 0.00010402510804114166
0.23955141614538744 9.907190175180402e-05
0.24027384816938813 9.426224783768351e-05
0.240995964852191 8.959133145518641e-05
0.2417177767001265 8.505453023869279e-05
0.24243929380259177 8.064740525632079e-05
0.24316052585149361 7.636569245634476e-05
0.24388148215964323 7.220529457374204e-05
0.24460217167816978 6.816227346910778e-05
0.2453226030130119 6.423284287338127e-05
0.2460427844405394 6.041336151422162e-05
0.24676272392236276 5.6700326601157126e-05
0.24748242911937257 5.3090367648244254e-05
0.24820190740505865 4.958024061442866e-05
0.24892116587814905 4.616682234309772e-05
0.24964031242045504 4.284664515196706e-05
0.2503591514963174 3.961774490936207e-05
0.25107779052506485 3.647685740699116e-05
0.2517962356204583 3.3421292834457106e-05
0.2525144926757833 3.0448458381237085e-05
0.2532325673731549 2.7555854143819827e-05
0.2539504651923671 2.4741069231764536e-05
0.2546681914193164 2.2001778061620278e-05
0.2553857511540224 1.9335736828410112e-05
0.2561031493182663 1.6740780145170123e-05
0.2568203906628669 1.4214817841279686e-05
0.25753747977461694 1.1755831911233693e-05
0.25825442108289376 9.36187360579794e-06
0.2589712188659651 7.031060657962215e-06
0.2596878772570047 4.761574636710445e-06
0.26040440024982925 2.5516584218633103e-06
0.26112079170437996 3.9961379373125134e-07
0.26183705535195123 -1.6962008682866234e-06
0.2625531948001877 -3.7373727838232293e-06
0.2632692135378575 -5.725436871527439e-06
0.26398511493941423 -7.661877755977375e-06
0.26470090226935594 -9.548131686137186e-06
0.26541657868639634 -1.1385588369726414e-05
0.2661321472474515 -1.3175592727803163e-05
0.2668476109114558 -1.491944657335076e-05
0.26756297254301364 -1.661841021771089e-05
0.27334320701695913 -0.0022466591237172632
0.3181643623638889 -0.021653145651609692
0.41330286461915466 -0.06319725504723267
0.42870019419025096 -0.0696584334781415
0.4338292519655008 -0.07160198245346895
0.4342719314205089 -0.07148366815487799
0.43231397816639217 -0.07030921534618108
0.4290925852797628 -0.06857889956339566
0.4251611196326527 -0.06653618012767512
0.41955323577480674 -0.06375590363860931
0.4122808958699006 -0.06024333297042344
0.40322770910376027 -0.055947260813754826
0.3944036219958055 -0.051751983356005504
0.38545938756189646 -0.0475038458737523
0.37508142723028326 -0.042624926262288414
0.36248548118970925 -0.03677018152951125
0.34687155940680003 -0.029587648013881765
0.3303782771322895 -0.022018231005302702
0.31238612763316975 -0.013789372285545014
0.29024189792009414 -0.0037337641137431547
0.2603246949988406 0.009741641802106888
0.21521222554552588 0.029902358063795008