0.0007115032600000237 0.0
-0.0006545439562490873 0.0009140392193751683
-0.0024282477939799874 0.0020074311400037543
-0.0038052089011014756 0.0029262720178424794
-0.004744751909788181 0.0036526664036929234
-0.005407662262458479 0.004257353558130253
-0.005853053405582509 0.004766340772520191
-0.006439878440656965 0.005337553426209741
-0.006476131915499117 0.005666536628283708
-0.006279718309488702 0.005893155343978722
-0.0061008671976851 0.006127501119620842
-0.005909984932169099 0.006356553624180976
-0.0056715046822993775 0.0065646649167808895
-0.005401143756356364 0.006758749589320152
-0.005517581939176175 0.007123010948164327
-0.004880853232393956 0.007155908650550579
-0.004246597285296305 0.00718989470839132
-0.003635133850570127 0.007233908121338498
-0.0030744354636763616 0.007300256127677963
-0.002494363144951328 0.007358080377843948
-0.001711965683087957 0.007326889646285679
-0.0008688352739650851 0.007268979283684359
-0.0003527083342855786 0.007354936506568443
0.0004349974378280441 0.00732141121044433
0.001232255614122213 0.007283681918142087
0.002021864090819614 0.007249319507998863
0.0027804350201153794 0.007228611059132549
0.003524737832977576 0.007214180451560994
0.004236977810260334 0.007213856650952936
0.005136197102391105 0.007131268980166352
0.006240092947143894 0.006958632241362664
0.007460058818312132 0.006734928447076861
0.008518433298638772 0.006582318850449426
0.009309271106173522 0.006547415143879557
0.00995921134234945 0.006574500301026568
0.010911530867380503 0.006468551088649681
0.0120506875368952 0.00628040055537605
0.012863746234007323 0.006235719665017211
0.013975347695682427 0.0060596932025049205
0.015132795673472144 0.005863494784220356
0.016348077209396794 0.005641852790260462
0.017686036174348274 0.005366237187541997
0.018760202414923932 0.005206679407198354
0.01993488021100487 0.005002901876938
0.020534496776699607 0.0050521278790322905
0.021300500262022903 0.0050281489624245
0.022319100464820663 0.00489303889920846
0.02351731940202617 0.004678904207131947
0.024814160027039178 0.004421377711760361
0.02632695326238177 0.00406884289320804
0.027475678454291996 0.003876483032225716
0.02838661664712472 0.003788739953165814
0.029441160126820187 0.0036378149638784337
0.030739449293001653 0.00337965292809056
0.031998800366638935 0.0031386225377195106
0.032973807688932655 0.003022689840901227
0.03381634541660683 0.002965040674424637
0.03488921989377658 0.0028060520983041377
0.03633298168299637 0.0024838865989564563
0.03717963828264914 0.0024244248533649058
0.03814192178700748 0.002314092328024634
0.03933247653819427 0.002103329131713913
0.04070782854481647 0.0018112612042904689
0.04228486943894039 0.0014304595420897566
0.04313640042257805 0.0013688532622371289
0.04474396850434337 0.0009746195369088829
0.04575857986700049 0.0008412644040327594
0.046560064874697216 0.0008016767946213266
0.04741315769314569 0.000739383369834636
0.04851471622275949 0.0005677736364550361
0.049931580582459056 0.00025744325164117084
0.051525260649521676 -0.00013067898205184873
0.05265321311310989 -0.00031390099215554467
0.05346987253564428 -0.00036016517796016913
0.05428806052548374 -0.00040710143236503244
0.055303937443475615 -0.0005410151188799995
0.056617130744206046 -0.0008057339386094904
0.05811966497765397 -0.0011537556460525385
0.05889063877305423 -0.0011799195407302405
0.060173117638811946 -0.0014311274356658013
0.061537190965438415 -0.0017182314345432128
0.06278207556364113 -0.0019528975935020057
0.06369587627850315 -0.0020419013878002824
0.0645356547626943 -0.0020983370373139523
0.06577698011083266 -0.0023314372684077435
0.06706340644826991 -0.0025843814532526778
0.06799431616073814 -0.0026809112032511193
0.06943450943244467 -0.003001504937586244
0.07030103060883663 -0.0030697080633537185
0.07089622838424159 -0.0030185362101867418
0.07144073939688766 -0.0029450672856533937
0.07207244503369148 -0.002909960513027836
0.07357748908335515 -0.003259084679518695
0.07504925219289993 -0.0035935700813426725
0.07596424226485265 -0.0036830971452555903
0.0761576962770194 -0.0034551740826850117
0.07620634788213398 -0.003163546824419397
0.07662913387200432 -0.003036524191757024
0.0776397231146092 -0.0031681075526611927
0.07876612645728787 -0.0033506484513996016
0.07969173743201641 -0.003444845208594143
0.08042727164603158 -0.003455418862827921
0.08141574914291727 -0.0035772774584818057
0.08180211094835454 -0.003434226119840676
0.08182140404932736 -0.0031296827323480914
0.0820911031902799 -0.002935307560786053
0.08285459329453726 -0.002958177610393708
0.08376061000111323 -0.0030437567519544747
0.08415762700832741 -0.0029053967961862907
0.08501642919447872 -0.0029702003548788374
0.08549163672142612 -0.0028662406647530286
0.08553421033493402 -0.002571939332947152
0.08551786671262973 -0.0022517136909316815
0.08600909359187814 -0.0021548018759744558
0.08686585991797036 -0.0022187132572376134
0.08761810205077614 -0.0022366346486722847
0.08760304499302196 -0.0019169781233913876
0.0872478554855809 -0.001447676905794681
0.08656411699241406 -0.0008338241776387195
0.085628163169291 -0.00010901029794954176
0.0848210445285883 0.0005591247670810331
0.08485286043897877 0.0008581590585750777
0.08504424500042596 0.0010869895170840776
0.08520375081233389 0.0013298484318119313
0.08539041166561434 0.0015607566932801693
0.08520062292641473 0.0019572881792765317
0.084568575972785 0.002548398694696038
0.08407439339200695 0.0030788513129094155
0.08491013536821845 0.0030241898058406087
0.08554423006725254 0.0030582490061890713
0.08585940925100055 0.003232614335521713
0.08645957966813345 0.003281595345224902
0.0864753091829118 0.0035877100879870717
0.08581031893828328 0.004193311255906956
0.08553792690367723 0.004626184452587032
0.08676712831987154 0.004398420027135647
0.0870712238725051 0.004577662151417113
0.08660701965563855 0.005094928566623535
0.08734109901731235 0.005084994989310439
0.08772834513406402 0.00522765374661385
0.08731443253902538 0.005722810135482624
0.08699050314509438 0.006178357711764096
0.08735895284672501 0.006329286140955692
0.08812733300064701 0.006304261145133112
0.0889310839886095 0.0062636743951121395
0.09004902588291908 0.006084856195689543
0.09091794744806925 0.006015596994744524
0.09126475455431682 0.0061760473014576345
0.09119246818711912 0.006520881997084582
0.09093314391548846 0.0069480059000072
0.09055118435276643 0.007429084432719817
0.09084509152252518 0.007612808598562438
0.0916532398101445 0.007570287212329083
0.0938287626692288 0.006926175630230266
0.09495326293837336 0.006744472007834372
0.09256938342964827 0.008106315356242417
0.08998093050961431 0.009558162834569534
0.09443434925760352 0.00791186804491019
0.09534671572120301 0.007823494823920602
0.09524346990091959 0.008181950442324969
0.09718498328539837 0.007640793682262498
0.09856998152811669 0.007344481356285968
0.09634549214152932 0.008636199417302518
0.09324367302745529 0.010313907516170766
0.09506337901914996 0.009826341143711009
0.09568971191973441 0.009863811265715543
0.09830288643556995 0.009027150435297867
0.10109986087941192 0.00810962497788125
0.10271818844862224 0.007710657067871793
0.10290596943250885 0.007941116512619351
0.10319114041321609 0.008128684252704405
0.10644837235264448 0.007008663880802253
0.10791751195920685 0.006675332715502777
0.11136190255106992 0.005472970012007164
0.11539617235997701 0.004011084013926473
0.11787427687399132 0.003233848589353618
0.11866472499493141 0.003199114569480294
0.12102101465958526 0.0024754728131058962
0.125910231891751 0.00063744409704133
0.13293767554854885 -0.0021413188409716826
0.13469294459954673 -0.0026005355332605474
0.13750699070029182 -0.003525571837839724
0.13965979442777254 -0.004159687909478897
0.14189077309497866 -0.00482819783213943
0.14906620238389545 -0.007672068537453032
0.1472575726979749 -0.006563312134490922
0.15103175312433115 -0.007910769192721078
0.1554590350919708 -0.009545564842980152
0.15748807822674127 -0.01012523119706371
0.1588157951570247 -0.010396342033495074
0.16071428642805363 -0.010918570782025828
0.16281656409583356 -0.011530457405505037
0.1644823160471408 -0.01195029014941583
0.16978346853142068 -0.013969553922921644
0.17070946947604126 -0.014063925770973037
0.17186835435376857 -0.014260757247757664
0.17441422435596843 -0.01506780678044779
0.1765004814909802 -0.015672645009400032
0.17579118807940086 -0.01504755265753581
0.1827816080471164 -0.01780998265514436
0.1833023092386653 -0.017726038800298452
0.18450667046557145 -0.017942878054308664
0.18582302802900774 -0.018208991223042252
0.18687448688091568 -0.018358559539269223
0.18809862224501905 -0.018584098623828944
0.19039394345761795 -0.01928091669649687
0.19534861181368746 -0.02114774129283483
0.19348855308238544 -0.020016358164080268
0.1985662599585264 -0.021937314794853814
0.20000224402797928 -0.022256058848121263
0.20065952217306104 -0.022232203397682754
0.20257489910807747 -0.02276186116392196
0.20503932183373685 -0.02353307714809565
0.20238369195590866 -0.02205167449151642
0.20965193197888954 -0.02493637821277838
0.20933787466217157 -0.02448517395616078
0.21083447520250365 -0.024830586835476197
0.21138121174617364 -0.024758097495661473
0.2124663931613774 -0.02492250239279423
0.21529929936658132 -0.025855836390026345
0.21513046548361225 -0.025468524643754032
0.2181560122415248 -0.02648661278974246
0.21355119027571445 -0.024147643468944543
0.20176452321637595 -0.018648949163746747
0.18078802889525425 -0.009107097922799621
0.15930254801396992 0.0006586870747137748
0.1447539248654991 0.007372531741273542
0.13366302967559085 0.012565114214393254
0.11677872175298099 0.020306566889817048
0.1081459843549023 0.02441765811809759
0.11437649535135863 0.021989557715612347
0.12419143545017408 0.01798440768109877
0.13276978025526376 0.014523310183822103
0.13873578163241518 0.01221153945280059
0.1430419991041475 0.010630007345191195
0.14594040774707795 0.009667854891653211
0.1494411350271604 0.0084407062955371
0.15256707039896977 0.007378451169149134
0.15489837232595594 0.006665803019290059
0.15681651968200672 0.006134926378451648
0.1586703153095087 0.00563236192784258
0.16046876682008027 0.005154146678131956
0.1621044639180268 0.0047475368692511
0.1636324418979248 0.004388319169802118
0.1650699360457274 0.004068910742376202
0.1664307548948697 0.003783236383801551
0.16772597968653258 0.0035264207905644925
0.1689646325410029 0.0032944945900998655
0.17015414924769 0.00308418633206724
0.1713007209163958 0.0028927721754387356
0.17240954773305306 0.0027179642461093315
0.17348503147329575 0.00255782593861565
0.17453092398876635 0.0024107065880909096
0.1755504432933822 0.0022751903969453697
0.1765463653693623 0.002150056043880718
0.17752109750657719 0.0020342444175056765
0.17847673741924297 0.0019268326073519952
0.1794151212877272 0.00182701276739845
0.18033799175077625 0.0017340622022069228
0.18124651378777712 0.0016473803753668968
0.18214207945709993 0.001566398832802877
0.18302580963637893 0.0014906244331258848
0.18389870361005023 0.0014196175310972699
0.18476165495419472 0.001352984988932614
0.18561546499853254 0.0012903742535617564
0.18646085428692027 0.0012314683144677733
0.18729847237567399 0.0011759813928159668
0.1881289062446364 0.0011236552409207817
0.18895268754498484 0.001074255953499265
0.1897702988672768 0.0010275712099817942
0.19058217918080145 0.0009834078814143536
0.19138872856921518 0.0009415899469683178
0.19219031236631723 0.0009019566743641619
0.19298726477864803 0.0008643610260727991
0.19377989206755497 0.0008286682593342021
0.19456847535184008 0.0007947546931039092
0.19535327308260497 0.0007625066192201837
0.19613452323403424 0.0007318193385469527
0.19691244524731355 0.0007025963057274286
0.1976872417594192 0.0006747483685857869
0.1984591001439392 0.0006481930902273508
0.1992281938872421 0.0006228541435793354
0.19999468382006447 0.000598660769541477
0.20075871922184618 0.0005755472911229376
0.20152043881280834 0.0005534526769668889
0.20227997164679612 0.0005323201485363057
0.20303743791620177 0.0005120968259794302
0.20379294967884565 0.0004927334083308739
0.20454661151544673 0.000474183884251504
0.20529852112523728 0.00045640526998137965
0.20604876986636167 0.0004393573715861676
0.20679744324689298 0.0004230025689289626
0.2075447262845932 0.00040730345759019927
0.20829048406755601 0.00039223140140858117
0.20903489219670657 0.00037775313899655996
0.20977801686980813 0.00036383954598233885
0.2105199203095659 0.00035046324686093926
0.21126066104786057 0.00033759848994280414
0.21200029418635935 0.00032522103269522
0.21273887163574245 0.00031330803649220644
0.21347644233554497 0.00030183796989311336
0.21421305245640287 0.00029079051966237024
0.21494874558630783 0.0002801465088245099
0.21568356290231316 0.00026988782112068556
0.21641754332898444 0.0002599973312969953
0.21715072368475818 0.00025045884071175353
0.21788313881726518 0.00024125701779953033
0.21861482172855895 0.00023237734297462226
0.21934580369111523 0.00022380605759706994
0.2200761143553679 0.00021553011666007127
0.22080578184949318 0.00020753714488976787
0.22153483287207087 0.00019981539597722702
0.22226329277820833 0.000192353714688235
0.2229911856596446 0.00018514150161955573
0.22371853441932232 0.00017816868039136392
0.22444536084085442 0.0001714256670841017
0.22517168565328782 0.000164903341745087
0.2258975285915249 0.00015859302180531583
0.22662290845273636 0.00015248643726079755
0.2273478431490622 0.0001465757074850873
0.22807234975688695 0.00014085331955116556
0.22879654630490542 0.0001353113415534866
0.22952024479475985 0.00012994449324882587
0.23024356185922634 0.00012474545687987454
0.23096651166415427 0.00011970800003889269
0.23168910774274065 0.00011482616865972184
0.23241136302888032 0.00011009427234512122
0.23313328988848292 0.00010550687058889556
0.23385490014889554 0.00010105875983068959
0.23457620512656374 9.674496128634578e-05
0.2352972156530505 9.2560709500932e-05
0.23601794209952154 8.850144157573178e-05
0.23673839439980326 8.456278702404538e-05
0.2374585820721039 8.074055821414441e-05
0.23817851423949132 7.703074136070048e-05
0.238898199649202 7.342948802904116e-05
0.2396176466908616 6.993310711892049e-05
0.24033686341368565 6.653805729718836e-05
0.24105585754272296 6.324093985071983e-05
0.24177463649420694 6.003849193319491e-05
0.24249320739006486 5.6927580180932315e-05
0.24321157707164243 5.39051946750669e-05
0.2439297521126894 5.096844322852379e-05
0.24464773883164936 4.811454597819372e-05
0.2453655433033025 4.534083026356325e-05
0.24608317136979252 4.264472577474467e-05
0.24680062865107943 4.002375995375797e-05
0.2475179205548511 3.747555363405477e-05
0.2482350522859239 3.499781690430258e-05
0.248952028855164 3.25883451833631e-05
0.2496689558262034 3.024469069550616e-05
0.2503856363503417 2.7965466994843807e-05
0.2511021756647519 2.5748369934346697e-05
0.2518185780850294 2.3591500824322665e-05
0.2525348477711412 2.149302944557912e-05
0.25325098873399166 1.9451191160343408e-05
0.2539670048416708 1.74642841635985e-05
0.2546828998253997 1.553066686702608e-05
0.2553986772851923 1.3648755408289492e-05
0.25611434069524674 1.1817021278943614e-05
0.2568298934090826 1.003398906443272e-05
0.2575453386644354 8.298234290282605e-06
0.25826067958792487 6.608381368798547e-06
0.2589759191995048 4.963101640914505e-06
0.2596910604167092 3.3611115082661963e-06
0.26040610605870296 1.8011706507270427e-06
0.2611210588501506 2.8208032498676565e-07
0.2618359214249065 -1.1973182599670283e-06
0.2625506963295442 -2.638145494463456e-06
0.263265386026723 -4.041484850489957e-06
0.26397999289841 -5.40838429833697e-06
0.26469451924895726 -6.73985766080272e-06
0.26540896730804453 -8.036885908042176e-06
0.2661233392334953 -9.300418396096351e-06
0.2668376371139688 -1.0531374051777008e-05
0.2675518629715391 -1.1730642506619454e-05
0.27184129318844164 -0.0015858770285063033
0.30368902049215685 -0.015284573401136255
0.37105487502528567 -0.04460982709216424
0.38213284295782424 -0.04917065892574694
0.38596261903447127 -0.05054257584950749
0.3864843927674181 -0.05045905987403152
0.3853115728233355 -0.049630034362010175
0.3832469131386559 -0.04840863498592635
0.38068102562304895 -0.046966715384241256
0.3769317840763343 -0.04500416727431245
0.37200763237875323 -0.04252470562618125
0.3658264123085365 -0.03949218410382694
0.359806909644098 -0.036530811780709764
0.35370259710251506 -0.033532126499119276
0.3465862427507881 -0.03008818324396829
0.33790425142803004 -0.025955422256125592
0.32709192428715295 -0.020885398598034188
0.3156588720933807 -0.015542280709625439
0.3031677959763551 -0.009733674554502362
0.2877458397083016 -0.0026355981979363447
0.2668370788227111 0.006876453036781333
0.2352022474439005 0.021107546868561183