0.0040362123764274855 0.0
0.005783119939639647 3.480907230210181e-05
0.007277799937394747 5.942302304086986e-05
0.009546780219693574 7.952024470037762e-05
0.012277356865194378 9.692492747607743e-05
0.015322874105352824 0.00011249243136133954
0.018600961403850036 0.00012670335920834803
0.02205984157987473 0.00013985968082895847
0.02566418540779125 0.00015216742134857946
0.029389415844519817 0.00016377006094816333
0.03321658461272925 0.00017477801260084254
0.03713152707681466 0.0001852740185320498
0.04112323466647538 0.00019532217758691604
0.04518243174866399 0.00020497671332017127
0.04930181886583895 0.00021428008847346511
0.05347547584453238 0.0002232669534379482
0.05769735781751173 0.0002319725109751831
0.061964905049375574 0.00024041140094607647
0.0662723306308095 0.00024861802137209846
0.07061739178842608 0.0002566051048698855
0.07499797766642935 0.00026438496454433784
0.07940969409546916 0.00027198323259084654
0.08385149919451962 0.00027940598653981776
0.08832213787349197 0.0002866605476189783
0.09281773611705901 0.0002937689305233435
0.09733836302008214 0.00030073189885253005
0.10188300247296667 0.00030755479648347306
0.10644848743499224 0.0003142560974893927
0.1110348146072564 0.0003208358211135579
0.11564081011770533 0.00032730081482029613
0.12026627378939736 0.00033365224628748626
0.12490820198892116 0.00033990705307329497
0.12956742504186636 0.0003460615583443055
0.13424358712288686 0.0003521172543883093
0.13893410624927327 0.0003580892025012817
0.14363949806828025 0.00036397439479481347
0.14835986514374966 0.00036977223299052914
0.15309273991617367 0.00037549711092770883
0.15783854006039455 0.0003811460088905322
0.16259797241352025 0.00038671597038215857
0.16736836776398967 0.00039222198220155896
0.17215048354491458 0.0003976596260680805
0.1769438130034171 0.0004030318579871843
0.18174875434234394 0.0004083363551505814
0.1865630614845184 0.00041358621944040445
0.19138815908081597 0.0004187725572192028
0.19622225153003825 0.0004239070092854519
0.2010658807983141 0.00042898583090378116
0.2059186763700218 0.00043401118337661694
0.2107811489521456 0.0004389800876332688
0.21565115536651192 0.000443905045322437
0.2205288081527037 0.0004487853999749933
0.22541541764991457 0.00045361292475966885
0.2303100402493179 0.00045839429060846426
0.23522037046970468 0.0004630840303095995
0.24011943392102175 0.0004678394916529661
0.2450375616959004 0.0004724837464343972
0.24996995407931166 0.0004770447924900232
0.2548902963111406 0.0004816761298373212
0.2598288508509299 0.00048620064730177365
0.26478138131362705 0.0004906442233326195
0.2697213036213455 0.0004951613456166442
0.2746872989980069 0.0004995263777230728
0.2796397125356087 0.0005039706358047587
0.284617761386766 0.0005082653572361972
0.2895818973437905 0.0005126412357628851
0.2945711532374613 0.0005168700006278965
0.29954650129281823 0.0005211804764192804
0.3045469032712127 0.0005253448069443688
0.3095410106983021 0.0005295458550276372
0.3145331601344665 0.0005337583245200175
0.31954931692875554 0.000537830753598732
0.324558688992477 0.0005419427595634364
0.32957364428233227 0.0005460216139695707
0.3345938831057058 0.0005500702316385208
0.33961884642559603 0.0005540912902381693
0.344640272077525 0.0005581329848645622
0.3496848598679758 0.0005620395694366547
0.35472199250878944 0.0005659896416025701
0.3597643341468757 0.0005699093284954104
0.36481090066625477 0.0005738037873659777
0.3698619733976827 0.0005776725437933565
0.37492525955098444 0.000581470056536084
0.37997388221868 0.0005853531047458818
0.3850382847382612 0.0005891441054686425
0.39010563955540256 0.0005929178847641485
0.3951765509848908 0.0005966709175259471
0.4002508658112074 0.0006004035141723505
0.40533720890453395 0.0006040665305076816
0.410408417216896 0.0006078178314837517
0.4154949847007323 0.000611479538897878
0.4205922495154599 0.0006150788463330046
0.425674025137603 0.0006187685057729379
0.43077905923812665 0.0006223224931861174
0.43586755682438927 0.0006259723585482507
0.44097932477311375 0.0006294870658839374
0.44607458689878854 0.0006330980554625791
0.45119270561595215 0.0006365757173126865
0.4562942363082598 0.0006401501409076959
0.46141852601395605 0.0006435918059695532
0.46652613145941046 0.0006471307941393351
0.4716561765199625 0.0006505383035764043
0.47677786622375073 0.0006539951350443468
0.48190343296878524 0.0006574293508435108
0.4870239841538151 0.0006608928235519105
0.49216612524709014 0.0006642303573849913
0.4972992377538006 0.0006676205570295534
0.502436010205983 0.0006709894073746498
0.5075754897746361 0.0006743418831670243
0.5127179968188731 0.0006776772823243947
0.5178631319962488 0.0006809973509797608
0.5230108628380101 0.0006843022785307815
0.5281611480804127 0.0006875923056783224
0.5333139489337579 0.0006908676586915807
0.5384692289487223 0.0006941285501878045
0.5436267267624544 0.0006973759214334009
0.5487869146444133 0.0007006081842183419
0.5539494478087992 0.0007038267664342125
0.559122461778955 0.0007069842117116296
0.5642791228530708 0.0007102370471737827
0.569449923209639 0.0007134074049658112
0.5746218535973018 0.0007165705877050048
0.5798042079723444 0.0007196735482633101
0.5849699770956409 0.0007228732543903474
0.5901497252056629 0.0007259914178889208
0.5953388370608419 0.000729054960519245
0.6005111638178651 0.000732216414468128
0.6057054865735232 0.0007352495607235202
0.6108820397498338 0.0007383857776786583
0.6160806625472155 0.0007413938408066788
0.621261605152279 0.000744505036542337
0.6264642567974246 0.0007474895984794057
0.6316573400780037 0.0007505299748765671
0.6368452773625943 0.0007536003690459235
0.6420541192089466 0.0007565488221228059
0.6472529288761031 0.000759555211873773
0.6524548855317818 0.0007625438278434346
0.6576508113154453 0.0007655676232696518
0.6628673652482426 0.0007684710899814996
0.6680739576653014 0.0007714326644942184
0.6732833001845524 0.0007743781970315141
0.6784946869667916 0.0007773118049149992
0.6837077249746635 0.0007802351974986281
0.6889228528916291 0.0007831469824871679
0.6941397167580003 0.0007860486412855584
0.6993583125934801 0.0007889401971118212
0.7045786211041598 0.0007918217625117088
0.7098006225322582 0.0007946934527368929
0.7150242978573988 0.0007975553787375871
0.7202494009419951 0.0008004083929677747
0.7254845634449243 0.0008032033116317516
0.7307026461924213 0.0008060978604176235
0.7359341779588959 0.0008089139579981816
0.7411663931811425 0.0008117260688248392
0.7464080933226889 0.0008144828519467179
0.7516325945253008 0.0008173399604151285
0.7568702195374026 0.000820119931376706
0.7621168680982393 0.0008228478492365132
0.7673460868510595 0.0008256774391550131
0.7725966923882925 0.0008283822750659985
0.7778291614901658 0.0008311929049546729
0.7830828384188795 0.0008338798247362989
0.7883182972985896 0.0008366730145667018
0.7935746839309399 0.0008393435447040609
0.7987886688202082 0.0008422619972347035
0.8040716010683493 0.0008447782640434734
0.8093437674237034 0.0008473573307684684
0.8146125792057237 0.0008499559654873692
0.819798737631535 0.0008530367361470374
0.8250898216695255 0.0008555054517001831
0.8302861350024404 0.0008585264031400393
0.8356655634884227 0.0008604797853117294
0.8408436250425044 0.0008636077868770482
0.8460541391044227 0.0008665464855378792
0.8514404222687251 0.0008684598828023269
0.8566230835700477 0.0008715593030207581
0.8619214564234721 0.0008739895845057242
0.8671244641194011 0.0008769703195484413
0.8724299263780875 0.0008793534136813816
0.8777210955883827 0.000881819882436333
0.8830100488732775 0.000884305110420068
0.8882129598073387 0.0008872864098969028
0.893520759060868 0.00088965587180413
0.8988175175082311 0.0008920955704890983
0.904026025222235 0.0008950442226677844
0.9093385589794707 0.0008973860671314639
0.9146373400799366 0.0008998081339891952
0.9199341286708798 0.0009022476568397492
0.92514496714346 0.0009051827131702952
0.9304607262543918 0.0009075057434077945
0.9357654455131392 0.0009098990048582443
0.9409818932288783 0.0009128013411898508
0.9463023359285927 0.0009150970509822179
0.9516089874675409 0.0009174732077712324
0.9568321957595511 0.0009203419413432422
0.9621560678624537 0.0009226176466420394
0.9674662800862048 0.0009249730331417922
0.9727744139459542 0.0009273463764432053
0.9779964914473798 0.0009302158729466161
0.9833233866772275 0.0009324739436541455
0.9886368569872843 0.0009348103249909136
0.9938670616215699 0.0009376382472974148
0.9991980134350609 0.0009398726550242612
1.0045153408116896 0.0009421865372090755
1.0097491894335597 0.0009449932033021259
1.0151650480336247 0.000946732330313235
1.0203804976791204 0.000949640488616965
1.025628623935832 0.0009523580367699118
1.0309733784356272 0.0009545177634978508
1.0362989224620183 0.0009567837160843358
1.0416193542690824 0.0009590794894160368
1.0469397529130724 0.0009613812894243611
1.0521748236443162 0.0009641749934449229
1.057433601330036 0.0009668304093750511
1.0628657562037471 0.0009684744764928062
1.0680961538333786 0.0009713012730132861
1.0734363041515902 0.0009734820237571574
1.0787650651076017 0.000975729211257031
1.0840111758335294 0.0009784643496911069
1.089358237900985 0.0009806047826199887
1.0946917271637258 0.0009828243888247066
1.0999394238967302 0.0009855444424877295
1.1052927741777872 0.0009876540280565485
1.1106291618095376 0.0009898567274115827
1.11596127511684 0.0009920843598792482
1.1212123181035043 0.0009947907273077615
1.1265648644883495 0.0009968991689583073
1.131904076145231 0.000999085395128509
1.1371576072888416 0.0010017714153393658
1.1425168452878953 0.0010038466565017758
1.1478591400991842 0.0010060148979268006
1.1531157468716327 0.0010086829772908102
1.1585593530175693 0.0010102660797460632
1.163717840250058 0.001013506512839874
1.1691771842632388 0.0010149919794852683
1.174425543418744 0.0010177081690862665
1.1797872007346744 0.0010197692978197212
1.185133696314871 0.0010219130351984045
1.1903951587664139 0.0010245527902751279
1.1957625087417174 0.0010265807124237726
1.2011129648275727 0.001028701347266655
1.2064591490559575 0.0010308469008317087
1.2117219327175945 0.0010334789489876155
1.2170912882448306 0.0010354951722928933
1.2224440902996623 0.0010376021225619017
1.2277113958102586 0.0010402077937380447
1.233084386681611 0.0010422028112492103
1.238440373321712 0.0010442911851035884
1.2437106024451605 0.0010468798021769515
1.2490840534205923 0.0010488663025668948
1.254445499096665 0.0010509286658440728
1.259717949907511 0.0010535043233064322
1.2651752263922642 0.0010550018503182764
1.2704338261122121 0.0010576641375923148
1.2757219315464283 0.0010601484780542391
1.281185826454891 0.0010616073982860383
1.2864464496513008 0.0010642520489299956
1.291740807891598 0.0010667057485720158
1.297207344012353 0.0010681492620081242
1.302470613574398 0.0010707784757957423
1.3078489192195306 0.0010727424910152376
1.313212649985223 0.0010747856916129112
1.318491575900234 0.0010773235783109612
1.3238741740492 0.001079256721144482
1.3291635934210753 0.001081739230336197
1.3346322191173208 0.0010831705548002978
1.3398991139762355 0.0010857786214016874
1.3452815782715621 0.0010877183782629413
1.3505682813630777 0.0010902108989107526
1.355956964635169 0.0010921085458285898
1.3613308409888614 0.0010940925648897995
1.3667019848083548 0.0010960983566771156
1.371986534210789 0.0010986034402861744
1.3773754328375478 0.0011004998309909531
1.3827527669809374 0.0011024695132024263
1.3880413014836677 0.001104951350809517
1.3934333311773948 0.0011068294772841776
1.3988110818370085 0.001108790896632362
1.404186332111049 0.0011107727345306153
1.4094751019551293 0.0011132531993377584
1.4148682810390056 0.001115124621156665
1.4201685187825976 0.0011175440243105237
1.4256480483508334 0.0011189117439941135
1.4309258717765818 0.0011214560617643133
1.4363169594771872 0.001123339683100417
1.441617388627808 0.0011257579697332852
1.4470165956204255 0.0011275942293811005
1.452401211386542 0.0011295156029920744
1.4577831016473084 0.0011314587083282944
1.4630783655311888 0.0011339012919152078
1.4684779374339687 0.0011357354229585485
1.4737821843666818 0.001138125606365992
1.4792707874880833 0.0011394462311664505
1.4845544785889864 0.0011419563214447384
1.4899516351299926 0.0011438045418460114
1.4952581385891577 0.0011461873956471274
1.5006633945491696 0.0011479883702839224
1.5060540281461137 0.001149874640510589
1.5114396035977098 0.0011517904160565488
1.5167436472069102 0.0011541876187254121
1.5221487972843626 0.0011559892109993947
1.5275402616851856 0.0011578706349569172
1.5328480229225327 0.0011602461518500809
1.5382560455686196 0.0011620309877738667
1.543649971103303 0.0011638980553743948
1.5489576537193361 0.0011662681976548261
1.5544519988132564 0.001167555328215622
1.5597423228487592 0.0011700267270685397
1.5650651183081603 0.0011723087126752504
1.5704841537568548 0.0011740351416301591
1.575883537572727 0.0011758703698274684
1.5812773766062467 0.0011777379420090637
1.5866684618690687 0.0011796215775653073
1.5919789086258742 0.0011819814292089214
1.5973908833743824 0.0011837432116149219
1.6027079802855333 0.0011860584381576046
1.6081281698228231 0.0011877781350496312
1.6135301639382433 0.0011895981367723411
1.6189271078562886 0.0011914475974520056
1.6242400944981235 0.001193786800136193
1.629659216349447 0.0011955127250847886
1.6350613931168034 0.0011973316613569528
1.6404591444076235 0.0011991764124464625
1.6457756006092694 0.0012015012096231405
1.651193268479627 0.0012032297827465983
1.6565158813044416 0.0012055128337026518
1.661939169080659 0.0012072086246291888
1.6673493126094598 0.0012089869221876156
1.6727511834808713 0.0012108076428208275
2.918927911292302 -0.006025095310150748
3.291283789281904 -0.008163795451835565
2.926983395201736 -0.006005416818814947
2.7457028726936787 -0.004914634978079737
2.6325221119917757 -0.00422109463158855
2.553992720692335 -0.0037296778190492276
2.4960406400557744 -0.0033582990016501786
2.4514860623329824 -0.0030650708845686016
2.416234585479069 -0.0028261040505041276
2.3877683452105884 -0.0026267228873728954
2.3644190286885074 -0.002457189911387144
2.3450440363569793 -0.002310840077870525
2.3288255659634203 -0.0021828971259128392
2.3151698682745003 -0.0020699092468229974
2.303622045663781 -0.001969217085420485
2.293832628093176 -0.001878776269773266
2.2855322050652838 -0.0017970269332570226
2.2785016038266352 -0.0017226847578174682
2.272565291170981 -0.0016547258180943686
2.267578941101224 -0.0015923023942909277
2.263425637557516 -0.001534744154733219
2.2600053941810163 -0.0014814620228808767
2.2572343809064144 -0.0014319611655508112
2.2550427663078114 -0.0013858459065135486
2.2533694838058036 -0.001342754197208407
2.2521624368601003 -0.0013023821465943488
2.2513764084446404 -0.0012644601601822423
2.2509723814568776 -0.0012287723087421492
2.2509157933594057 -0.001195111147855395
2.251176467930472 -0.00116329481948628
2.251727585989485 -0.0011331785476749268
2.2525454571373533 -0.0011046183076733824
2.25360896499911 -0.0010774909228342862
2.254899478477549 -0.0010516818804753667
2.256399613089007 -0.0010271014393828993
2.25809434097855 -0.0010036561054113055
2.259970255636947 -0.0009812618420955333
2.2620142534403573 -0.0009598538794568141
2.264215352213064 -0.0009393623227222341
2.2665632747166917 -0.0009197272224085817
2.269049093583437 -0.0009008906699077069
2.2716633681796896 -0.0008828092623010782
2.2743986704964367 -0.0008654338370835211
2.277248300550186 -0.0008487194784892824
2.2802046292609504 -0.0008326333508066643
2.2832620341656824 -0.0008171368236932549
2.2864148725614335 -0.0008021969819715135
2.2896585006165804 -0.0007877809038800757
2.29298694744252 -0.0007738654263170212
2.2963962864168277 -0.0007604218111663981
2.29988296481738 -0.000747423501358195
2.303441881704787 -0.0007348524084033655
2.30707002440281 -0.0007226851254431776
2.310764018243912 -0.0007109019672696309
2.3145213726348857 -0.0006994825724537797
2.318337822024274 -0.0006884137255155374
2.3222112550126752 -0.0006776772769501998
2.326139772092125 -0.0006672563132643032
2.330119565109676 -0.0006571402870879091
2.3341490301795 -0.0006473140093591634
2.338226016031985 -0.0006377649312300936
2.3423492220303945 -0.0006284796325601757
2.3465152951343615 -0.0006194502207553123
2.350723150877256 -0.0006106645366446635
2.3549718342511525 -0.0006021111762196128
2.3592582495142604 -0.0005937837477675564
2.36358161477356 -0.0005856718570987414
2.367940489081464 -0.0005777670988361702
2.3723342787360266 -0.0005700601765516857
2.3767601510429266 -0.0005625462329487535
2.3812176429843372 -0.0005552167339096111
2.3857063754652916 -0.0005480636348577436
2.390223668212368 -0.000541082967602586
2.394769249044863 -0.0005342673112229987
2.3993421139202056 -0.0005276108089088706
2.4039421137961607 -0.000521106758033955
2.4085667275429383 -0.0005147521187288796
2.4132158889222293 -0.0005085406713816337
2.4178895887624137 -0.0005024665292632034
2.4225853999353983 -0.000496527200837696
2.4273033821991064 -0.0004907172014578908
2.4320428130109057 -0.00048503231636729297
2.4368038362669733 -0.00047946755171639297
2.4415841246212153 -0.00047402099802052003
2.4463838764897066 -0.0004686879794571789
2.451203330647056 -0.00046346405562452
2.456040219578391 -0.00045834766604701735
2.4608948281003435 -0.00045333463889647436
2.4657666221012597 -0.00044842185857736145
2.4706559459971817 -0.00044360550091845674
2.475560596609675 -0.0004388843807334235
2.480480955416576 -0.0004342548900409646
2.4854174333879993 -0.00042971359289495825
2.4903678663763387 -0.0004252595317848709
2.4953326970309195 -0.00042088945555664517
2.5003115214696727 -0.0004166010082737909
2.5053048258629236 -0.00041239119265019497
2.510310488452559 -0.0004082592984429409
2.5153290212906523 -0.0004042024793401035
2.5203609585851066 -0.00040021801826981647
2.5254042045226957 -0.00039630535633157146
2.5304593156628545 -0.0003924619068350907
2.5355259806067156 -0.0003886858533195385
2.5406047885301977 -0.00038497479935399993
2.5456936720052123 -0.00038132835161503635
2.5507932387021377 -0.00037774422155418814
2.5559041133331153 -0.00037422022003147403
2.561024245953071 -0.00037075605570586594
2.566154277387813 -0.0003673496334320952
2.571293963468504 -0.00036399952891747866
2.5764439700190565 -0.0003607037928364043
2.5816022663157856 -0.00035746224597060794
2.586769531662652 -0.0003542730176267083
2.591946458740802 -0.00035113431514346776
2.5971310287106064 -0.00034804602862506805
2.602323946088342 -0.00034500643444731517
2.6075250165806043 -0.0003420143992523009
2.6127349642400617 -0.00033906831337612305
2.617951783324571 -0.0003361681433235221
2.623176207882562 -0.0003333123377381506
2.6284089826499404 -0.0003304994076061145
2.6336481099920217 -0.0003277293667248526
2.6388943434796825 -0.00032500077761688444
2.644147526485762 -0.000322312726640164
2.64940842811232 -0.00031966386691414266
2.6546750596570607 -0.0003170542643409287
2.6599481977465853 -0.0003144826159323577
2.665228627678765 -0.00031194766928180123
2.6705143662702735 -0.00030944952248474394
2.675806205508964 -0.000306986962158743
2.68110401766568 -0.0003045592432304108
2.6864086072629743 -0.00030216522543504104
2.6917179971755214 -0.0002998050422058572
2.6970329976657155 -0.0002974775867599925
2.702354426127524 -0.0002951817939146651
2.7076803091569097 -0.0002929178188102118
2.713011469277655 -0.0002906846261872374
2.718347801245269 -0.00028848160213055916
2.7236901378361793 -0.0002863077711867966
2.729036509697064 -0.00028416331212505094
2.73438775403441 -0.0002820472753334919
2.7397447139908557 -0.00027995874582724883
2.7451054226726708 -0.0002778979167227471
2.7504707272000086 -0.00027586389623688283
2.7558405400448844 -0.0002738561737988793
2.7612157168142666 -0.00027187390713114055
2.7665942932502734 -0.0002699173047256123
2.77197712841477 -0.0002679855444579207
2.777365086363867 -0.0002660778333362382
2.7827562044065797 -0.0002641943889926066
2.788151349713731 -0.0002623344366040157
2.793550448876374 -0.00026049754795927544
2.798954376166055 -0.00025868298965557455
2.8043611705235243 -0.00025689098884320005
2.8097717089397793 -0.0002551208279825074
2.815186872647992 -0.0002533718142793774
2.8206047015206863 -0.0002516441803193931
2.8260260792516743 -0.00024993724766194574
2.8314509438005953 -0.0002482506544114147
2.8368801848598526 -0.00024658375711833106
2.8423118432180186 -0.00024493679371179005
2.8477468107257895 -0.00024330913333212267
2.853185982868304 -0.0002417001663202632
2.8586274009127184 -0.00024011013339696603
2.864071962303443 -0.00023853843633199882
2.869519614240339 -0.00023698476713007857
2.8749712592797003 -0.00023544855737976281
2.880424939093844 -0.00023393005016521799
2.8858815579646464 -0.00023242868714071834
2.891342023312033 -0.00023094392826551974
2.896804376963509 -0.00022947601752900445
2.902269527910015 -0.00022802442405453252
2.907737430926458 -0.0002265888840337732
2.9132089993946373 -0.00022516889220294332
2.918682275183121 -0.00022376469279097405
2.9241581730624215 -0.00022237578863476396
2.9296376105316213 -0.00022100169848757824
2.9351186293844975 -0.00021964266614210373
2.940602148387738 -0.00021829821774580854
2.946088128575301 -0.0002169681260008963
2.9515774925126763 -0.00021565193921410596
2.9570682817766514 -0.00021434989991238516
2.96256142005687 -0.00021306156295994704
2.9680578334307146 -0.00021178649714925026
2.9735555632379533 -0.00021052494362460683
2.9790555365844433 -0.00020927647717783744
2.9845577197135302 -0.00020804090089863672
2.9900630430393687 -0.00020681780887682775
2.9955695475037896 -0.00020560743993547998
3.00107816443567 -0.0002044093935002585
3.0065898272656266 -0.00020322328125667216
3.0121025765855975 -0.00020204933998680644
3.017617346664773 -0.0002008871862678047
3.0231341081114245 -0.00019973664865097075
3.0286537980932895 -0.00019859736062137376
3.0341744566797786 -0.0001974695559130244
3.039697021786365 -0.00019635287237268687
3.0452224331884192 -0.00019524695869630127
3.0507487305287473 -0.00019415204612944592
3.056276854269427 -0.00019306778737377878
3.0618067786989105 -0.00019199403244797594
3.0673394468329693 -0.0001909304489499698
3.0728728977085904 -0.00018987726459146034
3.078408074955215 -0.0001888341505500596
3.083945923856275 -0.00018780078765151602
3.0894844829720007 -0.00018677740082648624
3.0950246981502882 -0.00018576367419333102
3.100566546800458 -0.0001847594759754723
3.1061109770318023 -0.0001837645034825197
3.1116560267458073 -0.00018277897780252667
3.1172026445571515 -0.00018180259919314237
3.1227517805580813 -0.00018083507653103283
3.128301472142672 -0.0001798766279443905
3.133852669868645 -0.00017892696502508132
3.1394053538061915 -0.00017798597151798533
3.14496047652508 -0.0001770533707516902
3.1505160747300156 -0.00017612937683316566
3.1560731014081984 -0.00017521371552596798
3.1616325108723284 -0.00017430612032563153
3.1671923393033694 -0.0001734068022839967
3.1727535413989045 -0.00017251549714170856
3.1783160995092654 -0.00017163210194418686
3.183880970130078 -0.00017075636292047966
3.189446188738673 -0.0001698884870179851
3.1950127121762932 -0.00016902822248179264
3.2005814984778986 -0.0001681753245201919
3.206150582591219 -0.00016732999699132413
3.211720922870157 -0.00016649199696395505
3.21729250362816 -0.00016566123293484546
3.222866284832481 -0.00016483747138380304
3.228440300724893 -0.00016402091205093764
3.23401551155934 -0.00016321132308840832
3.2395928786686756 -0.00016240847894188844
3.2451704357668447 -0.00016161257627256628
3.250749144451447 -0.00016082339107042527
3.256328990733623 -0.00016004084173524782
3.261910937664082 -0.0001592647127333801
3.267493018257129 -0.00015849519664480377
3.2730761958016164 -0.00015773207932500989
3.2786614345648264 -0.0001569751523368649
3.2842467670404947 -0.00015622460522377336
3.289833157715906 -0.00015548023083192407
3.295420594076477 -0.00015474195616091026
3.3010100419229165 -0.00015400958171842997
3.3065995330618048 -0.0001532832930395452
3.3121900334918255 -0.00015256289178679273
3.317782510101745 -0.00015184818481478403
3.3233749941887307 -0.00015113935468703864
3.3289684528244745 -0.00015043620932521764
3.3345628747797065 -0.00014973868322639525
3.3401592283171997 -0.00014904659126010556
3.345755544063792 -0.00014836011207965791
3.351352790446878 -0.00014767906151485856
3.356951936705965 -0.00014700326013268483
3.362551012972302 -0.00014633288369563484
3.368150988637492 -0.00014566775365787904
3.373751853596966 -0.00014500781107721505
3.3793545783258097 -0.00014435288372801412
3.384957192304711 -0.0001437031435778882
3.3905606661455767 -0.0001430584191993724
3.3961659712033043 -0.00014241854349902416
3.40177113647864 -0.00014178368564482668
3.4073771334528455 -0.00014115367928047403
3.4129839530090127 -0.0001405284712249235
3.418592567616864 -0.00013990790088778564
3.4242010056482606 -0.00013929213376861945
3.4298102396865335 -0.00013868100993971705
3.4354212429965294 -0.00013807437344880827
3.4410320434869117 -0.00013747238709352854
3.4466436145273747 -0.0001368748955331794
3.452255947871162 -0.0001362818506625768
3.4578700177921977 -0.00013569310241561122
3.4634838515930735 -0.00013510881005455885
3.469098423641851 -0.00013452882406245252
3.4747147089332397 -0.0001339529985777103
3.480330734324001 -0.00013338149026198117
3.4859474748956316 -0.00013281415375991382
3.4915649231704524 -0.00013225094545249417
3.4971840550592557 -0.00013169172482188204
3.5028028968361014 -0.00013113664513065743
3.5084224244895683 -0.00013058556631473383
3.5140436145857663 -0.00013003835167883074
3.519664492970522 -0.00012949515198760203
3.525286036281539 -0.00012895583096340783
3.5309082377228957 -0.00012842034896409356
3.5365320746947173 -0.00012788857415940954
3.5421555724836153 -0.00012736065405195466
3.5477797085537315 -0.00012683645718491107
3.5534054609026082 -0.0001263158552128793
3.5590308544061973 -0.00012579899324302888
3.5646568671208385 -0.00012528574327294253
3.570283492856694 -0.000124776069195873
3.5759117103726368 -0.00012426984710747356
3.5815395440087077 -0.0001237672189887576
3.587167972576177 -0.00012326806124105357
3.5927979753799786 -0.00012277225314525985
3.598427576366827 -0.00012227993438808021
3.604057754889645 -0.00012179098453036648
3.6096885052988554 -0.0001213053706168473
3.6153208075961363 -0.00012082297599272588
3.62095268521516 -0.00012034393735200103
3.6265851182001914 -0.00011986813828828473
3.6322190870532456 -0.00011939546506536288
3.637852614831637 -0.0001189260521818203
3.6434866820762277 -0.00011845978612809539
3.6491212836202873 -0.00011799663676541606
3.6547574006049963 -0.00011753649408601563
3.660393055596927 -0.00011707948972583784
3.6660292297715404 -0.00011662551387706731
3.671666904729552 -0.00011617445921244646
3.677304102677633 -0.0001157264552685841
3.682941805247614 -0.00011528139489974543
3.6885800077053386 -0.00011483925049049326
3.6942196922392085 -0.00011439991814171607
3.6998588805867527 -0.0001139635246534018
3.7054985549636204 -0.00011352996628533865
3.7111396979811886 -0.00011309914160574175
3.716780331033023 -0.00011267117540813393
3.722421436755061 -0.00011224596640400662
3.7280630108016144 -0.00011182348924393259
3.733706036325591 -0.00011140364565499739
3.7393485342722492 -0.00011098655781564639
3.744991487815767 -0.00011057212757705577
3.750635880499223 -0.00011016025894220786
3.7562797329392215 -0.00010975107217248892
3.7619240286978393 -0.00010934447138171914
3.767568763779021 -0.00010894043325998758
3.7732149222258613 -0.00010853886472702592
3.7788605242266833 -0.00010813988354595404
3.7845065538407976 -0.00010774339673106409
3.7901539954719166 -0.00010734931330563115
3.7958008689944247 -0.00010695774920151207
3.8014481588263163 -0.00010656861352529841
3.8070958612869052 -0.00010618188480669985
3.8127449612425064 -0.00010579747476746741
3.818393478158418 -0.00010541549695313799
3.824042396912869 -0.00010503586315496608
3.8296927027061205 -0.00010465848704267578
3.8353424147036073 -0.0001042834804126635
3.8409925181158737 -0.0001039107569946157
3.846643009547277 -0.00010354029698098999
3.852294874626864 -0.00010317201654271889
3.8579461321293333 -0.00010280602519692726
3.863597767692001 -0.00010244223916279194
3.869250767253728 -0.00010208057641845157
3.8749031493028046 -0.00010172114481034257
3.8805558997849676 -0.00010136386235675492
3.886209015562736 -0.00010100871075600991
3.891863482973111 -0.00010065561030875162
3.89751732013117 -0.00010030466668432311
3.903171513379096 -9.995580021358219e-05
3.9088270493418253 -9.960893287671072e-05
3.914481945860846 -9.926416874719442e-05
3.9201371895650947 -9.892142982857086e-05
3.9257927775513295 -9.858069918553737e-05
3.9314496968148145 -9.824190095852488e-05
3.937105964840514 -9.790513714132226e-05
3.942762568626259 -9.757033188929616e-05
3.948420495435352 -9.723741090636676e-05
3.9540777624913925 -9.690647466175311e-05
3.95973535705925 -9.657744886850878e-05
3.965393276448607 -9.625031783341258e-05
3.9710525082677925 -9.592500927298791e-05
3.9767110693997783 -9.560162166949401e-05
3.982369947453236 -9.528008274146659e-05
3.9880301302864005 -9.496032166321123e-05
3.993689634532517 -9.46424354602629e-05
3.999349448049328 -9.432635330403471e-05
4.005009568340419 -9.401206063238822e-05
4.0163317100937235 -9.338873202647478e-05