0.005309090999999988 0.0
0.004189099987373046 0.0012713473058401426
0.004251073445487585 0.002022677454495967
0.0048266590954718636 0.002548038753391157
0.005778741985638991 0.0029077563046322834
0.007033847742926813 0.003134155897658349
0.008499370270505513 0.0032679805162083046
0.010137236163966001 0.003325980937496901
0.011903307008457209 0.0033275758611250573
0.013774300194248523 0.0032830095853420053
0.01577052104487431 0.0031833481388664213
0.017822454837779778 0.003059175223070169
0.019967507815198737 0.0028940335854478905
0.022155356157798956 0.002710063696475421
0.024419939457316464 0.0024923334914014805
0.02670119172775265 0.002267269604914262
0.029027806809426182 0.0020222478933608363
0.03139198949941535 0.0017606979346712856
0.03377040120398689 0.0014928877778998216
0.036195924171477545 0.001204350547158649
0.0386019938631611 0.0009243719807712583
0.04104974510127268 0.0006260551987969682
0.04348372652007759 0.00033379658732437184
0.04592958443508266 3.631279189394289e-05
0.04840201081546158 -0.0002728600671051963
0.05083713103626086 -0.0005656197059693227
0.05328550657480813 -0.0008642111551996057
0.055730999626582456 -0.0011615344253818438
0.05824138964298908 -0.0014874097678923082
0.060769186379133755 -0.0018209438117896151
0.06307047886376105 -0.0020548245920760494
0.06522740697446916 -0.0022251908140298276
0.06757566518294489 -0.0024797346369079833
0.06966116934313893 -0.002618677173445935
0.0715555768543128 -0.0026735448171839606
0.07339668578094483 -0.0027049632125718875
0.07518916054676228 -0.0027149845197436255
0.0767352459464603 -0.002616604347089616
0.07821491354833177 -0.0024890029962468907
0.07979230539604731 -0.0024043964102806424
0.08131243097216967 -0.002294594952138782
0.08261276905540815 -0.0020880957758645604
0.08385913304309045 -0.001857850153375223
0.08374464968226791 -0.0010288860524130278
0.08403182827570388 -0.00037663716817090004
0.08421190977631798 0.00032273015924818866
0.08500602240665556 0.0007519483151773144
0.08582121749652594 0.0011718914709460777
0.08646419712830344 0.0016676021096979946
0.08763740789027896 0.0019300322296173294
0.08858200198575206 0.0022930445514068643
0.08935500732672508 0.002731549071590489
0.09067799546988997 0.0029280831261841406
0.09148598331538926 0.0033511967416448994
0.09293325957935361 0.0034930489873942383
0.09396168485526768 0.0038191789381688736
0.09514171988669984 0.004078606652101782
0.09659327043252397 0.004218578384555812
0.09690889230293842 0.004858313363006745
0.0988335161878292 0.00479015172173359
0.10000482961989221 0.005053416591031352
0.10126358711925265 0.005278209563403096
0.10280114835915632 0.00538034002589527
0.1067748712054375 0.0044106566865771465
0.11065708915123074 0.003481231848591447
0.11483174864730361 0.0024231444091625007
0.12113924567420165 0.0004266932058573775
0.12784334188750557 -0.0017442453585694482
0.13319344712626358 -0.0033194819752084734
0.13896640975578245 -0.005080758954042057
0.1416544526484994 -0.005484794466330396
0.14760268317255487 -0.00732318231822219
0.15173587691910673 -0.008363026484083921
0.15581394779866387 -0.009378618790181644
0.16038207617965983 -0.01060981682307011
0.16291884427735515 -0.010947297467756106
0.1673962282183793 -0.012138571571565056
0.17110832164478518 -0.01299314841612207
0.17468706493573738 -0.013789056527341017
0.17821053137467102 -0.014560645031536024
0.1816825371919658 -0.015309592917646529
0.18510453235839608 -0.016036538114898448
0.18847270680626316 -0.016739804345686005
0.18952648234167768 -0.016424827496553256
0.16632587379524633 -0.0054388904183143095
0.14380514269568045 0.005247927738921109
0.13135986848339587 0.011501947298944201
0.14109169816417444 0.007998926502386029
0.14849475664570877 0.005520472457839691
0.1784295271384605 -0.0068710349115832375
0.22623364885524533 -0.02712434308320874
0.23875362367924235 -0.03185403593892542
0.22842759054068595 -0.026532397804764508
0.21715556887818244 -0.020794562504674114
0.20442814580240098 -0.014416408714282415