0.001769696999999959 0.0
-0.019806758989101336 0.010271374824801147
-0.03159718432246461 0.016237287034026875
-0.03885273844397086 0.020208037041542996
-0.04370623779916305 0.02312197889458379
-0.04647556964565325 0.02511897028946799
-0.047428582459120294 0.026316853857109326
-0.04709897888553638 0.026950437444621868
-0.04568993980266278 0.027109112522784275
-0.04347375711277257 0.026912676652732705
-0.040589678545152386 0.026422392833570087
-0.0368774087073338 0.025567738375037764
-0.03281576817627718 0.024559374766020495
-0.02813209655750204 0.023277342323529012
-0.023175200620900505 0.021875102094300457
-0.017700611564438584 0.020245097569995638
-0.01212851813182203 0.018572195014695658
-0.006253365090420515 0.016765958336315917
-0.00012776093190292048 0.014849533169906098
0.006085516460130891 0.012894535282587216
0.012620193770986998 0.01079813426831951
0.019007747540717768 0.008766461735748859
0.02568084521539049 0.006609161290178289
0.032249019381442756 0.004498022997553377
0.038894116207639606 0.002353041806904253
0.04572054200795417 0.0001282831102725322
0.05227802043059737 -0.001978149482461024
0.05892398040984359 -0.004123510425975864
0.06554496626382833 -0.006257883751890409
0.07261982361325436 -0.00859194240729564
0.07981368330337557 -0.010978357339423695
0.08540514153491141 -0.012659780072740769
0.0899742719945783 -0.013891418980219483
0.09589094436218315 -0.015715922503766674
0.09995008167075814 -0.016723184794875598
0.10265770219214221 -0.017135833681809168
0.10498667988570232 -0.01738189484822541
0.10697010455260958 -0.017475926484969175
0.10721220631356232 -0.016803845594890114
0.1069835084508377 -0.01592463167503861
0.10744278447407207 -0.015348098786004332
0.10749609682896455 -0.014592958097872031
0.10599634056488083 -0.013154529249947925
0.10411405837438092 -0.011547804273224306
0.09262435015644899 -0.005714195583566481
0.08396853876574506 -0.0011273883065809236
0.07455545841184885 0.003792587067425563
0.06947549492057636 0.0068061640949270375
0.0645431791759079 0.009754782011258735
0.058394151725798094 0.01323870492013111
0.055986876274889186 0.01507640596219071
0.05196484732652207 0.017624534046761033
0.046730661082703184 0.02070596292542859
0.04537780826025872 0.022079760126638436
0.04038880280295598 0.025053319252232652
0.03991160414188577 0.026041863597754768
0.036477029578768305 0.028331535216877136
0.034111895220240274 0.03015069586148563
0.03366262696400979 0.03112695194447261
0.025194355029006466 0.03563124935163773
0.028083089358730495 0.035138917623069595
0.025653710080686176 0.03698634346619927
0.023840980411848567 0.03856246811145332
0.023995698525966724 0.039272994315868046
0.04134629557927871 0.03241802062362672
0.058050441223585936 0.02584745973083066
0.07681836602195002 0.018368918441571663
0.1106411163801615 0.004266855224765263
0.1472629392053343 -0.01106668851710824
0.1743266890161025 -0.0221950614605649
0.2043748778937614 -0.034636468389197775
0.2126467367625432 -0.03749715990256893
0.2439312729051487 -0.05048251024568277
0.26240338678942743 -0.05783090654800298
0.28048601354590164 -0.06500794407095666
0.30202749801154816 -0.07370674083249446
0.30922960924931864 -0.07609678611600534
0.3301298374988896 -0.08451345575548073
0.3456276784685849 -0.09055329077358407
0.36018389845771803 -0.09617885017039918
0.37434961321059446 -0.1016326028607942
0.3881517705962475 -0.10692640483079362
0.4016006150568264 -0.1120647632257605
0.414669260955821 -0.11703584943949463
0.4114006943329339 -0.11481921468339612
0.2369244398699294 -0.037278035643092435
0.0672470574287628 0.03815183138381185
-0.03130970818794976 0.08229146770263995
0.026677579223172376 0.05755797336079512
0.06822617008888565 0.04005684846570695
0.26882193776166796 -0.047418681133363
0.5955540744206104 -0.19038917495634983
0.6732214230976951 -0.22378111019559294
0.5896226175109515 -0.18622237884016193
0.4993460359203469 -0.14572569276629246
0.3987958281761549 -0.10070902153329891
0.3140864514745719 -0.06266168324569209