0.005714285999999902 0.0
0.005461193563212063 0.00017404536151050906
0.006955873560967163 0.0002971151152043493
0.00922485384326599 0.0003976012235018881
0.011955430488766794 0.0004846246373803872
0.01500094772892524 0.0005624621568066977
0.018279035027422452 0.0006335167960417401
0.021737915203447145 0.0006992984041447924
0.025342259031363668 0.0007608371067428973
0.029067489468092234 0.0008188503047408167
0.032894658236301666 0.0008738900630042127
0.03680960070038708 0.0009263700926602491
0.0408013082900478 0.0009766108879345802
0.0448605053722364 0.0010248835666008564
0.04897989248941137 0.0010714004423673256
0.0531535494681048 0.001116334767189741
0.057375431441084146 0.0011598625548759156
0.06164297867294799 0.0012020570047303824
0.06595040425438192 0.0012430901068604923
0.07029546541199849 0.0012830255243494273
0.07467605129000177 0.0013219248227216893
0.07908776771904158 0.0013599161629542326
0.08352957281809203 0.001397029932699089
0.08800021149706438 0.0014333027380948916
0.09249580974063143 0.0014688446526167176
0.09701643664365456 0.0015036594942626502
0.10156107609653908 0.0015377739824173654
0.10612656105856466 0.0015712804874469634
0.11071288823082881 0.0016041791055677896
0.11531888374127774 0.0016365040741014806
0.11994434741296978 0.0016682612314374314
0.12458627561249358 0.0016995352653664747
0.12924549866543877 0.0017303077917215275
0.13392166074645928 0.0017605862719415465
0.1386121798728457 0.0017904460125064087
0.14331757169185266 0.0018198719739740672
0.14803793876732207 0.0018488611649526458
0.1527708135397461 0.0018774855546385442
0.15751661368396697 0.001905730044452661
0.16227604603709267 0.0019335798519107927
0.16704644138756208 0.0019611099110077948
0.171828557168487 0.0019882981303404024
0.17662188662698952 0.0020151592899359215
0.18142682796591636 0.002041681775752907
0.18624113510809082 0.0020679310972020223
0.19106623270438838 0.002093862786096014
0.19590032515361067 0.0021195350464272597
0.20074395442188653 0.0021449291545189058
0.20559674999359423 0.002170055916883085
0.21045922257571803 0.002194900438166344
0.21532922899008433 0.002219525226612185
0.22020688177627612 0.0022439269998749665
0.225093491273487 0.0022680646237983443
0.2299881138728903 0.0022919714530423214
0.2348984440932771 0.0023154201515479976
0.23979750754459417 0.0023391974582648305
0.24471563531947282 0.002362418732171986
0.24964802770288408 0.002385223962450116
0.254568369934713 0.002408380649186606
0.2595069244745023 0.002431003236508868
0.26445945493719947 0.0024532211166630974
0.2693993772449179 0.002475806728083221
0.27436537262157934 0.002497631888615364
0.2793177861591811 0.0025198531790237935
0.2842958350103384 0.0025413267861809858
0.2892599709673629 0.0025632061788144257
0.2942492268610337 0.0025843500031394826
0.29922457491639065 0.002605902382096402
0.3042249768947851 0.002626724034721844
0.3092190843218745 0.0026477292751381862
0.31421123375803894 0.0026687916226000876
0.31922739055232796 0.00268915376799366
0.3242367626160494 0.002709713797817182
0.3292517179059047 0.0027301080698478534
0.33427195672927823 0.0027503511581926043
0.33929692004916845 0.0027704564511908465
0.34431834570109743 0.002790664924322811
0.34936293349154823 0.0028101978471832736
0.35440006613236186 0.002829948208012851
0.3594424077704481 0.002849546642477052
0.3644889742898272 0.002869018936829888
0.3695400470212551 0.0028883627189667826
0.37460333317455685 0.0029073502826804203
0.3796519558422524 0.0029267655237294092
0.3847163583618336 0.0029457205273432127
0.389783713178975 0.002964589423820743
0.3948546246084632 0.002983354587629736
0.3999289394347798 0.003002017570861753
0.40501528252810637 0.003020332652538408
0.41008649084046844 0.0030390891574187586
0.41517305832430473 0.00305739769448939
0.42027032313903234 0.003075394231665023
0.4253520987611754 0.0030938425288646893
0.43045713286169907 0.003111612465930587
0.4355456304479617 0.0031298617927412536
0.44065739839668616 0.003147435329419687
0.44575266052236096 0.0031654902773128957
0.45087077923952457 0.0031828785865634325
0.45597230993183224 0.0032007507045384797
0.46109659963752847 0.0032179590298477665
0.4662042050829829 0.0032356539706966756
0.4713342501435349 0.003252691517882022
0.47645593984732315 0.003269975675221734
0.48158150659235766 0.0032871467542175538
0.4867020577773875 0.0033044641177595526
0.49184419887066255 0.0033211517869249567
0.496977311377373 0.003338102785147767
0.5021140838295555 0.0033549470368732493
0.5072535633982085 0.003371709415835121
0.5123960704424455 0.0033883864116219732
0.5175412056198212 0.003404986754898804
0.5226889364615825 0.0034215113926539076
0.5278392217039851 0.003437961528391612
0.5329920225573304 0.0034543382934579038
0.5381473025722947 0.0034706427509390227
0.5433048003860268 0.0034868796071670046
0.5484649882679857 0.003503040921091709
0.5536275214323716 0.0035191338321710623
0.5588005354025274 0.003534921058558148
0.5639571964766432 0.0035511852358689135
0.5691279968332115 0.0035670370248290562
0.5742999272208742 0.003582852938525024
0.5794822815959169 0.0035983677413165506
0.5846480507192133 0.003614366271951737
0.5898277988292353 0.0036299570894446037
0.5950169106844143 0.003645274802596225
0.6001892374414375 0.0036610820723406395
0.6053835601970956 0.0036762478036176014
0.6105601133734062 0.0036919288883932914
0.6157587361707879 0.0037069692040333935
0.6209396787758514 0.003722525182711685
0.626142330420997 0.0037374479923970288
0.6313354137015761 0.003752649874382835
0.6365233509861667 0.003768001845229617
0.641732192832519 0.0037827441106140294
0.6469310024996755 0.0037977760593688645
0.6521329591553542 0.003812719139217173
0.6573288849390178 0.003827838116348259
0.662545438871815 0.0038423554499074984
0.6677520312888738 0.003857163322471092
0.6729613738081248 0.0038718909851575703
0.678172760590364 0.003886559024574996
0.6833857985982359 0.0039011759874931404
0.6886009265152016 0.003915734912435839
0.6938177903815728 0.003930243206427792
0.6990363862170526 0.003944700985559106
0.7042566947277322 0.003959108812558544
0.7094786961558306 0.0039734672636844645
0.7147023714809713 0.0039877768936879355
0.7199274745655675 0.004002041964838873
0.7251626370684967 0.004016016558158758
0.7303807198159937 0.0040304893020881175
0.7356122515824683 0.004044569789990908
0.7408444668047149 0.004058630344124196
0.7460861669462613 0.0040724142597335896
0.7513106681488733 0.004086699802075643
0.756548293160975 0.00410059965688353
0.7617949417218117 0.004114239246182566
0.767024160474632 0.004128387195775065
0.772274766011865 0.004141911375329993
0.7775072351137382 0.004155964524773364
0.7827609120424519 0.004169399123681495
0.787996370922162 0.004183365072833509
0.7932527575545123 0.004196717723520304
0.7984667424437806 0.004211309986173518
0.8037496746919217 0.004223891320217367
0.8090218410472758 0.004236786653842342
0.8142906528292961 0.004249779827436846
0.8194768112551074 0.004265183680735187
0.8247678952930979 0.004277527258500916
0.8299642086260128 0.004292632015700197
0.8353436371119951 0.004302398926558647
0.8405216986660768 0.004318038934385241
0.8457322127279951 0.004332732427689396
0.8511184958922975 0.004342299414011635
0.8563011571936201 0.00435779651510379
0.8615995300470445 0.004369947922528621
0.8668025377429736 0.004384851597742207
0.8721080000016599 0.004396767068406908
0.8773991692119552 0.004409099412181665
0.8826881224968499 0.00442152555210034
0.8878910334309111 0.004436432049484514
0.8931988326844404 0.00444827935902065
0.8984955911318036 0.004460477852445492
0.9037040988458074 0.004475221113338922
0.9090166326030431 0.00448693033565732
0.914315413703509 0.004499040669945976
0.9196122022944522 0.004511238284198746
0.9248230407670324 0.004525913565851476
0.9301387998779642 0.004537528717038972
0.9354435191367116 0.0045494950242912216
0.9406599668524507 0.004564006705949254
0.9459804095521651 0.004575485254911089
0.9512870610911133 0.004587366038856162
0.9565102693831236 0.0046017097067162106
0.9618341414860261 0.004613088233210197
0.9671443537097772 0.004624865165708961
0.9724524875695266 0.004636731882216027
0.9776745650709522 0.00465107936473308
0.9830014603007999 0.004662369718270727
0.9883149306108567 0.004674051624954568
0.9935451352451423 0.004688191236487074
0.9988760870586333 0.004699363275121306
1.004193414435262 0.004710932686045378
1.0094272630571322 0.004724966016510629
1.0148431216571971 0.004733661651566175
1.0200585713026928 0.004748202443084825
1.0253066975594045 0.004761790183849559
1.0306514520591996 0.004772588817489254
1.0359769960855907 0.004783918580421679
1.0412974278926548 0.004795397447080184
1.0466178265366448 0.004806906447121805
1.0518528972678887 0.004820874967224615
1.0571116749536085 0.004834152046875256
1.0625438298273195 0.004842372382464031
1.067774227456951 0.00485650636506643
1.0731143777751626 0.004867410118785787
1.0784431387311741 0.004878646056285155
1.0836892494571018 0.004892321748455534
1.0890363115245574 0.004903023913099944
1.0943698007872982 0.004914121944123532
1.0996174975203026 0.004927722212438647
1.1049708478013596 0.004938270140282743
1.11030723543311 0.004949283637057913
1.1156393487404124 0.004960421799396241
1.1208903917270767 0.0049739536365388075
1.1262429381119219 0.0049844958447915364
1.1315821497688034 0.004995426975642545
1.136835680912414 0.005008857076696829
1.1421949189114677 0.005019233282508879
1.1475372137227566 0.005030074489634003
1.152793820495205 0.005043414886454051
1.1582374266411417 0.005051330398730316
1.1633959138736305 0.00506753256419937
1.1688552578868112 0.005074959897426342
1.1741036170423165 0.0050885408454313325
1.1794652743582468 0.005098846489098606
1.1848117699384435 0.005109565175992022
1.1900732323899863 0.0051227639513756395
1.1954405823652898 0.005132903562118863
1.200791038451145 0.005143506736333275
1.20613722267953 0.005154234504158544
1.211400006341167 0.005167394744938078
1.216769361868403 0.0051774758614644666
1.2221221639232347 0.005188010612809509
1.227389469433831 0.005201038968690223
1.2327624603051834 0.005211014056246051
1.2381184469452844 0.005221455925517942
1.243388676068733 0.005234399010884757
1.2487621270441647 0.005244331512834474
1.2541235727202373 0.005254643329220364
1.2593960235310835 0.005267521616532161
1.2648533000158366 0.005275009251591382
1.2701118997357845 0.005288320687961574
1.2754000051700007 0.005300742390271195
1.2808639000784634 0.005308036991430192
1.2861245232748733 0.005321260244649978
1.2914188815151704 0.005333528742860079
1.2968854176359255 0.005340746310040621
1.3021486871979704 0.005353892378978711
1.307526992843103 0.005363712455076188
1.3128907236087954 0.005373928458064556
1.3181696495238064 0.005386617891554806
1.3235522476727724 0.00539628360572241
1.3288416670446477 0.005408696151680985
1.3343102927408932 0.005415852774001488
1.339577187599808 0.0054288931070084374
1.3449596518951346 0.0054385918913147065
1.3502463549866501 0.005451054494553763
1.3556350382587414 0.005460542729142949
1.3610089146124338 0.0054704628244489975
1.3663800584319272 0.005480491783385577
1.3716646078343615 0.005493017201430871
1.3770535064611202 0.005502499154954766
1.3824308406045098 0.005512347566012131
1.38771937510724 0.005524756754047584
1.3931114048009672 0.005534147386420888
1.398489155460581 0.00554395448316181
1.4038644057346215 0.0055538636726530765
1.4091531755787017 0.005566265996688792
1.414546354662578 0.005575623105783326
1.41984659240617 0.005587720121552619
1.4253261219744058 0.005594558719970568
1.4306039454001542 0.0056072803088215665
1.4359950331007596 0.005616698415502085
1.4412954622513805 0.0056287898486664266
1.446694669243998 0.005637971146905503
1.4520792850101145 0.005647578014960373
1.4574611752708808 0.005657293541641472
1.4627564391547612 0.005669506459576039
1.4681560110575411 0.005678677114792743
1.4734602579902543 0.00569062803182996
1.4789488611116557 0.005697231155832252
1.4842325522125588 0.005709781607223692
1.489629708753565 0.005719022709230057
1.49493621221273 0.0057309369782356364
1.500341468172742 0.005739941851419612
1.505732101769686 0.005749373202552945
1.5111176772212822 0.005758952080282744
1.5164217208304827 0.005770938093627061
1.521826870907935 0.005779946054996973
1.527218335308758 0.005789353174784586
1.5325260965461052 0.005801230759250405
1.537934119192192 0.0058101549388693335
1.5433280447268753 0.005819490276871974
1.5486357273429086 0.005831340988274131
1.5541300724368288 0.00583777664107811
1.5594203964723317 0.005850133635342698
1.5647431919317327 0.005861543563376251
1.5701622273804272 0.005870175708150796
1.5755616111962993 0.005879351849137342
1.580955450229819 0.0058886897100453185
1.5863465354926412 0.005898107887826536
1.5916569822494466 0.005909907146044607
1.5970689569979548 0.0059187160580746094
1.6023860539091057 0.005930292190788024
1.6078062434463956 0.005938890675248156
1.6132082375618157 0.005947990683861705
1.618605181479861 0.005957237987260028
1.6239181681216959 0.005968934000680965
1.6293372899730194 0.005977563625423943
1.6347394667403758 0.005986658306784764
1.640137218031196 0.005995882062232313
1.6454536742328418 0.0060075060481157025
1.6508713421031995 0.006016148913732992
1.656193954928014 0.006027564168513259
1.6616172427042315 0.0060360431231459444
1.6670273862330323 0.006044934610938078
1.6724292571044437 0.0060540382141041375
2.9186059849158745 -0.030125476550753743
3.290961862905476 -0.040818977259177824
2.9266614688253085 -0.030027084094074733
2.745380946317251 -0.024573174890398685
2.632200185615348 -0.02110547315794275
2.5536707943159076 -0.01864838909524614
2.495718713679347 -0.016791495008250893
2.451164135956555 -0.015325354422843008
2.4159126591026414 -0.014130520252520639
2.387446418834161 -0.013133614436864477
2.36409710231208 -0.01228594955693572
2.3447221099805517 -0.011554200389352625
2.3285036395869927 -0.010914485629564196
2.3148479418980727 -0.010349546234114987
2.3033001192873535 -0.009846085427102426
2.293510701716748 -0.00939388134886633
2.285210278688856 -0.008985134666285113
2.2781796774502077 -0.008613423789087341
2.2722433647945532 -0.008273629090471843
2.2672570147247963 -0.007961511971454638
2.2631037111810883 -0.007673720773666096
2.2596834678045887 -0.007407310114404383
2.256912454529987 -0.007159805827754056
2.254720839931384 -0.006929229532567743
2.253047557429376 -0.0067137709860420345
2.2518405104836727 -0.006511910732971744
2.251054482068213 -0.006322300800911212
2.25065045508045 -0.006143861543710746
2.250593866982978 -0.005975555739276975
2.2508545415540446 -0.005816474097431401
2.2514056596130576 -0.005665892738374634
2.2522235307609257 -0.005523091538366912
2.253287038622682 -0.005387454614171431
2.2545775521011215 -0.005258409402376834
2.2560776867125796 -0.005135507196914497
2.2577724146021225 -0.005018280527056528
2.2596483292605196 -0.004906309210477667
2.2616923270639298 -0.00479926939728407
2.2638934258366366 -0.004696811613611171
2.266241348340264 -0.0045986361120429085
2.2687271672070093 -0.004504453349538535
2.271341441803262 -0.004414046311505391
2.274076744120009 -0.004327169185417605
2.276926374173758 -0.004243597392446412
2.2798827028845228 -0.004163166754033321
2.282940107789255 -0.004085684118466274
2.286092946185006 -0.004010984909857567
2.289336574240153 -0.003938904519400379
2.2926650210660924 -0.0038693271315851058
2.2960743600404 -0.0038021090558319906
2.2995610384409524 -0.003737117506790975
2.3031199553283592 -0.0036742620420168277
2.3067480980263824 -0.003613425627215888
2.3104420918674844 -0.0035545098363481548
2.314199446258458 -0.0034974128622688983
2.3180158956478465 -0.0034420686275776873
2.3218893286362476 -0.003388386384750999
2.3258178457156973 -0.003336281566321516
2.3297976387332486 -0.0032857014354395453
2.3338271038030722 -0.0032365700467958166
2.3379040896555576 -0.003188824656150468
2.342027295653967 -0.0031423981628008785
2.346193368757934 -0.003097251103776561
2.3504012245008283 -0.0030533226832233176
2.354649907874725 -0.003010555881098064
2.358936323137833 -0.002968918738837782
2.3632596883971324 -0.0029283592854937074
2.3676185627050366 -0.002888835494180851
2.372012352359599 -0.0028503008827584285
2.376438224666499 -0.0028127311647437674
2.3808957166079097 -0.0027760836695480554
2.385384449088864 -0.0027403181742887183
2.3899017418359403 -0.0027054148380129296
2.3944473226684355 -0.0026713365561149937
2.399020187543778 -0.002638054044544353
2.403620187419733 -0.002605533790169775
2.4082448011665107 -0.002573760593644398
2.4128939625458017 -0.0025427033569081683
2.417567662385986 -0.0025123326463160167
2.4222634735589708 -0.00248263600418848
2.4269814558226788 -0.002453586007289454
2.431720886634478 -0.0024251615818364648
2.4364819098905457 -0.002397337758581965
2.4412621982447877 -0.0023701049901026
2.446061950113279 -0.0023434398972858946
2.4508814042706284 -0.0023173202781226
2.455718293201963 -0.002291738330235087
2.460572901723916 -0.002266673194482372
2.465444695724832 -0.002242109292886807
2.470334019620754 -0.0022180275045922838
2.4752386702332476 -0.0021944219036671175
2.4801590290401485 -0.002171274450204823
2.4850955070115717 -0.0021485679644747914
2.490045939999911 -0.0021262976589243544
2.495010770654492 -0.002104447277783226
2.499989595093245 -0.0020830050413689545
2.504982899486496 -0.002061955963250975
2.5099885620761313 -0.0020412964922147045
2.5150070949142247 -0.0020210123967005175
2.520039032208679 -0.0020010900913490825
2.525082278146268 -0.0019815267816578573
2.530137389286427 -0.0019623095341754536
2.535204054230288 -0.0019434292665976925
2.54028286215377 -0.0019248739967699996
2.5453717456287848 -0.0019066417580751818
2.55047131232571 -0.0018887211077709407
2.5555821869566877 -0.00187110110015737
2.5607023195766434 -0.0018537802785293298
2.5658323510113856 -0.0018367481671604758
2.5709720370920763 -0.0018199976445873933
2.576122043642629 -0.0018035189641820216
2.581280339939358 -0.0017873112298530396
2.5864476052862244 -0.0017713650881335415
2.5916245323643743 -0.001755671575717339
2.596809102334179 -0.0017402301431253403
2.6020020197119145 -0.0017250321722365757
2.6072030902041767 -0.0017100719962615044
2.612413037863634 -0.0016953415668806153
2.6176298569481435 -0.0016808407166176104
2.622854281506134 -0.0016665616886907529
2.628087056273513 -0.0016524970380305723
2.633326183615594 -0.001638646833624263
2.638572417103255 -0.0016250038880844223
2.6438256001093343 -0.00161156363320082
2.6490865017358924 -0.0015983193345707133
2.654353133280633 -0.0015852713217046435
2.6596262713701577 -0.0015724130796617884
2.6649067013023373 -0.0015597383464090063
2.670192439893846 -0.0015472476124237197
2.6754842791325366 -0.001534934810793715
2.6807820912892524 -0.001522796216152054
2.6860866808865467 -0.0015108261271752053
2.691396070799094 -0.001499025211029286
2.696711071289288 -0.0014873879337999627
2.7020324997510965 -0.0014759089695733257
2.707358382780482 -0.0014645890940510591
2.712689542901227 -0.0014534231309361872
2.7180258748688413 -0.0014424080106527958
2.7233682114597517 -0.001431538855933983
2.7287145833206363 -0.0014208165606252546
2.7340658276579823 -0.0014102363766674594
2.739422787614428 -0.001399793729136244
2.744783496296243 -0.0013894895836137357
2.750148800823581 -0.001379319481184414
2.755518613668457 -0.0013692808689943965
2.760893790437839 -0.0013593695356557028
2.766272366873846 -0.0013495865236280615
2.7716552020383425 -0.0013399277222896034
2.7770431599874392 -0.0013303891666811912
2.782434278030152 -0.0013209719449630332
2.7878294233373033 -0.0013116721830200785
2.7932285224999465 -0.0013024877397963773
2.7986324497896273 -0.0012934149482778728
2.8040392441470967 -0.0012844549442160003
2.8094497825633518 -0.001275604139912537
2.8148649462715642 -0.0012668590713968868
2.8202827751442587 -0.0012582209015969655
2.8257041528752467 -0.0012496862383097288
2.8311290174241677 -0.0012412532720570734
2.836558258483425 -0.0012329187855916553
2.841989916841591 -0.0012246839685589501
2.847424884349362 -0.0012165456666606133
2.8528640564918764 -0.001208500831601316
2.858305474536291 -0.00120055066698483
2.8637500359270156 -0.001192692181659994
2.8691976878639114 -0.001184923835650393
2.8746493329032727 -0.0011772427868988141
2.8801030127174165 -0.0011696502508260899
2.885559631588219 -0.0011621434357035917
2.8910200969356055 -0.0011547196413275987
2.896482450587081 -0.0011473800876450222
2.901947601533587 -0.0011401221202726626
2.9074155045500305 -0.001132944420168866
2.9128870730182097 -0.0011258444610147166
2.9183603488066936 -0.0011188234639548703
2.923836246685994 -0.0011118789431738198
2.9293156841551937 -0.0011050084924378912
2.93479670300807 -0.0010982133307105187
2.9402802220113102 -0.0010914910887290428
2.9457662021988735 -0.0010848406300044814
2.9512555661362487 -0.0010782596960705298
2.956746355400224 -0.0010717494995619258
2.9622394936804426 -0.0010653078147997352
2.967735907054287 -0.0010589324857462512
2.9732336368615258 -0.0010526247181230342
2.9787336102080157 -0.0010463823858891871
2.9842357933371026 -0.0010402045044931836
2.989741116662941 -0.0010340890443841387
2.995247621127362 -0.0010280371996774
3.0007562380592425 -0.0010220469675012924
3.006267900889199 -0.0010161164062833608
3.01178065020917 -0.0010102466999340322
3.0172954202883453 -0.0010044359313390234
3.022812181734997 -0.0009986832432548538
3.028331871716862 -0.0009929868031068687
3.033852530303351 -0.000987347779565122
3.0393750954099374 -0.0009817643618634344
3.0449005068119916 -0.0009762347934815064
3.0504268041523197 -0.0009707602306472296
3.0559549278929996 -0.0009653389368688939
3.061484852322483 -0.0009599701622398797
3.0670175204565417 -0.000954652244749849
3.072550971332163 -0.0009493863229573017
3.0780861485787874 -0.000944170752750298
3.0836239974798474 -0.0009390039382575801
3.089162556595573 -0.0009338870041324312
3.0947027717738607 -0.0009288183709666551
3.1002446204240304 -0.0009237973798773615
3.1057890506553747 -0.0009188225174125985
3.1113341003693797 -0.0009138948890126333
3.116880718180724 -0.0009090129959657119
3.1224298541816538 -0.0009041753826551641
3.1279795457662445 -0.0008993831397219526
3.1335307434922175 -0.0008946348251254065
3.139083427429764 -0.0008899298575899267
3.1446385501486525 -0.0008852668537584511
3.150194148353588 -0.0008806468841658282
3.155751175031771 -0.0008760685776298398
3.161310584495901 -0.0008715306016281577
3.166870412926942 -0.0008670340114199835
3.172431615022477 -0.0008625774857085428
3.177994173132838 -0.0008581605097209343
3.1835590437536503 -0.0008537818146023983
3.1891242623622453 -0.0008494424350899254
3.1946907857998657 -0.0008451411124089632
3.200259572101471 -0.0008408766226009595
3.2058286562147913 -0.0008366499849566207
3.2113989964937293 -0.0008324599848197752
3.2169705772517325 -0.0008283061646742273
3.2225443584560534 -0.0008241873569190152
3.2281183743484654 -0.0008201045602546882
3.2336935851829125 -0.0008160566154420416
3.239270952292248 -0.0008120423947094422
3.244848509390417 -0.0008080628813628315
3.2504272180750196 -0.0008041169553521263
3.2560070643571954 -0.000800204208676239
3.261589011287654 -0.0007963235636669005
3.2671710918807015 -0.0007924759832240189
3.2727542694251888 -0.0007886603966250495
3.278339508188399 -0.0007848757616843244
3.283924840664067 -0.0007811230261188668
3.2895112313394783 -0.0007774011541596203
3.2950986677000493 -0.0007737097808045513
3.300688115546489 -0.0007700479085921499
3.306277606685377 -0.0007664164651977261
3.311868107115398 -0.0007628144589339636
3.3174605837253175 -0.0007592409240739201
3.323053067812303 -0.0007556967734351932
3.328646526448047 -0.0007521810466260882
3.334240948403279 -0.0007486934161319762
3.339837301940772 -0.0007452329563005278
3.3454336176873642 -0.0007418005603982895
3.3510308640704505 -0.0007383953075742928
3.3566300103295372 -0.0007350163006634242
3.3622290865958746 -0.0007316644184781741
3.3678290622610643 -0.0007283387682893952
3.3734299272205384 -0.0007250390553860753
3.379032651949382 -0.0007217644186400706
3.3846352659282832 -0.000718515717889441
3.390238739769149 -0.000715292095996862
3.3958440448268767 -0.0007120927174951208
3.4014492101022125 -0.0007089184282241333
3.407055207076418 -0.0007057683964023701
3.412662026632585 -0.0007026423561246176
3.4182706412404364 -0.0006995395044389282
3.423879079271833 -0.0006964606688430973
3.429488313310106 -0.0006934050496985852
3.435099316620102 -0.0006903718672440414
3.440710117110484 -0.0006873619354676427
3.446321688150947 -0.0006843744776658969
3.4519340214947345 -0.0006814092533128839
3.45754809141577 -0.0006784655120780561
3.463161925216646 -0.0006755440502727943
3.4687764972654236 -0.0006726441203122626
3.474392782556812 -0.0006697649928885515
3.4800088079475735 -0.0006669074513099059
3.485625548519204 -0.0006640707687995691
3.491242996794025 -0.0006612547272624708
3.496862128682828 -0.0006584586241094102
3.5024809704596738 -0.0006556832256532872
3.5081004981131407 -0.0006529278315736692
3.5137216882093387 -0.0006501917583941537
3.5193425665940943 -0.0006474757599380102
3.5249641099051114 -0.0006447791548170391
3.530586311346468 -0.0006421017448204678
3.5362101483182897 -0.0006394428707970477
3.5418336461071878 -0.0006368032702597732
3.547457782177304 -0.0006341822859245554
3.5530835345261806 -0.0006315792760643966
3.5587089280297697 -0.0006289949662151444
3.564334940744411 -0.0006264287163647127
3.5699615664802664 -0.0006238803459793649
3.575589783996209 -0.0006213492355373678
3.58121761763228 -0.000618836094943788
3.5868460461997493 -0.0006163403062052679
3.592476049003551 -0.0006138612657262992
3.5981056499903996 -0.0006113996719404011
3.6037358285132175 -0.0006089549226518324
3.609366578922428 -0.0006065268530842365
3.6149988812197087 -0.0006041148799636294
3.6206307588387325 -0.0006017196867600051
3.6262631918237638 -0.0005993406914414236
3.631897160676818 -0.0005969773253268144
3.637530688455209 -0.0005946302609091015
3.6431647556998 -0.0005922989306404769
3.6487993572438597 -0.0005899831838270803
3.6544354742285687 -0.0005876824704300781
3.6600711292204995 -0.0005853974486291892
3.665707303395113 -0.0005831275693853365
3.6713449783531242 -0.0005808722960622323
3.6769821763012054 -0.0005786322763429205
3.6826198788711864 -0.0005764069744987272
3.688258081328911 -0.0005741962524524663
3.693897765862781 -0.0005719995907085804
3.699536954210325 -0.000569817623267009
3.7051766285871928 -0.0005676498314266933
3.710817771604761 -0.0005654957080287087
3.7164584046565956 -0.0005633558770406697
3.7220995103786336 -0.0005612298320200331
3.727741084425187 -0.0005591174462196629
3.7333841099491636 -0.000557018228274987
3.7390266078958216 -0.000554932789078232
3.7446695614393395 -0.0005528606378852788
3.7503139541227952 -0.0005508012947110393
3.755957806562794 -0.0005487553608624446
3.7616021023214117 -0.0005467223569085957
3.7672468374025936 -0.0005447021662999379
3.7728929958494337 -0.0005426943236351296
3.7785385978502557 -0.0005406994177297702
3.78418462746437 -0.0005387169836553205
3.789832069095489 -0.0005367465665281557
3.795478942617997 -0.0005347887460075603
3.8011262324498887 -0.000532843067626492
3.8067739349104777 -0.0005309094240334993
3.812423034866079 -0.000528987373837337
3.8180715517819905 -0.00052707748476569
3.8237204705364416 -0.0005251793157748304
3.829370776329693 -0.0005232924352133789
3.8350204883271797 -0.0005214174020633175
3.840670591739446 -0.0005195537849730785
3.8463210831708494 -0.0005177014849049499
3.8519729482504363 -0.0005158600827135945
3.8576242057529058 -0.0005140301259846363
3.8632758413155734 -0.0005122111958139597
3.8689288408773006 -0.0005104028820922578
3.874581222926377 -0.0005086057240517129
3.88023397340854 -0.0005068193117837746
3.8858870891863084 -0.0005050435537800495
3.8915415565966835 -0.0005032780515437581
3.8971953937547426 -0.0005015233334216155
3.9028495870026685 -0.000499779001067911
3.9085051229653978 -0.0004980446643835536
3.9141600194844184 -0.0004963208437359721
3.919815263188667 -0.0004946071491428543
3.925470851174902 -0.0004929034959276869
3.931127770438387 -0.0004912095047926244
3.9367840384640864 -0.0004895256857066113
3.9424406422498315 -0.0004878516594464808
3.9480985690589243 -0.00048618705453183376
3.953755836114965 -0.00048453237330876555
3.9594134306828224 -0.0004828872443425439
3.9650713500721793 -0.0004812515891670629
3.970730581891365 -0.0004796250463649395
3.9763891430233507 -0.00047800810834747003
3.9820480210768086 -0.00047640041370733296
3.987708203909973 -0.0004748016083160561
3.9933677081560894 -0.00047321217730131445
3.9990275216729003 -0.0004716317665201736
4.004687641963992 -0.0004700603031619411
4.016009783717296 -0.0004669436601323739