0.0007115032599998017 0.0
-0.23694338797429992 0.0030004310115277627
-0.4179158908602574 0.00528737388349285
-0.5567971508352585 0.00704449428856844
-0.6704322584747757 0.008483829384367722
-0.765095157438715 0.009684352281858377
-0.8692660487723884 0.011004556789780242
-0.93007582863126 0.011778954399669833
-0.9722878001162982 0.012319252564399323
-1.01535487839827 0.012870314356934207
-1.0571122052323787 0.01340488969352387
-1.0949012757571523 0.013889514702096392
-1.129991772342727 0.014340171478897233
-1.1946875701049038 0.015163484230343518
-1.2011876656549916 0.015254260055016226
-1.207740733689029 0.015345702660690687
-1.215931675157016 0.015457761969719949
-1.2279333830898693 0.015617789193453229
-1.2383547716449783 0.01575792418665813
-1.2331107983609968 0.015700871830645897
-1.223120453168164 0.01558407463728373
-1.238265008578665 0.015783662387397743
-1.2324331600144802 0.01571921015345412
-1.2258163197679721 0.015644876894161545
-1.2197478430422635 0.015577446109170126
-1.2160308099555692 0.01553961409976614
-1.21337925026846 0.015515193672291951
-1.2131662846623712 0.01552146899923301
-1.1985174141113788 0.01534603274736178
-1.1680723661479604 0.014971762495937882
-1.1286593571680257 0.014484608272748493
-1.101674754191997 0.014153896273217989
-1.0952828092302624 0.014082393852506559
-1.0997273422338765 0.014147295338961271
-1.080856436190551 0.01391871430864358
-1.0475730879356746 0.013508717036081268
-1.039399693785434 0.013414790668393408
-1.0082100384630763 0.013031147677928293
-0.9734738394744866 0.012602862695784502
-0.9342694089390875 0.012118333923358964
-0.8856007939149748 0.01151467499124579
-0.8572458362113267 0.011166713698541313
-0.8211363444697213 0.010721142390552661
-0.8293246225246449 0.01083316818652424
-0.8246833262687332 0.010783702025073437
-0.800571325004384 0.010489148814948066
-0.762611552881566 0.010020287174246254
-0.7170448547577166 0.009455673555897487
-0.6548317708230371 0.008681523910757067
-0.620662925097875 0.00826038047358579
-0.60480830519964 0.008069766882049844
-0.5778824806201754 0.007739794779286748
-0.532170096766194 0.007173347295114264
-0.4894522908415553 0.006644594023277268
-0.4686371399212419 0.006391539884512775
-0.4580229431930505 0.006266889937834902
-0.4296568975957129 0.005918789101721606
-0.3727094034160885 0.005210919985896623
-0.3617631176598124 0.0050820898894949375
-0.3419038337526956 0.004841067690195723
-0.30445227349973436 0.004378603166245775
-0.25275808299657854 0.0037368598786803164
-0.18551950257634076 0.002899451935169366
-0.1741774189892098 0.002765639781261936
-0.10457999047770983 0.0018985399343313428
-0.08066487748685347 0.0016064650504100178
-0.0731681399928803 0.0015210560939978748
-0.061691898934682854 0.001385555248875935
-0.031068426177128572 0.0010090390924188
0.023852621031416277 0.00032667778925069154
0.09239934211430523 -0.0005271963042770165
0.12506505171499072 -0.0009294190657719229
0.1337495868542362 -0.0010297794330129952
0.14255386581727691 -0.0011316470348700818
0.16659205323004045 -0.0014252710646401655
0.21354186345777038 -0.002007294634841399
0.275081217185992 -0.0027729636549698082
0.2802575559496532 -0.002829164650566456
0.3248463355999931 -0.0033814687446588735
0.3757257211931275 -0.0040129557462069525
0.41742223904055464 -0.0045288535674014255
0.4336114115815093 -0.0047236783319361516
0.444100172715828 -0.00484674934863492
0.4855287250670983 -0.005359274173455437
0.5304338967435314 -0.005915560856827709
0.5479498505944775 -0.0061270864855848374
0.6047064351159293 -0.006832552530876123
0.6172633225618966 -0.006981655985298399
0.6089187130004348 -0.006867662433346823
0.5966679517173006 -0.006704500193876539
0.591138604993759 -0.006625943679694956
0.6529008856637049 -0.0073944188374604645
0.7120977316512409 -0.008130601562397474
0.728400033251873 -0.008326850386483134
0.6891099907183076 -0.0078233319606086
0.6386630287725481 -0.007179376003368503
0.6170450474788822 -0.006898304205084878
0.6407182462281824 -0.00718733401214599
0.6733141259668542 -0.007588677729066973
0.6904427918879605 -0.007795328393308882
0.6929253855861575 -0.007817621890111008
0.7148995673152001 -0.008085265350458455
0.6904826299986624 -0.007768961763442696
0.637783661896087 -0.007096658735190586
0.6043800560189752 -0.006667235695667792
0.6090233496799442 -0.006716727037167088
0.6246484967350696 -0.006904452094696282
0.6010577779753987 -0.006598548513041225
0.613047969743242 -0.006740518762766877
0.5954828675002872 -0.006510462389763778
0.544585513923245 -0.005860837227274405
0.48914901479872697 -0.005154075684060962
0.47282162750339296 -0.004939599016915672
0.48465948080156807 -0.005079651697387879
0.4884444674122079 -0.005118339133007416
0.4331110099295614 -0.004412874535764227
0.35157155870874135 -0.00337754273777593
0.24471752491816545 -0.002023564266653832
0.118434286189526 -0.00042502107760197377
0.0020741761164657646 0.0010486148776985191
-0.049641891624226275 0.0017085456722995519
-0.08906493390151127 0.0022137382291121067
-0.13094473624610004 0.0027498551916493416
-0.17072804238726036 0.0032595826489242325
-0.2395180632799594 0.0041344312998622705
-0.3423842786462501 0.005438213206594803
-0.434623047193611 0.006608222481173335
-0.4243949048688762 0.006488431997203142
-0.4297047721599512 0.0065642258069461825
-0.45958149251354996 0.006949254376693588
-0.4675022506284492 0.007057912709192812
-0.5204540381680118 0.0077333980076544195
-0.6258497923005422 0.009069020508271037
-0.7009982559443912 0.010023905910438613
-0.6604521394507827 0.009522488674492508
-0.6911796558929311 0.009918226606076427
-0.7811075853648859 0.01105914816364359
-0.7787040140549166 0.011037849359171145
-0.8030252012094437 0.011352947693424233
-0.8890884512283961 0.012445222682726438
-0.9681864760745498 0.013449823641310438
-0.9939582589240743 0.013783181299901656
-0.9889123154842352 0.013728621601822989
-0.9811400012562856 0.01363974377983434
-0.9491589752684249 0.01324613940579208
-0.9363640908540489 0.013094040107562285
-0.963796966131568 0.013448306725425845
-1.0235199895082943 0.014209024772558067
-1.0976535839075297 0.01515113552097743
-1.181235620966369 0.016212178304380254
-1.212742515540178 0.016617726537947655
-1.2046273314474547 0.016524532850136255
-1.0911571967974396 0.01510518636479137
-1.0586666383543388 0.01470516826374936
-1.2964920044109434 0.017707745082043508
-1.5500790959326238 0.020908722224279648
-1.2610982630011094 0.017280139226631474
-1.2449507514332936 0.017085838818201315
-1.3070545300403893 0.01787652456207966
-1.2116117559842934 0.01668409702603241
-1.159047415679538 0.016031400699315284
-1.384589280096229 0.01887935924882258
-1.6777279580198439 0.0225781909928252
-1.591668841508337 0.02150388001075125
-1.5975573009261481 0.021586956834376895
-1.4503617204367742 0.019743092145460665
-1.2890042436530251 0.01772096494216016
-1.2184597215736588 0.01684194352835
-1.258155488942272 0.017350568992821454
-1.2903106311670243 0.017764278286182773
-1.0934938417981357 0.015295807875138836
-1.0344438459762415 0.014561473522278585
-0.8232022702630744 0.011911431474941312
-0.5665107127964575 0.008689288922299289
-0.42971937801958404 0.0069763874153205944
-0.42295954204490016 0.00690025413794898
-0.2955532259072413 0.005305486317688019
0.02701234118714524 0.0012541563211668097
0.5143259129605937 -0.004870935051896395
0.5954252213025484 -0.005882814573042387
0.7581022775379296 -0.007921551949591366
0.8698317010223562 -0.009318987276801558
0.9875846790858276 -0.01079224394618729
1.4863017473497777 -0.017060876545292102
1.2928084145027228 -0.014616328083047754
1.529463975330792 -0.017586268030562693
1.8164404602124833 -0.02118962134740859
1.9186358527439538 -0.02246704729913949
1.9667951747369017 -0.023064295568347288
2.0589322009905615 -0.024215112086849053
2.1667709596888116 -0.025563573768652235
2.2409761889310573 -0.026488674242054068
2.5952847814061712 -0.030939568774348548
2.612493575769122 -0.031147228053342378
2.647646019347043 -0.031580752566751115
2.789664182681655 -0.033359446647096336
2.89626996490788 -0.0346923882684846
2.787482245750212 -0.03331406959389398
3.2720258485188225 -0.039404294051587734
3.257894688109836 -0.03921746117723886
3.296570540815523 -0.03969533651466609
3.343862121810531 -0.04028166211582784
3.370741154290144 -0.04061104527455774
3.4109240057955788 -0.04110788992157689
3.5336402094565926 -0.04264362106867964
3.861255823474586 -0.046758518404181985
3.66380519729681 -0.04426415761139752
4.0009009756384515 -0.04849838627753395
4.057406646273606 -0.049200694000925055
4.053914142132072 -0.04914777620424205
4.147356761969114 -0.050315026849226535
4.283102850778036 -0.052014771348801496
4.024355370839054 -0.04874883794679993
4.5302299992488315 -0.055107566154708146
4.451898139570744 -0.0541126098473959
4.513075405499457 -0.054873721159367506
4.501066991791525 -0.05471360956462107
4.530545260235442 -0.05507571054085524
4.694683735974209 -0.057132843498746574
4.627542006016057 -0.05627874266860329
4.806523529769223 -0.05852271212106931
4.397594716708646 -0.053366374955381136
3.4353137578509845 -0.04124473153414193
1.7649681018818697 -0.020210341498319438
0.05540581769673736 0.0013176868615058705
-1.1196799760527583 0.016118005804186326
-2.028351939463654 0.027564847339907834
-3.3833990555015347 0.04463042491294377
-4.10267268663835 0.05369321969182231
-3.6769268410532234 0.04834311052785825
-2.974649765648195 0.03951217270348535
-2.36783777687625 0.031882898003818945
-1.9622978618721376 0.026787130484220347
-1.6846410208995266 0.02330108795131642
-1.5154536017293836 0.021180401544624698
-1.2998579689677925 0.01847555291340271
-1.1131393653547121 0.01613419316226839
-0.987646100970565 0.01456350583296991
-0.8939857190210461 0.013393514112856709
-0.8052834025004714 0.012285931916967632
-0.7208451337025537 0.01123202331483298
-0.6489467487913174 0.010335960186585502
-0.5853478501704643 0.00954436663384302
-0.5287204834459445 0.008840527063979538
-0.47800072073182776 0.008211049311417255
-0.4323347682786576 0.0076451862687504256
-0.3910274848061448 0.007134187862549623
-0.35350595368748117 0.006670842519145301
-0.31929315918829104 0.006249145814945971
-0.2879884349324868 0.005864054371992459
-0.2592526309918668 0.005511299149070325
-0.23279667321528308 0.0051872414325529305
-0.20837261893687753 0.004888760250352815
-0.18576658344343144 0.0046131633340072645
-0.1647930892744185 0.004358115990634215
-0.14529051135861693 0.004121583768703524
-0.12711737545593138 0.0039017858647666563
-0.11014932758502027 0.003697156976202748
-0.09427447718359616 0.0035062899421129633
-0.07940009287980843 0.003328014991185088
-0.0654375081072871 0.00316121729398633
-0.05230973031333974 0.003004927708691126
-0.0399479116256245 0.002858279614433182
-0.02829031162293205 0.002720495855209123
-0.017281414318802035 0.002590877624931836
-0.006871173213440329 0.0024687949645405315
0.00298563676793151 0.0023536786045407956
0.012329977709313766 0.002245012935727677
0.021199031648585276 0.0021423299301321567
0.029626619672420418 0.0020452038656739173
0.03764356679077707 0.00195324673331336
0.04527802059295283 0.0018661042259760503
0.05255573036406247 0.0017834522251816843
0.05950029225884634 0.0017049937149243076
0.06613336524203106 0.001630456063528657
0.07247486177180917 0.0015595886234266616
0.07854311659671254 0.001492160606431032
0.08435503653189613 0.0014279591984301453
0.08992623365999464 0.0013667878827254946
0.09527114404927062 0.0013084649456697546
0.100403133785548 0.001252822141993003
0.105334593864292 0.0011997035003506685
0.11007702527801655 0.0011489642522876907
0.11464111545468825 0.0011004698700729976
0.11903680704971009 0.0010540952007807697
0.1232733599642657 0.0010097236856373502
0.1273594073504256 0.0009672466550574829
0.13130300626819036 0.0009265626910004667
0.13511168357678116 0.0008875770493147343
0.13879247757147795 0.0008502011356349736
0.14235197581578518 0.0008143520291707231
0.1457963495653516 0.0007799520493964753
0.14913184644037614 0.0007469238132969726
0.15236295957770096 0.0007152082461300406
0.15549526502402244 0.0006847364182952789
0.15853355627660903 0.0006554479917660506
0.16148234246736592 0.0006272862079575255
0.16434586844249566 0.0006001976349745054
0.1671281331945096 0.000574131935599293
0.16983290680055774 0.0005490416540802413
0.1724637460051639 0.0005248820199848895
0.1750240085708441 0.0005016107675616546
0.17751686650770893 0.0004791879692129716
0.17994531828169613 0.0004575758818239997
0.18231220009135995 0.0004367388048165628
0.1846201962941194 0.0004166429489091087
0.1868718490549881 0.00039725631466315514
0.18906956728392998 0.0003785485799850717
0.1912156349214058 0.0003604909958313507
0.19331221862644554 0.0003430562894360439
0.19536137491605388 0.0003262185744428996
0.19736505680072725 0.0003099532673812114
0.19932511995649804 0.0002942370099756178
0.2012433284702766 0.00027904759682614985
0.2031213601922417 0.0002643639080358541
0.2049608117256767 0.00025016584640102566
0.20676320308230345 0.00023643427881217915
0.20852998202862238 0.0002231509815448097
0.2102625281465791 0.00021029858914590482
0.21196215662985196 0.0001978605466477037
0.21363012183554986 0.00018582106486188338
0.21526784866917836 0.00017416346657356266
0.21687601941456336 0.0001628766460571217
0.21845595729525513 0.0001519452060168607
0.22000870453440058 0.00014135602749501595
0.22153525718498202 0.0001310965726997167
0.22303656754260004 0.00012115485463395987
0.22451354641246013 0.00011151940856002583
0.2259670652405319 0.00010217926517359134
0.22739795811816066 9.312392537084916e-05
0.22880702366862948 8.434333650133143e-05
0.23019502682359416 7.582787000682859e-05
0.23156270049675953 6.75683003546457e-05
0.23291074716139804 5.9555785179914835e-05
0.23423984033816936 5.178184655832293e-05
0.23555062599888288 4.4238353335919434e-05
0.23684372389168118 3.6917504448452315e-05
0.23811972879263976 2.981181316708853e-05
0.23937921168834464 2.2914092212361764e-05
0.24062272089391 1.6217439681647357e-05
0.24185078311027297 9.715225740040917e-06
0.24306390442465187 3.401080027349303e-06
0.2442625712575648 -2.7311202623102017e-06
0.24544725125961264 -8.687261669336234e-06
0.2466183941611817 -1.4473005163670556e-05
0.24777643257773008 -2.0093796281553626e-05
0.24892178277337962 -2.5554874737108207e-05
0.2500548453852147 -3.086128353958742e-05
0.25117600611061874 -3.601787764505322e-05
0.2522856363597512 -4.102933216971985e-05
0.25338424749241995 -4.5900825094914203e-05
0.25447187543977634 -5.0635326197893504e-05
0.2555490075074758 -5.523771067890687e-05
0.25661596385081964 -5.971200848491009e-05
0.2576730531436766 -6.406210504031142e-05
0.2587205730597404 -6.829174730551655e-05
0.25975881073070894 -7.240454954328453e-05
0.2607880431823517 -7.64039988086238e-05
0.2618085377499142 -8.029346017735339e-05
0.26282055247388314 -8.4076181727512e-05
0.2638243364771 -8.775529928663916e-05
0.26482013032430984 -9.133384095764059e-05
0.2658081663651046 -9.481473143474044e-05
0.26678866906090093 -9.820079612071276e-05
0.26776185529714525 -0.00010149476505559661
0.26872793468120904 -0.0001046992766668548
0.2696871098268261 -0.00010781688134996308
0.2706395766258325 -0.00011085004488833274
0.27158552450768525 -0.00011380115172051623
0.2725251366875341 -0.00011667250806258842
0.27345859040332954 -0.00011946634489291959
0.27438605714257136 -0.00012218482080608264
0.27530770285915906 -0.00012483002474264086
0.2762236881808775 -0.00012740397860065426
0.2771341686079154 -0.0001299086397349674
0.5535097799171709 -0.003599823726388286
2.9532182395240483 -0.033797137781668866
8.089554643232937 -0.09844168744080259
8.888978844139203 -0.10849546352943934
9.129938844251747 -0.11151958549847985
9.11628155926961 -0.11133871877792775
8.971444652856178 -0.10950663060422557
8.75830095159953 -0.10681473362251351
8.506496883503623 -0.10363620024292589
8.163508891792532 -0.09930989151198813
7.729992840063943 -0.09384406309628542
7.199620052840764 -0.08715905295199107
6.681706805084602 -0.08063087694821665
6.1572587388841455 -0.07402044408118683
5.554833913832773 -0.06642848071800324
4.83177858214858 -0.05731808387834054
3.944583440031316 -0.046141581291951894
3.0095621642420767 -0.03436306844758479
1.993021435207588 -0.02155843153023652
0.7506600032565629 -0.005911282179161614
-0.9144529505907926 0.015057241349954523
-3.405996394263557 0.046428437940485
-7.50787930557436 0.09806974218794536