0.005714285999999902 0.0
-0.1827401886680633 0.0008566172617853841
-0.3143338705404233 0.0014623809268231886
-0.4207346739229365 0.0019570007430632984
-0.5121163400290243 0.0023853604473770616
-0.5932498110524449 0.002768507989670864
-0.6668145084867092 0.003118264302678737
-0.7344991808226382 0.003442079619650419
-0.797446770506042 0.0037449962330166034
-0.8564641042244148 0.004030573720563694
-0.9121606916472444 0.00430150097712375
-0.9650018305133443 0.004559830852032724
-1.0153474716317419 0.004807151257507601
-1.0634938814754094 0.005044769325081441
-1.1096844094674623 0.00527375855486616
-1.154103394278991 0.005494932284811097
-1.1969673270267833 0.005709245567947156
-1.2383195704658192 0.00591688948781347
-1.2784067871354665 0.006118952734570115
-1.3172109100768665 0.0063153553372372806
-1.35495115050351 0.006507064393255137
-1.3916078929035507 0.006693993364572117
-1.4273201647874458 0.0068767556009677825
-1.4620631786197862 0.007055241746895531
-1.495996287959315 0.007230154383699526
-1.5291466970602698 0.007401614411144272
-1.561483139336005 0.007569483448783148
-1.5931723790405101 0.0077344972130083565
-1.6241513671125318 0.007896377549318767
-1.6544956697332651 0.008055457834183636
-1.6842350148585865 0.008211869218877552
-1.7134286199921434 0.008365872512989175
-1.7420073196202281 0.00851716346031416
-1.770127785841055 0.008666432812356453
-1.797710939047704 0.008813331692412997
-1.8248186452198496 0.008958133035565958
-1.8514684856261567 0.009100914405365469
-1.8776785732085983 0.009241755710952588
-1.9034701504682232 0.009380750227020425
-1.92884979132198 0.00951792783816129
-1.9538658578806434 0.009653501463062167
-1.9784715680102494 0.009787264712272235
-2.0026922394260254 0.009919329280340288
-2.026624266671689 0.010050120432538908
-2.050180303814173 0.010179252823488553
-2.073442910006108 0.010307090239485327
-2.0963241100432413 0.010433245441327349
-2.1189652489157282 0.010558341561683143
-2.1412471232964094 0.010681852709423659
-2.1633056696269506 0.010804378597413287
-2.185048410086594 0.010925511239845694
-2.2065767385122115 0.011045697957450858
-2.227542733959723 0.011163403380943933
-2.24882592149865 0.011282508606775925
-2.2694866397146427 0.011398867675241451
-2.289938153223275 0.011514303792121967
-2.309900696451919 0.011627582711391448
-2.3302415452051264 0.011742530606889593
-2.3499789232583623 0.011854816161534798
-2.3695335697408666 0.01196629511536233
-2.388878978877244 0.012076851414783527
-2.4080225266229576 0.01218651715924151
-2.426703679428897 0.012294142948920466
-2.44579259394051 0.012403567667109714
-2.4643075683997324 0.012510460325252446
-2.482664578626043 0.012616656090189561
-2.5008502376895336 0.012722095461427595
-2.518854130657303 0.012826733373591826
-2.5366856022637023 0.012930610611817219
-2.5543469895103783 0.01303373748628958
-2.571841487609845 0.013136128093376236
-2.589172411869299 0.013237797059268456
2.8347536171469443 -0.010665809921181843
10.135651389235761 -0.04285008209046267
6.984962828720455 -0.028924931649096357
5.526170484346508 -0.022463945442171344
4.64491513872764 -0.018550887984685828
4.043428796015164 -0.01587209168664757
3.6024036292412234 -0.013901204395692843
3.263310545400003 -0.012380012423227362
2.9936101665888373 -0.011164961742698947
2.7735700049468193 -0.010168997355357829
2.5904610221062825 -0.00933596281047159
2.435651971898821 -0.008627779508221555
2.303062553439645 -0.008017622892842658
2.1882728404763157 -0.007485993508553947
2.0879849628166625 -0.007018342091338466
1.999684910146712 -0.0066035779848808845
1.921414418163252 -0.006233061002468364
1.851630385500684 -0.0058999838615399515
1.789094804006325 -0.005598884822724882
1.7328029136525913 -0.005325331170948312
1.6819300719108554 -0.005075684818241691
1.6357926464887669 -0.004846929773637135
1.5938194664147147 -0.004636546634655517
1.5555267628671459 -0.004442400268695909
1.520505502824875 -0.004262686579737557
1.4884051178516131 -0.004095858959685397
1.458923838921777 -0.003940586089545861
1.4318004105961535 -0.00379571538472952
1.4068074515128899 -0.0036602437034287754
1.3837464770744958 -0.0035332958293016656
1.3624419502845626 -0.003414096460771847
1.3427401151838865 -0.0033019677115103487
1.3245043936253467 -0.003196307037631067
1.3076133465960567 -0.003096578684796258
1.2919586193754498 -0.0030023046228396036
1.2774432147150918 -0.002913056927526655
1.263980261054428 -0.002828452787446023
1.2514908505379907 -0.0027481432012701553
1.2399043948718003 -0.0026718171947217513
1.2291567620798105 -0.0025991918357880996
1.2191897436505883 -0.0025300103250952065
1.2099503834540002 -0.002464039035279367
1.201390396323987 -0.002401064945940169
1.193465795932795 -0.002340894443098828
1.1861359103158975 -0.0022833472112885654
1.1793638270642646 -0.0022282608446455216
1.1731154896851308 -0.0021754850956231834
1.1673595436236894 -0.0021248816368558956
1.1620670731489326 -0.0020763229003740186
1.1572114498048336 -0.002029691850185068
1.1527677936210807 -0.0019848778406031014
1.1487132985899962 -0.001941780699189276
1.1450267218774286 -0.0019003067086093377
1.1416883262296267 -0.001860368793721371
1.138679748977765 -0.001821885943660171
1.1359838845158095 -0.0017847826933640137
1.1335848181340253 -0.0017489892728376143
1.1314675681614972 -0.0017144387048727931
1.1296182516335023 -0.0016810701829548052
1.128023833879908 -0.001648826201831447
1.1266721028020044 -0.001617652885201234
1.1255516051524381 -0.0015874997045990332
1.1246515886537054 -0.0015583192240387822
1.123961959622875 -0.0015300673542376704
1.123473190419702 -0.0015027011796175205
1.1231763478306647 -0.0014761817305560525
1.123063001311067 -0.0014504718138912147
1.1231252002651075 -0.0014255363538587353
1.1233554405132367 -0.0014013422441557027
1.1237466335313826 -0.0013778582122328381
1.1242920673405905 -0.0013550550879220902
1.1249854214210018 -0.0013329041045471155
1.1258206853553077 -0.001311379187029871
1.1267921723975007 -0.001290455247066793
1.127894490916276 -0.0012701084983161037
1.129122525604913 -0.0012503163735014522
1.130471420106872 -0.0012310574477609186
1.1319365343028807 -0.0012123116913813831
1.1335135340150515 -0.0011940591008614385
1.1351982232343687 -0.0011762816057757975
1.136986631910787 -0.001158961691394389
1.138874979399347 -0.0011420826785884756
1.1408596633770145 -0.001125628674934715
1.1429372495267955 -0.001109584529204825
1.145104423236333 -0.0010939360594444997
1.1473581339188712 -0.001078668924990785
1.1496953590150554 -0.0010637702323442523
1.1521132463881827 -0.0010492273986901371
1.1546090698778642 -0.0010350283969850589
1.1571802224772227 -0.0010211617258573692
1.159824209947601 -0.0010076163814363931
1.1625385967324888 -0.000994382059912032
1.165321191600583 -0.0009814482118528528
1.1681697573138337 -0.0009688054083732037
1.1710821945183483 -0.0009564443877217753
1.1740564902179216 -0.0009443562691325496
1.1770907134195028 -0.0009325325336140298
1.1801830110383804 -0.0009209650058845308
1.18333154846286 -0.0009096460333310012
1.186534727316939 -0.0008985676820308742
1.1897908513970776 -0.0008877229099887935
1.1930983429026725 -0.0008771047563976787
1.1964556847853345 -0.0008667065284723353
1.19986123783643 -0.0008565223180056128
1.2033143815127119 -0.0008465436521075606
1.2068125560194147 -0.0008367680611232937
1.2103550605608575 -0.0008271880416266337
1.2139406420974552 -0.0008177980655637796
1.2175687317691626 -0.0008085912115709836
1.2212368961471185 -0.0007995655674836266
1.224944644618816 -0.000790714557143861
1.2286915542261312 -0.0007820319028657562
1.2324752698583268 -0.0007735160380018719
1.2362954366381018 -0.0007651609852193164
1.2401510823666655 -0.0007569624554540105
1.2440419521118855 -0.0007489149123029101
1.2479657774599389 -0.0007410171716004672
1.2519223603137277 -0.0007332639476836681
1.2559115549711777 -0.0007256501860411751
1.2599311470412715 -0.0007181749408410256
1.2639810406359402 -0.0007108333773369929
1.2680604705990532 -0.0007036221198782774
1.2721694181685308 -0.0006965366739766819
1.2763057290191 -0.0006895763587931413
1.2804694263573992 -0.0006827368649934578
1.2846605746632775 -0.0006760140653291734
1.2888770571760233 -0.0006694074446853269
1.2931189753982864 -0.0006629130391474899
1.2973857194145353 -0.0006565281579420421
1.3016774512290965 -0.000650249104070784
1.3059920959583025 -0.0006440755471682415
1.3103298470528273 -0.0006380039289685768
1.314690930968851 -0.0006320308368166161
1.3190732990594256 -0.0006261560560960883
1.3234772056809732 -0.0006203762972397372
1.3279021590864204 -0.0006146893907996747
1.3323484617928898 -0.0006090922596798834
1.3368140944244402 -0.0006035848183994471
1.341299383367982 -0.0005981640951691825
1.3458046817605123 -0.0005928272362137041
1.350327988560565 -0.0005875742369384611
1.354869678192074 -0.0005824023374798396
1.3594293500835875 -0.0005773097706309543
1.3640074175028047 -0.0005722939478958182
1.3686018998335783 -0.0005673549547904718
1.3732132286735492 -0.0005624902836856068
1.3778418575624016 -0.0005576975237539717
1.382485818642948 -0.0005529768168005457
1.3871455818766805 -0.00054832582444634
1.391820817906293 -0.0005437430936607167
1.3965120283955486 -0.0005392264259261025
1.4012172596410863 -0.0005347760254901833
1.4059370275296885 -0.0005303897565832643
1.4106718661416693 -0.000526065563700419
1.4154198305620582 -0.0005218036898609524
1.4201814676662252 -0.0005176021360082914
1.4249565043403862 -0.0005134596972420911
1.429745513612474 -0.0005093744898831589
1.4345465602375498 -0.0005053467996124275
1.4393602283835634 -0.000501374791897309
1.4441871174517331 -0.0004974566994101061
1.449025298136661 -0.0004935928340353193
1.4538753798986335 -0.0004897814728228291
1.4587371344956779 -0.0004860216088340208
1.463611193173378 -0.0004823116152296966
1.4684956330699777 -0.00047865183232155924
1.4733910942303936 -0.0004750406720904473
1.4782982295676135 -0.000471476603287226
1.4832151201041057 -0.0004679599833600465
1.4881424267251049 -0.00046448931623103155
1.4930799573212994 -0.0004610637543687394
1.4980283910873595 -0.0004576818824713556
1.5029858131569398 -0.0004543440761242372
1.5079529097283455 -0.0004510489509238391
1.5129303779578578 -0.0004477951708098564
-0.5075778548132774 0.008491320229172053
-3.2532815665576607 0.020629791538511025
-2.035075114863915 0.015280620173199325
-1.4588477260211192 0.012763682002004534
-1.103939768397467 0.01122313771535681
-0.8567142187546608 0.010157657543553073
-0.6721310600073878 0.009368542170834366
-0.5271400962185027 0.008754091874252032
-0.41003458719904984 0.008262664262019574
-0.31193255071613635 0.007855074558214489
-0.22861522218849473 0.007512715186771241
-0.1572171899629211 0.007222935944147128
-0.09410475036435173 0.006969710376362871
-0.03828188615514705 0.006748648750758215
0.01105679161928208 0.006556189097218951
0.056152603679905155 0.006382447758792945
0.09676148643897875 0.006228501474517064
0.13417815896055174 0.006088642724346705
0.16824273205003237 0.005963568070439687
0.19975295363911982 0.0058497624878442326
0.22902036479321453 0.005745855957825442
0.2565514586327424 0.005649605153560499
0.28198779915024375 0.005562595804342859
0.30616935691796243 0.0054811221992409195
0.3283778338478811 0.0054083576765549535
0.34997569549337015 0.005338282602878407
0.3703464705401558 0.005273621085787257
0.3891437553246959 0.005215905771300507
0.40766377085077465 0.005159409278097545
0.4252445525444699 0.005107056417058538
0.44149414161942957 0.005060576398714733
0.45770896157364405 0.005014254183544159
0.4729046255393001 0.004972423782612791
0.4878103334423258 0.004931872585247026
0.5018505236464108 0.00489514421717491
0.5154228386040529 0.004860475569718711
0.5285451741274301 0.0048277921033673425
0.5415042350006729 0.004795828958269848
0.5537318758894116 0.004767097041542484
0.5656176527563588 0.004739868919797389
0.5774317794405022 0.004712956898251978
0.5885931598472354 0.004688929019088171
0.5994835187522227 0.004666092397884976
0.6103663296234458 0.004643289076456939
0.6206467832732301 0.004623143183531715
0.6307282986803102 0.00460387936118863
0.6408396406327199 0.004584479540907306
0.6503951295051138 0.004567531986101797
0.6597936351474232 0.004551281408311977
0.6689978520889355 0.004535883565219255
0.6782850841768919 0.004520119482944108
0.6870578612210068 0.00450662502979977
0.6959772135520552 0.004492488339950976
0.7041380246649709 0.004481693706200256
0.7128009991770341 0.004468683670554293
0.7212249904537202 0.004456732372592951
0.7289364158528002 0.004447920300621517
0.7371767604007147 0.004436774788007619
0.7451926996000111 0.004426619287878645
0.7525335027550852 0.004419446707405549
0.7604101307943694 0.004409905808437204
0.7678176148904754 0.0044024346389285665
0.7754321019020267 0.00439405464322895
0.7826117170518643 0.0043875887666116565
0.7897483098972486 0.004381312692148369
0.7968129844424681 0.004375353900742277
0.8040710402577673 0.004368546377964881
0.8109022587087651 0.004363617528355517
0.8177023602806059 0.004358825957554567
0.8247136123395364 0.004353107262657835
0.8313108095624955 0.004349210848054716
0.8381506503161802 0.004344243959301599
0.8443379607514316 0.0043421558484654085
0.8511230613481331 0.0043374348694095455
0.857472966539575 0.0043346294368178905
0.8640671251189929 0.004330746427844636
0.8702852850755249 0.00432852662942203
0.8764888357427623 0.004326366871307703
0.8826591885120649 0.004324353572864016
0.8890514317278786 0.004321361356967184
0.8950677986496771 0.004320031811940934
0.9013371483829644 0.004317581767087505
5.652276531441586 -0.016617001129119218
7.060306868160012 -0.022803616999455604
5.656573645146551 -0.01658553727802736
4.951674120796881 -0.013450512799363924
4.506627383443188 -0.01146188480791462
4.193717196541471 -0.010056201231360442
3.959228679549767 -0.008996496138786109
3.7757634663771 -0.008161891330647422
3.6277009056136933 -0.007483468530147529
3.5054442072757723 -0.006918898256582547
3.40263106051745 -0.006440107394843459
3.3149070573464314 -0.006027885537052864
3.2391541707711013 -0.005668472424457815
3.173116076522959 -0.005351922620442875
3.1150585362910306 -0.0050705807477952934
3.063649146946773 -0.004818564211680501
3.017868023702505 -0.004591382394320245
2.9768792979351986 -0.004385343269699301
2.9400158088818387 -0.004197503514546257
2.906726745601688 -0.004025428696152439
2.8765731776522045 -0.003867191201848255
2.8491731156085933 -0.003721101391371165
2.824206033232244 -0.0035857407825306987
2.80141224225801 -0.0034599725280936573
2.7805578248344602 -0.003342760237406677
2.761445496739128 -0.0032332335486690332
2.743901578612679 -0.003130621826298096
2.727783598656387 -0.0030343053487256267
2.712958370845385 -0.00294369212542782
2.6993093507854127 -0.0028582635840151377
2.686740427628507 -0.00277760453423016
2.675159684482523 -0.0027013050532084817
2.6644875305376985 -0.0026290140089657967
2.6546512221204352 -0.002560406065417349
2.6455904761951103 -0.0024952240944095304
2.637246212514995 -0.002433203039005364
2.6295654789494876 -0.0023741048777707057
2.6225042333010293 -0.002317744132504094
2.6160187061083917 -0.002263923293093514
2.6100703794966336 -0.002212472429644915
2.604623241158208 -0.002163228254399069
2.599647132321806 -0.002116066538876642
2.5951117104472274 -0.002070849008717316
2.5909893710153824 -0.002027449468929543
2.5872568143041406 -0.001985773951205702
2.583890504909917 -0.0019457142123331505
2.580869431303128 -0.001907177555427723
2.5781737345459703 -0.0018700719567967261
2.5757863869171587 -0.0018343311184138007
2.5736902326833473 -0.0017998749423545142
2.571869513669597 -0.0017666294963238085
2.570310489198775 -0.0017345429837981466
2.56899943339981 -0.001703550438428477
2.5679238696899773 -0.0016735968170852255
2.5670720220139884 -0.001644625755451204
2.566433302947516 -0.0016165993682561595
2.56599736028474 -0.0015894675728012034
2.565754628097153 -0.001563183755219061
2.5656962436929973 -0.001537717639268248
2.5658137492587656 -0.001513027499769349
2.566099252036949 -0.001489078516124059
2.5665454190576042 -0.0014658339256424153
2.5671451021196674 -0.0014432710159275825
2.5678917765851565 -0.0014213565904197655
2.56877939427865 -0.0014000595545765031
2.5698017754080382 -0.0013793614683454962
2.5709535179070144 -0.0013592340876334875
2.5722293774946507 -0.001339654276166767
2.573624644852785 -0.001320596846059496
2.5751341294469086 -0.0013020477215822948
2.576753608431673 -0.0012839838610290255
2.578479165070121 -0.0012663835731564327
2.5803061816373685 -0.0012492353093078881
2.582231138582273 -0.0012325191305111848
2.5842504119707854 -0.0012162190490011711
2.586360931779282 -0.0012003171089930507
2.5885586780227072 -0.0011848043988878791
2.5908408874445996 -0.0011696643162699553
2.593205002953752 -0.00115488116826613
2.5956473574849213 -0.001140447600259343
2.5981656487727633 -0.001126349043595248
2.6007572909104795 -0.0011125740899896213
2.603420286074922 -0.001099109513900645
2.6061513417401017 -0.0010859496130717376
2.608948661059017 -0.001073082048610426
2.6118105915368517 -0.0010604951184650417
2.614734065224823 -0.0010481841111498282
2.6177175989814003 -0.0010361380717515193
2.620759297538868 -0.0010243486388887696
2.6238578914161934 -0.0010128058002576025
2.6270105542107416 -0.0010015059100049182
2.630216152361683 -0.0009904395554680662
2.6334736567171717 -0.0009795977846070733
2.6367803874893667 -0.0009689775983914783
2.6401354314474617 -0.0009585705561919648
2.643537367635318 -0.0009483703891546872
2.6469854373581967 -0.0009383693384194205
2.650477120195305 -0.0009285651080377822
2.6540117518755864 -0.0009189503557199747
2.657588745754211 -0.0009095180816406901
2.6612056790726513 -0.0009002664207099942
2.6648620465468866 -0.0008911887320433136
2.668556761865787 -0.0008822802231454809
2.6722894344405432 -0.000873534759134473
2.6760577485380566 -0.0008649509470861054
2.679861380688024 -0.0008565229482261151
2.6837000665117046 -0.000848245184475706
2.687571556338469 -0.0008401165543591722
2.6914756441361334 -0.0008321317372058322
2.6954114852442217 -0.0008242870066145207
2.6993789606799936 -0.0008165774259519392
2.7033758936024554 -0.000809002215045917
2.7074022136928733 -0.0008015566519552034
2.7114578965431804 -0.0007942362172830178
2.7155408104953693 -0.0007870403301917972
2.719650973771465 -0.0007799646593567776
2.7237877197728437 -0.0007730062639346476
2.727951134091569 -0.000766161109817998
2.732139135074547 -0.0007594288367766676
2.736351844211768 -0.000752805569074743
2.7405894193044418 -0.0007462875911709615
2.744849809812706 -0.0007398746800977952
2.7491332051968698 -0.000733563259985068
2.753439072416384 -0.0007273509792097503
2.7577676539754634 -0.000721234495916061
2.762116933826391 -0.000715213739306071
2.7664871813581158 -0.0007092854861319272
2.770878695132126 -0.0007034466418467065
2.7752894805744575 -0.0006976972303884995
2.779719860097785 -0.0006920342624351133
2.784169402429214 -0.0006864558353332044
2.788638472387248 -0.000680959146842967
2.793125099185488 -0.0006755443258465659
2.7976296680479464 -0.0006702086601274539
2.8021525879633202 -0.0006649495423119666
2.8066919029225943 -0.0006597671664758454
2.811248040112801 -0.000654659005531473
2.8158206469032763 -0.0006496235037727532
2.820410184846608 -0.0006446582857230624
2.825014714240794 -0.0006397636173999448
2.8296347123108774 -0.0006349371924692666
2.8342706758817116 -0.0006301767910655853
2.838920675323351 -0.0006254827236415048
2.8435852215034174 -0.0006208528322842919
2.848264023336 -0.0006162858328057028
2.8529576198802715 -0.0006117796916663013
2.8576640925315644 -0.0006073347679590431
2.8623839925141965 -0.000602949081813313
2.8671178873969154 -0.0005986207254656713
2.8718638653103596 -0.0005943500877234286
2.8766225047689744 -0.0005901353091123295
2.881393563404572 -0.0005859753203729458
2.8861776431141095 -0.000581868365188081
2.890972839294079 -0.000577814864419786
2.895779763373554 -0.0005738131038039365
2.9005990405476325 -0.0005698614298079727
2.9054287705653223 -0.0005659602824961377
2.910269587230488 -0.000562108046315257
2.9151212871414174 -0.0005583038239151157
2.9199845236897772 -0.0005545460861583468
2.9248574011986648 -0.0005508352932887727
2.929740580592167 -0.0005471699494000536
2.9346347344932298 -0.0005435486101977511
2.9395379698677715 -0.000539971747585145
2.944450966164311 -0.000536437947380424
2.9493735514450634 -0.0005329464510429733
2.9543064217165522 -0.0005294959174401335
2.9592476865845327 -0.00052608683012134
2.9641980480530634 -0.0005227178744134176
2.969158218149616 -0.0005193877798634962
2.9741263078930587 -0.0005160970362552642
2.9791030347619483 -0.0005128443971845092
2.9840882524459573 -0.0005096292171718209
2.9890826925363996 -0.0005064503120744651
2.994084467300411 -0.0005033081771830925
2.999094313137306 -0.0005002016495664644
3.00411297509811 -0.0004971296044625425
3.00913856597883 -0.0004940925394949466
3.0141718352122098 -0.0004910893492324787
3.019212657529323 -0.00048811948102418296
3.0242617944826975 -0.000485181882907754
3.029317359117101 -0.00048227705360459063
3.034380116863005 -0.00047940395826068217
3.0394508406694882 -0.00047656159519205706
3.0445276434763997 -0.0004737504626570763
3.0496113017754283 -0.0004709695746008371
3.0547017077016534 -0.0004682184551539939
3.0597996482273118 -0.00046549616449877666
3.064903235827046 -0.0004628031988411301
3.070013260617955 -0.0004601386322375265
3.075130519291676 -0.000457501567749518
3.0802531237670223 -0.00045489249913087485
3.0853818736147787 -0.00045231054214506217
3.090516675464386 -0.00044975528486770346
3.095658338007624 -0.00044722588330144174
3.1008049721928757 -0.00044472282691900104
3.105957389274721 -0.00044224528302927224
3.1111164062896677 -0.00043979244444939747
3.116280133313566 -0.0004373647968028547
3.1214493897336695 -0.00043496154327746066
3.126624094327582 -0.0004325823255432238
3.131805074467124 -0.000430226382013825
3.136990438906281 -0.00042789419248073427
3.1421810171142823 -0.00042558500461087724
3.1473776436720726 -0.00042329808862249873
3.152578426243295 -0.00042103391949687737
3.157784201336 -0.0004187917759540645
3.162994897970165 -0.0004165713448504858
3.1682113596818056 -0.00041437193591159564
3.1734316925743684 -0.00041219401723555153
3.17865674190692 -0.0004100369061494322
3.1838873574796906 -0.00040789994001466
3.1891216441609913 -0.00040578358148030455
3.194360453336472 -0.0004036871749023068
3.199603722709682 -0.000401610445446311
3.2048523098835062 -0.00039955276489687643
3.210104318011531 -0.0003975145883381784
3.2153606061167608 -0.0003954952938200018
3.2206220372747936 -0.0003934942772707915
3.225886713313187 -0.000391511987924757
3.231155498615891 -0.0003895478274823974
3.236428338286615 -0.0003876015537571039
3.241706102235142 -0.0003856725928278149
3.246986890481651 -0.00038376138595500595
3.2522715741096135 -0.00038186736439572397
3.2575610278341713 -0.0003799899754288743
3.262853350298471 -0.0003781296542398516
3.26814941730008 -0.0003762858528830226
3.2734491802801813 -0.00037445835713060806
3.278753519969186 -0.0003726466407992096
3.284060533155781 -0.00037085113089291836
3.2893711015426703 -0.00036907130551775265
3.2946861100997467 -0.0003673066571936751
3.3000036542169653 -0.0003655576067539734
3.305324619761663 -0.00036382365067777776
3.310648963627102 -0.0003621045987906171
3.315977576102057 -0.0003603999670776497
3.32130855070848 -0.00035871016813114576
3.3266427785419808 -0.00035703472149589173
3.3319811536481296 -0.0003553731597312724
3.3373217681499625 -0.0003537258892577988
3.342665516838281 -0.0003520924459224487
3.3480123613172452 -0.0003504726603336929
3.353363200355801 -0.0003488660858888927
3.358716124219839 -0.00034727312081564416
3.3640720323487727 -0.00034569332146912015
3.369431826854651 -0.00034412625599562866
3.3747935966198526 -0.0003425723165187626
3.380158244375835 -0.00034103107391767064
3.385525735813772 -0.0003395023768314007
3.3908969772572277 -0.0003379858119862577
3.3962700557599845 -0.0003364817634387515
3.401645878203169 -0.0003349898203748167
3.407025353896998 -0.0003335095826971023
3.4124065685381737 -0.00033204142847506016
3.41779043195217 -0.00033058495988424406
3.4231769133895398 -0.00032914004126684553
3.4285669259300136 -0.00032770628915553413
3.4339585534827677 -0.00032628407373359246
3.4393527095912617 -0.00032487301357943905
3.44475031001339 -0.00032347273704081867
3.4501494373355115 -0.0003220836084653696
3.455551007744006 -0.0003207052580910933
3.4609549936006943 -0.0003193375639863729
3.466362314049533 -0.00031798016943727003
3.4717710499389938 -0.00031663343112420337
3.4771821207985028 -0.0003152969940340474
3.482596448181866 -0.00031397051208438087
3.4880121116543847 -0.0003126543362947488
3.493430033125904 -0.0003113481221536634
3.498850187687367 -0.00031005175976926095
3.5042734999444463 -0.0003087649165234651
3.5096980477798922 -0.0003074879360127654
3.5151247561196186 -0.0003062204870315554
3.520554551744951 -0.0003049622465599063
3.5259855112984866 -0.00030371355272320786
3.531418561857052 -0.0003024740838052132
3.5368536809131967 -0.0003012437405093878
3.542291798007909 -0.00030002221199061494
3.547730988160083 -0.00029880982921094907
3.5531721811760804 -0.00029760628249606225
3.558616308567167 -0.0002964112696931531
3.564061444157133 -0.0002952251164916798
3.5695085197019125 -0.0002940475218182911
3.5749575148141446 -0.00029287839572986424
3.580409363508039 -0.0002917174471158581
3.5858621380444475 -0.0002905649947704373
3.5913167726568958 -0.00028942074855079554
3.596774203149238 -0.0002882844252416481
3.6022325006330362 -0.0002871563385671463
3.607692601114053 -0.00028603620620287144
3.6131544860821805 -0.0002849239464874259
3.618619093617866 -0.0002838192862494435
3.6240844933311678 -0.00028272253258874243
3.6295516234831666 -0.00028163341313071306
3.6350214237843943 -0.0002805516618954008
3.640491962741777 -0.00027947758111575874
3.645964180231715 -0.00027841090554376366
3.6514380594109497 -0.00027735156087170347
3.6569145420665023 -0.00027629929028042224
3.662391695264901 -0.00027525438964842643
3.6678704609410744 -0.00027421660280907607
3.673351782370716 -0.00027318567951093
3.6788337255627965 -0.00027216191096682523
3.684317233928539 -0.0002711450475230865
3.6898022921087374 -0.00027013502141938245
3.6952898452779266 -0.00026913159078125354
3.7007779580649895 -0.0002681350407330249
3.706267575764727 -0.000267145129930881
3.7117596449146646 -0.0002661616225136382
3.7172522291308923 -0.0002651847991372989
3.7227462750607003 -0.0002642144244250125
3.7282417686697045 -0.0002632504364610446
3.733739658236061 -0.000262292607063327
3.739238006054677 -0.00026134121105922056
3.744737760500584 -0.00026039602069414603
3.750239871102906 -0.00025945681330489205
3.7557423991872696 -0.00025852385944270036
3.7612462943707925 -0.0002575969368326331
3.766751543804631 -0.0002566759887891933
3.772259098617198 -0.0002557607997050097
3.777767018870179 -0.00025485163455503396
3.783276255769124 -0.0002539482780720291
3.7887877615932126 -0.00025305051972529893
3.794299595477 -0.0002521586203998145
3.799812709769256 -0.0002512723698717702
3.8053270926845357 -0.0002503917161472039
3.810843697974832 -0.0002495164551930457
3.8163605835660377 -0.00024864684256181236
3.8218787032704284 -0.00024778267448649936
3.827399011900809 -0.000246923751614086
3.832919566496713 -0.0002460703255866311
3.838441321924847 -0.00024522219728898654
3.843964267355858 -0.00024437931894511763
3.8494893589617334 -0.00024354149719829033
3.8550146526264655 -0.0002427089785928075
3.8605411045681137 -0.00024188156997515984
3.8660696719386323 -0.0002410590823119891
3.871598409774734 -0.00024024175840963287
3.8771282752690155 -0.0002394294094140371
3.882659258453586 -0.000238621991349579
3.8881923177372215 -0.0002378193207277127
3.8937255070521815 -0.00023702163548224576
3.8992597848412487 -0.00023622875227454726
3.9047961104202926 -0.00023544049161785448
3.9103325369118096 -0.00023465708787333118
3.9158700236610287 -0.00023387836168382525
3.9214085614778185 -0.0002331042725051076
3.9269491108425 -0.00023233464598765112
3.9324897238219876 -0.0002315697118357076
3.93803136092032 -0.00023080929580442968
3.9435749834590155 -0.00023005322725538525
3.94911864273098 -0.0002293017324782834
3.95466330007757 -0.00022855464092215092
3.960208947012333 -0.00022781191514720863
3.9657565459376656 -0.00022707338928342933
3.971304147137559 -0.00022633928516962144
3.976852713029416 -0.00022560943700206362
3.9824032067971302 -0.00022488368235846327
3.987953677984976 -0.00022416223981401728
3.993505089788499 -0.00022344494699814347
3.9990574343591447 -0.00022273176928516692
4.004611675885812 -0.0002220225486866413
4.010165862948412 -0.00022131749952339764
4.015720959743518 -0.00022061646384079214
4.021277931187271 -0.00021991928685894784
4.026834825152477 -0.00021922617977900347
4.032392606560151 -0.00021853698784253745
4.037951268141043 -0.00021785167897952652
4.03934155668351 -0.00021768089505439504
4.049072176330043 -0.00021649246565744607