0.005714285999999902 0.0
0.005461193563212063 3.480907230210181e-05
0.006955873560967163 5.942302304086986e-05
0.00922485384326599 7.952024470037762e-05
0.011955430488766794 9.692492747607743e-05
0.01500094772892524 0.00011249243136133954
0.018279035027422452 0.00012670335920834803
0.021737915203447145 0.00013985968082895847
0.025342259031363668 0.00015216742134857946
0.029067489468092234 0.00016377006094816333
0.032894658236301666 0.00017477801260084254
0.03680960070038708 0.0001852740185320498
0.0408013082900478 0.00019532217758691604
0.0448605053722364 0.00020497671332017127
0.04897989248941137 0.00021428008847346511
0.0531535494681048 0.0002232669534379482
0.057375431441084146 0.0002319725109751831
0.06164297867294799 0.00024041140094607647
0.06595040425438192 0.00024861802137209846
0.07029546541199849 0.0002566051048698855
0.07467605129000177 0.00026438496454433784
0.07908776771904158 0.00027198323259084654
0.08352957281809203 0.00027940598653981776
0.08800021149706438 0.0002866605476189783
0.09249580974063143 0.0002937689305233435
0.09701643664365456 0.00030073189885253005
0.10156107609653908 0.00030755479648347306
0.10612656105856466 0.0003142560974893927
0.11071288823082881 0.0003208358211135579
0.11531888374127774 0.00032730081482029613
0.11994434741296978 0.00033365224628748626
0.12458627561249358 0.00033990705307329497
0.12924549866543877 0.0003460615583443055
0.13392166074645928 0.0003521172543883093
0.1386121798728457 0.0003580892025012817
0.14331757169185266 0.00036397439479481347
0.14803793876732207 0.00036977223299052914
0.1527708135397461 0.00037549711092770883
0.15751661368396697 0.0003811460088905322
0.16227604603709267 0.00038671597038215857
0.16704644138756208 0.00039222198220155896
0.171828557168487 0.0003976596260680805
0.17662188662698952 0.0004030318579871843
0.18142682796591636 0.0004083363551505814
0.18624113510809082 0.00041358621944040445
0.19106623270438838 0.0004187725572192028
0.19590032515361067 0.0004239070092854519
0.20074395442188653 0.00042898583090378116
0.20559674999359423 0.00043401118337661694
0.21045922257571803 0.0004389800876332688
0.21532922899008433 0.000443905045322437
0.22020688177627612 0.0004487853999749933
0.225093491273487 0.00045361292475966885
0.2299881138728903 0.00045839429060846426
0.2348984440932771 0.0004630840303095995
0.23979750754459417 0.0004678394916529661
0.24471563531947282 0.0004724837464343972
0.24964802770288408 0.0004770447924900232
0.254568369934713 0.0004816761298373212
0.2595069244745023 0.00048620064730177365
0.26445945493719947 0.0004906442233326195
0.2693993772449179 0.0004951613456166442
0.27436537262157934 0.0004995263777230728
0.2793177861591811 0.0005039706358047587
0.2842958350103384 0.0005082653572361972
0.2892599709673629 0.0005126412357628851
0.2942492268610337 0.0005168700006278965
0.29922457491639065 0.0005211804764192804
0.3042249768947851 0.0005253448069443688
0.3092190843218745 0.0005295458550276372
0.31421123375803894 0.0005337583245200175
0.31922739055232796 0.000537830753598732
0.3242367626160494 0.0005419427595634364
0.3292517179059047 0.0005460216139695707
0.33427195672927823 0.0005500702316385208
0.33929692004916845 0.0005540912902381693
0.34431834570109743 0.0005581329848645622
0.34936293349154823 0.0005620395694366547
0.35440006613236186 0.0005659896416025701
0.3594424077704481 0.0005699093284954104
0.3644889742898272 0.0005738037873659777
0.3695400470212551 0.0005776725437933565
0.37460333317455685 0.000581470056536084
0.3796519558422524 0.0005853531047458818
0.3847163583618336 0.0005891441054686425
0.389783713178975 0.0005929178847641485
0.3948546246084632 0.0005966709175259471
0.3999289394347798 0.0006004035141723505
0.40501528252810637 0.0006040665305076816
0.41008649084046844 0.0006078178314837517
0.41517305832430473 0.000611479538897878
0.42027032313903234 0.0006150788463330046
0.4253520987611754 0.0006187685057729379
0.43045713286169907 0.0006223224931861174
0.4355456304479617 0.0006259723585482507
0.44065739839668616 0.0006294870658839374
0.44575266052236096 0.0006330980554625791
0.45087077923952457 0.0006365757173126865
0.45597230993183224 0.0006401501409076959
0.46109659963752847 0.0006435918059695532
0.4662042050829829 0.0006471307941393351
0.4713342501435349 0.0006505383035764043
0.47645593984732315 0.0006539951350443468
0.48158150659235766 0.0006574293508435108
0.4867020577773875 0.0006608928235519105
0.49184419887066255 0.0006642303573849913
0.496977311377373 0.0006676205570295534
0.5021140838295555 0.0006709894073746498
0.5072535633982085 0.0006743418831670243
0.5123960704424455 0.0006776772823243947
0.5175412056198212 0.0006809973509797608
0.5226889364615825 0.0006843022785307815
0.5278392217039851 0.0006875923056783224
0.5329920225573304 0.0006908676586915807
0.5381473025722947 0.0006941285501878045
0.5433048003860268 0.0006973759214334009
0.5484649882679857 0.0007006081842183419
0.5536275214323716 0.0007038267664342125
0.5588005354025274 0.0007069842117116296
0.5639571964766432 0.0007102370471737827
0.5691279968332115 0.0007134074049658112
0.5742999272208742 0.0007165705877050048
0.5794822815959169 0.0007196735482633101
0.5846480507192133 0.0007228732543903474
0.5898277988292353 0.0007259914178889208
0.5950169106844143 0.000729054960519245
0.6001892374414375 0.000732216414468128
0.6053835601970956 0.0007352495607235202
0.6105601133734062 0.0007383857776786583
0.6157587361707879 0.0007413938408066788
0.6209396787758514 0.000744505036542337
0.626142330420997 0.0007474895984794057
0.6313354137015761 0.0007505299748765671
0.6365233509861667 0.0007536003690459235
0.641732192832519 0.0007565488221228059
0.6469310024996755 0.000759555211873773
0.6521329591553542 0.0007625438278434346
0.6573288849390178 0.0007655676232696518
0.662545438871815 0.0007684710899814996
0.6677520312888738 0.0007714326644942184
0.6729613738081248 0.0007743781970315141
0.678172760590364 0.0007773118049149992
0.6833857985982359 0.0007802351974986281
0.6886009265152016 0.0007831469824871679
0.6938177903815728 0.0007860486412855584
0.6990363862170526 0.0007889401971118212
0.7042566947277322 0.0007918217625117088
0.7094786961558306 0.0007946934527368929
0.7147023714809713 0.0007975553787375871
0.7199274745655675 0.0008004083929677747
0.7251626370684967 0.0008032033116317516
0.7303807198159937 0.0008060978604176235
0.7356122515824683 0.0008089139579981816
0.7408444668047149 0.0008117260688248392
0.7460861669462613 0.0008144828519467179
0.7513106681488733 0.0008173399604151285
0.756548293160975 0.000820119931376706
0.7617949417218117 0.0008228478492365132
0.767024160474632 0.0008256774391550131
0.772274766011865 0.0008283822750659985
0.7775072351137382 0.0008311929049546729
0.7827609120424519 0.0008338798247362989
0.787996370922162 0.0008366730145667018
0.7932527575545123 0.0008393435447040609
0.7984667424437806 0.0008422619972347035
0.8037496746919217 0.0008447782640434734
0.8090218410472758 0.0008473573307684684
0.8142906528292961 0.0008499559654873692
0.8194768112551074 0.0008530367361470374
0.8247678952930979 0.0008555054517001831
0.8299642086260128 0.0008585264031400393
0.8353436371119951 0.0008604797853117294
0.8405216986660768 0.0008636077868770482
0.8457322127279951 0.0008665464855378792
0.8511184958922975 0.0008684598828023269
0.8563011571936201 0.0008715593030207581
0.8615995300470445 0.0008739895845057242
0.8668025377429736 0.0008769703195484413
0.8721080000016599 0.0008793534136813816
0.8773991692119552 0.000881819882436333
0.8826881224968499 0.000884305110420068
0.8878910334309111 0.0008872864098969028
0.8931988326844404 0.00088965587180413
0.8984955911318036 0.0008920955704890983
0.9037040988458074 0.0008950442226677844
0.9090166326030431 0.0008973860671314639
0.914315413703509 0.0008998081339891952
0.9196122022944522 0.0009022476568397492
0.9248230407670324 0.0009051827131702952
0.9301387998779642 0.0009075057434077945
0.9354435191367116 0.0009098990048582443
0.9406599668524507 0.0009128013411898508
0.9459804095521651 0.0009150970509822179
0.9512870610911133 0.0009174732077712324
0.9565102693831236 0.0009203419413432422
0.9618341414860261 0.0009226176466420394
0.9671443537097772 0.0009249730331417922
0.9724524875695266 0.0009273463764432053
0.9776745650709522 0.0009302158729466161
0.9830014603007999 0.0009324739436541455
0.9883149306108567 0.0009348103249909136
0.9935451352451423 0.0009376382472974148
0.9988760870586333 0.0009398726550242612
1.004193414435262 0.0009421865372090755
1.0094272630571322 0.0009449932033021259
1.0148431216571971 0.000946732330313235
1.0200585713026928 0.000949640488616965
1.0253066975594045 0.0009523580367699118
1.0306514520591996 0.0009545177634978508
1.0359769960855907 0.0009567837160843358
1.0412974278926548 0.0009590794894160368
1.0466178265366448 0.0009613812894243611
1.0518528972678887 0.0009641749934449229
1.0571116749536085 0.0009668304093750511
1.0625438298273195 0.0009684744764928062
1.067774227456951 0.0009713012730132861
1.0731143777751626 0.0009734820237571574
1.0784431387311741 0.000975729211257031
1.0836892494571018 0.0009784643496911069
1.0890363115245574 0.0009806047826199887
1.0943698007872982 0.0009828243888247066
1.0996174975203026 0.0009855444424877295
1.1049708478013596 0.0009876540280565485
1.11030723543311 0.0009898567274115827
1.1156393487404124 0.0009920843598792482
1.1208903917270767 0.0009947907273077615
1.1262429381119219 0.0009968991689583073
1.1315821497688034 0.000999085395128509
1.136835680912414 0.0010017714153393658
1.1421949189114677 0.0010038466565017758
1.1475372137227566 0.0010060148979268006
1.152793820495205 0.0010086829772908102
1.1582374266411417 0.0010102660797460632
1.1633959138736305 0.001013506512839874
1.1688552578868112 0.0010149919794852683
1.1741036170423165 0.0010177081690862665
1.1794652743582468 0.0010197692978197212
1.1848117699384435 0.0010219130351984045
1.1900732323899863 0.0010245527902751279
1.1954405823652898 0.0010265807124237726
1.200791038451145 0.001028701347266655
1.20613722267953 0.0010308469008317087
1.211400006341167 0.0010334789489876155
1.216769361868403 0.0010354951722928933
1.2221221639232347 0.0010376021225619017
1.227389469433831 0.0010402077937380447
1.2327624603051834 0.0010422028112492103
1.2381184469452844 0.0010442911851035884
1.243388676068733 0.0010468798021769515
1.2487621270441647 0.0010488663025668948
1.2541235727202373 0.0010509286658440728
1.2593960235310835 0.0010535043233064322
1.2648533000158366 0.0010550018503182764
1.2701118997357845 0.0010576641375923148
1.2754000051700007 0.0010601484780542391
1.2808639000784634 0.0010616073982860383
1.2861245232748733 0.0010642520489299956
1.2914188815151704 0.0010667057485720158
1.2968854176359255 0.0010681492620081242
1.3021486871979704 0.0010707784757957423
1.307526992843103 0.0010727424910152376
1.3128907236087954 0.0010747856916129112
1.3181696495238064 0.0010773235783109612
1.3235522476727724 0.001079256721144482
1.3288416670446477 0.001081739230336197
1.3343102927408932 0.0010831705548002978
1.339577187599808 0.0010857786214016874
1.3449596518951346 0.0010877183782629413
1.3502463549866501 0.0010902108989107526
1.3556350382587414 0.0010921085458285898
1.3610089146124338 0.0010940925648897995
1.3663800584319272 0.0010960983566771156
1.3716646078343615 0.0010986034402861744
1.3770535064611202 0.0011004998309909531
1.3824308406045098 0.0011024695132024263
1.38771937510724 0.001104951350809517
1.3931114048009672 0.0011068294772841776
1.398489155460581 0.001108790896632362
1.4038644057346215 0.0011107727345306153
1.4091531755787017 0.0011132531993377584
1.414546354662578 0.001115124621156665
1.41984659240617 0.0011175440243105237
1.4253261219744058 0.0011189117439941135
1.4306039454001542 0.0011214560617643133
1.4359950331007596 0.001123339683100417
1.4412954622513805 0.0011257579697332852
1.446694669243998 0.0011275942293811005
1.4520792850101145 0.0011295156029920744
1.4574611752708808 0.0011314587083282944
1.4627564391547612 0.0011339012919152078
1.4681560110575411 0.0011357354229585485
1.4734602579902543 0.001138125606365992
1.4789488611116557 0.0011394462311664505
1.4842325522125588 0.0011419563214447384
1.489629708753565 0.0011438045418460114
1.49493621221273 0.0011461873956471274
1.500341468172742 0.0011479883702839224
1.505732101769686 0.001149874640510589
1.5111176772212822 0.0011517904160565488
1.5164217208304827 0.0011541876187254121
1.521826870907935 0.0011559892109993947
1.527218335308758 0.0011578706349569172
1.5325260965461052 0.0011602461518500809
1.537934119192192 0.0011620309877738667
1.5433280447268753 0.0011638980553743948
1.5486357273429086 0.0011662681976548261
1.5541300724368288 0.001167555328215622
1.5594203964723317 0.0011700267270685397
1.5647431919317327 0.0011723087126752504
1.5701622273804272 0.0011740351416301591
1.5755616111962993 0.0011758703698274684
1.580955450229819 0.0011777379420090637
1.5863465354926412 0.0011796215775653073
1.5916569822494466 0.0011819814292089214
1.5970689569979548 0.0011837432116149219
1.6023860539091057 0.0011860584381576046
1.6078062434463956 0.0011877781350496312
1.6132082375618157 0.0011895981367723411
1.618605181479861 0.0011914475974520056
1.6239181681216959 0.001193786800136193
1.6293372899730194 0.0011955127250847886
1.6347394667403758 0.0011973316613569528
1.640137218031196 0.0011991764124464625
1.6454536742328418 0.0012015012096231405
1.6508713421031995 0.0012032297827465983
1.656193954928014 0.0012055128337026518
1.6616172427042315 0.0012072086246291888
1.6670273862330323 0.0012089869221876156
1.6724292571044437 0.0012108076428208275
2.9186059849158745 -0.006025095310150748
3.290961862905476 -0.008163795451835565
2.9266614688253085 -0.006005416818814947
2.745380946317251 -0.004914634978079737
2.632200185615348 -0.00422109463158855
2.5536707943159076 -0.0037296778190492276
2.495718713679347 -0.0033582990016501786
2.451164135956555 -0.0030650708845686016
2.4159126591026414 -0.0028261040505041276
2.387446418834161 -0.0026267228873728954
2.36409710231208 -0.002457189911387144
2.3447221099805517 -0.002310840077870525
2.3285036395869927 -0.0021828971259128392
2.3148479418980727 -0.0020699092468229974
2.3033001192873535 -0.001969217085420485
2.293510701716748 -0.001878776269773266
2.285210278688856 -0.0017970269332570226
2.2781796774502077 -0.0017226847578174682
2.2722433647945532 -0.0016547258180943686
2.2672570147247963 -0.0015923023942909277
2.2631037111810883 -0.001534744154733219
2.2596834678045887 -0.0014814620228808767
2.256912454529987 -0.0014319611655508112
2.254720839931384 -0.0013858459065135486
2.253047557429376 -0.001342754197208407
2.2518405104836727 -0.0013023821465943488
2.251054482068213 -0.0012644601601822423
2.25065045508045 -0.0012287723087421492
2.250593866982978 -0.001195111147855395
2.2508545415540446 -0.00116329481948628
2.2514056596130576 -0.0011331785476749268
2.2522235307609257 -0.0011046183076733824
2.253287038622682 -0.0010774909228342862
2.2545775521011215 -0.0010516818804753667
2.2560776867125796 -0.0010271014393828993
2.2577724146021225 -0.0010036561054113055
2.2596483292605196 -0.0009812618420955333
2.2616923270639298 -0.0009598538794568141
2.2638934258366366 -0.0009393623227222341
2.266241348340264 -0.0009197272224085817
2.2687271672070093 -0.0009008906699077069
2.271341441803262 -0.0008828092623010782
2.274076744120009 -0.0008654338370835211
2.276926374173758 -0.0008487194784892824
2.2798827028845228 -0.0008326333508066643
2.282940107789255 -0.0008171368236932549
2.286092946185006 -0.0008021969819715135
2.289336574240153 -0.0007877809038800757
2.2926650210660924 -0.0007738654263170212
2.2960743600404 -0.0007604218111663981
2.2995610384409524 -0.000747423501358195
2.3031199553283592 -0.0007348524084033655
2.3067480980263824 -0.0007226851254431776
2.3104420918674844 -0.0007109019672696309
2.314199446258458 -0.0006994825724537797
2.3180158956478465 -0.0006884137255155374
2.3218893286362476 -0.0006776772769501998
2.3258178457156973 -0.0006672563132643032
2.3297976387332486 -0.0006571402870879091
2.3338271038030722 -0.0006473140093591634
2.3379040896555576 -0.0006377649312300936
2.342027295653967 -0.0006284796325601757
2.346193368757934 -0.0006194502207553123
2.3504012245008283 -0.0006106645366446635
2.354649907874725 -0.0006021111762196128
2.358936323137833 -0.0005937837477675564
2.3632596883971324 -0.0005856718570987414
2.3676185627050366 -0.0005777670988361702
2.372012352359599 -0.0005700601765516857
2.376438224666499 -0.0005625462329487535
2.3808957166079097 -0.0005552167339096111
2.385384449088864 -0.0005480636348577436
2.3899017418359403 -0.000541082967602586
2.3944473226684355 -0.0005342673112229987
2.399020187543778 -0.0005276108089088706
2.403620187419733 -0.000521106758033955
2.4082448011665107 -0.0005147521187288796
2.4128939625458017 -0.0005085406713816337
2.417567662385986 -0.0005024665292632034
2.4222634735589708 -0.000496527200837696
2.4269814558226788 -0.0004907172014578908
2.431720886634478 -0.00048503231636729297
2.4364819098905457 -0.00047946755171639297
2.4412621982447877 -0.00047402099802052003
2.446061950113279 -0.0004686879794571789
2.4508814042706284 -0.00046346405562452
2.455718293201963 -0.00045834766604701735
2.460572901723916 -0.00045333463889647436
2.465444695724832 -0.00044842185857736145
2.470334019620754 -0.00044360550091845674
2.4752386702332476 -0.0004388843807334235
2.4801590290401485 -0.0004342548900409646
2.4850955070115717 -0.00042971359289495825
2.490045939999911 -0.0004252595317848709
2.495010770654492 -0.00042088945555664517
2.499989595093245 -0.0004166010082737909
2.504982899486496 -0.00041239119265019497
2.5099885620761313 -0.0004082592984429409
2.5150070949142247 -0.0004042024793401035
2.520039032208679 -0.00040021801826981647
2.525082278146268 -0.00039630535633157146
2.530137389286427 -0.0003924619068350907
2.535204054230288 -0.0003886858533195385
2.54028286215377 -0.00038497479935399993
2.5453717456287848 -0.00038132835161503635
2.55047131232571 -0.00037774422155418814
2.5555821869566877 -0.00037422022003147403
2.5607023195766434 -0.00037075605570586594
2.5658323510113856 -0.0003673496334320952
2.5709720370920763 -0.00036399952891747866
2.576122043642629 -0.0003607037928364043
2.581280339939358 -0.00035746224597060794
2.5864476052862244 -0.0003542730176267083
2.5916245323643743 -0.00035113431514346776
2.596809102334179 -0.00034804602862506805
2.6020020197119145 -0.00034500643444731517
2.6072030902041767 -0.0003420143992523009
2.612413037863634 -0.00033906831337612305
2.6176298569481435 -0.0003361681433235221
2.622854281506134 -0.0003333123377381506
2.628087056273513 -0.0003304994076061145
2.633326183615594 -0.0003277293667248526
2.638572417103255 -0.00032500077761688444
2.6438256001093343 -0.000322312726640164
2.6490865017358924 -0.00031966386691414266
2.654353133280633 -0.0003170542643409287
2.6596262713701577 -0.0003144826159323577
2.6649067013023373 -0.00031194766928180123
2.670192439893846 -0.00030944952248474394
2.6754842791325366 -0.000306986962158743
2.6807820912892524 -0.0003045592432304108
2.6860866808865467 -0.00030216522543504104
2.691396070799094 -0.0002998050422058572
2.696711071289288 -0.0002974775867599925
2.7020324997510965 -0.0002951817939146651
2.707358382780482 -0.0002929178188102118
2.712689542901227 -0.0002906846261872374
2.7180258748688413 -0.00028848160213055916
2.7233682114597517 -0.0002863077711867966
2.7287145833206363 -0.00028416331212505094
2.7340658276579823 -0.0002820472753334919
2.739422787614428 -0.00027995874582724883
2.744783496296243 -0.0002778979167227471
2.750148800823581 -0.00027586389623688283
2.755518613668457 -0.0002738561737988793
2.760893790437839 -0.00027187390713114055
2.766272366873846 -0.0002699173047256123
2.7716552020383425 -0.0002679855444579207
2.7770431599874392 -0.0002660778333362382
2.782434278030152 -0.0002641943889926066
2.7878294233373033 -0.0002623344366040157
2.7932285224999465 -0.00026049754795927544
2.7986324497896273 -0.00025868298965557455
2.8040392441470967 -0.00025689098884320005
2.8094497825633518 -0.0002551208279825074
2.8148649462715642 -0.0002533718142793774
2.8202827751442587 -0.0002516441803193931
2.8257041528752467 -0.00024993724766194574
2.8311290174241677 -0.0002482506544114147
2.836558258483425 -0.00024658375711833106
2.841989916841591 -0.00024493679371179005
2.847424884349362 -0.00024330913333212267
2.8528640564918764 -0.0002417001663202632
2.858305474536291 -0.00024011013339696603
2.8637500359270156 -0.00023853843633199882
2.8691976878639114 -0.00023698476713007857
2.8746493329032727 -0.00023544855737976281
2.8801030127174165 -0.00023393005016521799
2.885559631588219 -0.00023242868714071834
2.8910200969356055 -0.00023094392826551974
2.896482450587081 -0.00022947601752900445
2.901947601533587 -0.00022802442405453252
2.9074155045500305 -0.0002265888840337732
2.9128870730182097 -0.00022516889220294332
2.9183603488066936 -0.00022376469279097405
2.923836246685994 -0.00022237578863476396
2.9293156841551937 -0.00022100169848757824
2.93479670300807 -0.00021964266614210373
2.9402802220113102 -0.00021829821774580854
2.9457662021988735 -0.0002169681260008963
2.9512555661362487 -0.00021565193921410596
2.956746355400224 -0.00021434989991238516
2.9622394936804426 -0.00021306156295994704
2.967735907054287 -0.00021178649714925026
2.9732336368615258 -0.00021052494362460683
2.9787336102080157 -0.00020927647717783744
2.9842357933371026 -0.00020804090089863672
2.989741116662941 -0.00020681780887682775
2.995247621127362 -0.00020560743993547998
3.0007562380592425 -0.0002044093935002585
3.006267900889199 -0.00020322328125667216
3.01178065020917 -0.00020204933998680644
3.0172954202883453 -0.0002008871862678047
3.022812181734997 -0.00019973664865097075
3.028331871716862 -0.00019859736062137376
3.033852530303351 -0.0001974695559130244
3.0393750954099374 -0.00019635287237268687
3.0449005068119916 -0.00019524695869630127
3.0504268041523197 -0.00019415204612944592
3.0559549278929996 -0.00019306778737377878
3.061484852322483 -0.00019199403244797594
3.0670175204565417 -0.0001909304489499698
3.072550971332163 -0.00018987726459146034
3.0780861485787874 -0.0001888341505500596
3.0836239974798474 -0.00018780078765151602
3.089162556595573 -0.00018677740082648624
3.0947027717738607 -0.00018576367419333102
3.1002446204240304 -0.0001847594759754723
3.1057890506553747 -0.0001837645034825197
3.1113341003693797 -0.00018277897780252667
3.116880718180724 -0.00018180259919314237
3.1224298541816538 -0.00018083507653103283
3.1279795457662445 -0.0001798766279443905
3.1335307434922175 -0.00017892696502508132
3.139083427429764 -0.00017798597151798533
3.1446385501486525 -0.0001770533707516902
3.150194148353588 -0.00017612937683316566
3.155751175031771 -0.00017521371552596798
3.161310584495901 -0.00017430612032563153
3.166870412926942 -0.0001734068022839967
3.172431615022477 -0.00017251549714170856
3.177994173132838 -0.00017163210194418686
3.1835590437536503 -0.00017075636292047966
3.1891242623622453 -0.0001698884870179851
3.1946907857998657 -0.00016902822248179264
3.200259572101471 -0.0001681753245201919
3.2058286562147913 -0.00016732999699132413
3.2113989964937293 -0.00016649199696395505
3.2169705772517325 -0.00016566123293484546
3.2225443584560534 -0.00016483747138380304
3.2281183743484654 -0.00016402091205093764
3.2336935851829125 -0.00016321132308840832
3.239270952292248 -0.00016240847894188844
3.244848509390417 -0.00016161257627256628
3.2504272180750196 -0.00016082339107042527
3.2560070643571954 -0.00016004084173524782
3.261589011287654 -0.0001592647127333801
3.2671710918807015 -0.00015849519664480377
3.2727542694251888 -0.00015773207932500989
3.278339508188399 -0.0001569751523368649
3.283924840664067 -0.00015622460522377336
3.2895112313394783 -0.00015548023083192407
3.2950986677000493 -0.00015474195616091026
3.300688115546489 -0.00015400958171842997
3.306277606685377 -0.0001532832930395452
3.311868107115398 -0.00015256289178679273
3.3174605837253175 -0.00015184818481478403
3.323053067812303 -0.00015113935468703864
3.328646526448047 -0.00015043620932521764
3.334240948403279 -0.00014973868322639525
3.339837301940772 -0.00014904659126010556
3.3454336176873642 -0.00014836011207965791
3.3510308640704505 -0.00014767906151485856
3.3566300103295372 -0.00014700326013268483
3.3622290865958746 -0.00014633288369563484
3.3678290622610643 -0.00014566775365787904
3.3734299272205384 -0.00014500781107721505
3.379032651949382 -0.00014435288372801412
3.3846352659282832 -0.0001437031435778882
3.390238739769149 -0.0001430584191993724
3.3958440448268767 -0.00014241854349902416
3.4014492101022125 -0.00014178368564482668
3.407055207076418 -0.00014115367928047403
3.412662026632585 -0.0001405284712249235
3.4182706412404364 -0.00013990790088778564
3.423879079271833 -0.00013929213376861945
3.429488313310106 -0.00013868100993971705
3.435099316620102 -0.00013807437344880827
3.440710117110484 -0.00013747238709352854
3.446321688150947 -0.0001368748955331794
3.4519340214947345 -0.0001362818506625768
3.45754809141577 -0.00013569310241561122
3.463161925216646 -0.00013510881005455885
3.4687764972654236 -0.00013452882406245252
3.474392782556812 -0.0001339529985777103
3.4800088079475735 -0.00013338149026198117
3.485625548519204 -0.00013281415375991382
3.491242996794025 -0.00013225094545249417
3.496862128682828 -0.00013169172482188204
3.5024809704596738 -0.00013113664513065743
3.5081004981131407 -0.00013058556631473383
3.5137216882093387 -0.00013003835167883074
3.5193425665940943 -0.00012949515198760203
3.5249641099051114 -0.00012895583096340783
3.530586311346468 -0.00012842034896409356
3.5362101483182897 -0.00012788857415940954
3.5418336461071878 -0.00012736065405195466
3.547457782177304 -0.00012683645718491107
3.5530835345261806 -0.0001263158552128793
3.5587089280297697 -0.00012579899324302888
3.564334940744411 -0.00012528574327294253
3.5699615664802664 -0.000124776069195873
3.575589783996209 -0.00012426984710747356
3.58121761763228 -0.0001237672189887576
3.5868460461997493 -0.00012326806124105357
3.592476049003551 -0.00012277225314525985
3.5981056499903996 -0.00012227993438808021
3.6037358285132175 -0.00012179098453036648
3.609366578922428 -0.0001213053706168473
3.6149988812197087 -0.00012082297599272588
3.6206307588387325 -0.00012034393735200103
3.6262631918237638 -0.00011986813828828473
3.631897160676818 -0.00011939546506536288
3.637530688455209 -0.0001189260521818203
3.6431647556998 -0.00011845978612809539
3.6487993572438597 -0.00011799663676541606
3.6544354742285687 -0.00011753649408601563
3.6600711292204995 -0.00011707948972583784
3.665707303395113 -0.00011662551387706731
3.6713449783531242 -0.00011617445921244646
3.6769821763012054 -0.0001157264552685841
3.6826198788711864 -0.00011528139489974543
3.688258081328911 -0.00011483925049049326
3.693897765862781 -0.00011439991814171607
3.699536954210325 -0.0001139635246534018
3.7051766285871928 -0.00011352996628533865
3.710817771604761 -0.00011309914160574175
3.7164584046565956 -0.00011267117540813393
3.7220995103786336 -0.00011224596640400662
3.727741084425187 -0.00011182348924393259
3.7333841099491636 -0.00011140364565499739
3.7390266078958216 -0.00011098655781564639
3.7446695614393395 -0.00011057212757705577
3.7503139541227952 -0.00011016025894220786
3.755957806562794 -0.00010975107217248892
3.7616021023214117 -0.00010934447138171914
3.7672468374025936 -0.00010894043325998758
3.7728929958494337 -0.00010853886472702592
3.7785385978502557 -0.00010813988354595404
3.78418462746437 -0.00010774339673106409
3.789832069095489 -0.00010734931330563115
3.795478942617997 -0.00010695774920151207
3.8011262324498887 -0.00010656861352529841
3.8067739349104777 -0.00010618188480669985
3.812423034866079 -0.00010579747476746741
3.8180715517819905 -0.00010541549695313799
3.8237204705364416 -0.00010503586315496608
3.829370776329693 -0.00010465848704267578
3.8350204883271797 -0.0001042834804126635
3.840670591739446 -0.0001039107569946157
3.8463210831708494 -0.00010354029698098999
3.8519729482504363 -0.00010317201654271889
3.8576242057529058 -0.00010280602519692726
3.8632758413155734 -0.00010244223916279194
3.8689288408773006 -0.00010208057641845157
3.874581222926377 -0.00010172114481034257
3.88023397340854 -0.00010136386235675492
3.8858870891863084 -0.00010100871075600991
3.8915415565966835 -0.00010065561030875162
3.8971953937547426 -0.00010030466668432311
3.9028495870026685 -9.995580021358219e-05
3.9085051229653978 -9.960893287671072e-05
3.9141600194844184 -9.926416874719442e-05
3.919815263188667 -9.892142982857086e-05
3.925470851174902 -9.858069918553737e-05
3.931127770438387 -9.824190095852488e-05
3.9367840384640864 -9.790513714132226e-05
3.9424406422498315 -9.757033188929616e-05
3.9480985690589243 -9.723741090636676e-05
3.953755836114965 -9.690647466175311e-05
3.9594134306828224 -9.657744886850878e-05
3.9650713500721793 -9.625031783341258e-05
3.970730581891365 -9.592500927298791e-05
3.9763891430233507 -9.560162166949401e-05
3.9820480210768086 -9.528008274146659e-05
3.987708203909973 -9.496032166321123e-05
3.9933677081560894 -9.46424354602629e-05
3.9990275216729003 -9.432635330403471e-05
4.004687641963992 -9.401206063238822e-05
4.016009783717296 -9.338873202647478e-05