0.001769696999999959 0.0
-0.0001843226219239158 0.0016382865812186744
-0.003468517027364948 0.003861796937437053
-0.005255003648703793 0.00542637568998964
-0.00598052206826194 0.0065241708108761415
-0.006061681724384815 0.007338473812783611
-0.005649592795978542 0.007935767138798603
-0.004776115960934746 0.008330068214616407
-0.003525282043679856 0.008558347246631421
-0.00197020236310097 0.008652770294946831
-0.00016885238034647365 0.008638843806856004
0.0018316304870639177 0.008537307243228353
0.004040604606226794 0.008344042856372535
0.006402838049379911 0.008083350488434149
0.008911017138030664 0.007758447865827533
0.011537929599694352 0.007381307301535353
0.014285224278429154 0.006951203370029828
0.017112751049481068 0.006485800522529454
0.020008483686632772 0.005990389818219044
0.022982356329425357 0.005460600632489305
0.026004953527821617 0.004909374588446727
0.02909370779033582 0.004329042078632999
0.032200940444057746 0.003740579814750484
0.03534364175896609 0.0031365127566327956
0.03850437172210852 0.0025245138133910597
0.04167179853037006 0.0019095685257818499
0.04487752755672403 0.0012777717920764932
0.04806546572170323 0.0006538023267746468
0.05124275600957828 3.451750210186882e-05
0.05442566273327576 -0.0005872383300014464
0.05767610930456357 -0.001238708997372691
0.06099398806715561 -0.001919847575505987
0.06408995805097928 -0.0025033547144859814
0.06686670740671963 -0.002946417527397245
0.06972200121236782 -0.0034240367610510964
0.0724228032171993 -0.0038336857730461964
0.07472914312697543 -0.00406978721879426
0.07681496752252326 -0.004208870646097053
0.07878320725394838 -0.004296221517744296
0.08043484959725167 -0.0042442821841285885
0.08181554204031194 -0.004073135716667764
0.08321987466543079 -0.003912389985078292
0.08461427730992743 -0.003747275458637635
0.08572602348071579 -0.00345780337361026
0.0866041817347536 -0.0030655619351649325
0.0859708316991793 -0.002008317221848182
0.08472293291695032 -0.0006806956062663169
0.08353854210063005 0.000618985040946469
0.08289575783701653 0.0016803804377791887
0.08270293594170741 0.0025438108048833215
0.08236995457279717 0.0034689053021721137
0.08247840493802772 0.004199787468074211
0.08272906497463017 0.004868103058701355
0.08266127120067968 0.005676525606312136
0.08304418289051563 0.0062866557519028286
0.08327730475658501 0.006962687437056157
0.08383935790026209 0.0074940024982121725
0.08441013693382471 0.008021478516347333
0.08486834055762682 0.008598483218298092
0.08571226438001289 0.009005786439280966
0.08556016445028114 0.009851300328084888
0.08628837418948887 0.010309513123822474
0.0873432580719018 0.010624002344545413
0.0880199489941802 0.011104881361970886
0.08903699547388888 0.011436017528584853
0.09285071082236551 0.010536731097292465
0.09841971874937816 0.0088651860412172
0.10444203249505457 0.006994204530839065
0.11304414255752382 0.003988215243155312
0.12375360093010157 5.5077310542116187e-05
0.1335524987383877 -0.0034774503433288558
0.1429390604177757 -0.006828566569985367
0.14935280994612865 -0.00887176419004067
0.15696249737402568 -0.011441126717827698
0.16487662550192617 -0.014144430993667214
0.17154569652976182 -0.016299959875461494
0.17862328317558196 -0.01863521931226682
0.18388431835195862 -0.020171268659088255
0.18970953696045167 -0.021955536181465847
0.1960271308616145 -0.02395642916619883
0.20171834298056834 -0.025681739185657023
0.20722337041134586 -0.0273251353788933
0.21261128674118346 -0.028917007365359446
0.21789279674043327 -0.03046206481644113
0.22306742936817836 -0.03196010049294916
0.22573277930294922 -0.03235415201014168
0.20089252094823207 -0.020646834507034507
0.1583856814374499 -0.0011669269326029135
0.12501332453047753 0.014294173145015307
0.12177708209990945 0.016496586107623955
0.1329319489673294 0.012367486227755055
0.16805922985181432 -0.002308518315144949
0.23972607495333464 -0.03306047165283227
0.28958555028504074 -0.05421805332023333
0.2912462582211651 -0.05417010248536164
0.273240207704014 -0.04546956345933399
0.2506531018939081 -0.034753543080594945