0.0007115032600000237 0.0
5.154679371188742e-05 0.0006033874920194954
-0.0018472419540954688 0.0017518117769489943
-0.0037804515977095665 0.002915379793204536
-0.0053113430238675985 0.003901943863145363
-0.006476433817975802 0.0047275703537594665
-0.00736462385255976 0.005431371394149529
-0.008234312480980388 0.006127032730793574
-0.008793838770986606 0.006686235071013718
-0.008945645022130466 0.007066056615283519
-0.008974369279842298 0.007391727262551626
-0.008980010479307299 0.007707242242176942
-0.008937523359841881 0.008001582683810878
-0.008844239288346767 0.008273574099515919
-0.008984047298016273 0.008648117248738022
-0.008801029092937784 0.008880629449800906
-0.00828384324761211 0.008966121676415492
-0.007751007085100459 0.009044727948612127
-0.00724774649296267 0.009136346290467858
-0.0067476597254134685 0.009229360988373911
-0.00610207482852454 0.009258362320846541
-0.005318059490853622 0.009226460228514043
-0.004708247221886341 0.009271199648484399
-0.004061335942763478 0.009299618305672417
-0.0032916184736572207 0.009274005824503889
-0.0025119255309360433 0.009244005853264608
-0.001750396110557717 0.009221995786489832
-0.0010093953225650543 0.0092090179379716
-0.0002952522937650359 0.009207856870707482
0.0005280470681789939 0.009158670936814564
0.001573148606245356 0.009011901344594843
0.0028001011004255005 0.008785123715243008
0.003990080038291155 0.00857461341383442
0.0049422926452781235 0.00846871124112648
0.005676724914224107 0.008458623278629477
0.0065333034840746596 0.00839479626245351
0.0076426241579539145 0.008219772375552258
0.008633742528097232 0.008096752341106602
0.009683457331327472 0.007947953536437515
0.010893203643739802 0.007728745939815432
0.012174374337350802 0.007478115348213648
0.013571686902486557 0.007176386532111425
0.014859941245572217 0.006922638537755352
0.016102386070846686 0.006689046221395772
0.01700505671092689 0.006604940535324971
0.01775226894880122 0.0065892290170360655
0.018716694889708063 0.006477953465227419
0.019913744890379337 0.006264333058536409
0.021269258970583182 0.005980992586411897
0.02282623627637481 0.005609018541659024
0.02425543970934263 0.005293259457453572
0.025375272446384378 0.005113611122592955
0.02646982206955606 0.004945085028098584
0.027777659271105093 0.004682722238115879
0.02917468012049529 0.004381122645210151
0.030378290437268918 0.00416461376166545
0.03136544817222109 0.004043337568388731
0.03243099782293335 0.0038875716233418133
0.03383698187593209 0.0035820268190156898
0.035027869907481635 0.003371116992657237
0.03603764120765096 0.003239891733914328
0.037231526958667494 0.0030276630307251064
0.03865112761978318 0.0027161274627011673
0.04030013132533661 0.0023036650378050446
0.04157826454535252 0.0020543708132625617
0.0430344730702974 0.00172672924734252
0.04442463658828788 0.0014281461663974866
0.04542403729475952 0.001301483554660103
0.046339889126749356 0.0012115786706313255
0.04742581317701455 0.0010468474836938075
0.04882959886057725 0.0007422711939925844
0.050505690130781544 0.0003178913225797754
0.051975972666446046 -1.5942245913822584e-05
0.05304161264805718 -0.0001717479329482429
0.05394966105327448 -0.000258219180920912
0.054967996461223634 -0.00039321450482021034
0.05626516343680754 -0.0006508823816076396
0.0578306731352608 -0.001026610778291447
0.05901761473846012 -0.0012357838938437083
0.06021733948837016 -0.001450583283165444
0.06168138277395829 -0.0017816700709928628
0.06311887944605388 -0.0021010778491666183
0.06429234524792304 -0.0023043239102233334
0.06526169899553802 -0.002417767500157436
0.06644469104740247 -0.0026252034108351007
0.06783342446795393 -0.0029231586259079487
0.06902318886870007 -0.0031335740995929264
0.07039123513747725 -0.003422426034329639
0.07160458229234867 -0.0036432187377291904
0.07239104040014821 -0.003676193791509071
0.07299724948213504 -0.003629869553145695
0.07361503159631178 -0.0035886369866965843
0.07483561215040824 -0.003812608577158832
0.07643775156628785 -0.004204454346288843
0.07769813008146531 -0.00444593852973972
0.07823860757386791 -0.004370691937685409
0.07832786408524217 -0.0040969292163357904
0.07855260691477917 -0.0038827755033527755
0.07931156489285218 -0.003903651158501158
0.08042398884293345 -0.004080041682860692
0.08148555435800686 -0.004234053007520243
0.08234574641497228 -0.004299471133577316
0.08328329388507838 -0.004398922551691739
0.08393245821382167 -0.004371493826465294
0.08406752575865706 -0.004117886570017566
0.08416973194078248 -0.0038498211865635548
0.08468352333983253 -0.0037628337793281855
0.08551841276334149 -0.003817119757300389
0.0861044121379334 -0.003761904494858006
0.08677295202273838 -0.0037430002404016238
0.08738554071237947 -0.0036994827745922797
0.0875492025022303 -0.003458455403881873
0.08745908633390698 -0.0031057727882358543
0.0876488102550077 -0.002876211714303639
0.08829982458712515 -0.0028496004363495918
0.0890681420155427 -0.0028745943157751177
0.08930484444020281 -0.0026657019069969597
0.0889648413894738 -0.0022030821237771026
0.08821432847570587 -0.0015598513176559076
0.08711039729846415 -0.0007611341114942156
0.08593917509597537 6.71919777233021e-05
0.08534888714982602 0.0006399271180663534
0.08524254421752386 0.0009997457820144049
0.08522222445280658 0.0013217207678768363
0.08522501217219236 0.0016335258640109002
0.08499957254880308 0.0020457423150855546
0.08431241259078315 0.0026611003511170035
0.08349402711377463 0.0033341892943825058
0.08358830787724758 0.0036057411055269626
0.08416244538988449 0.0036661790730844446
0.08449359461099792 0.0038335182238504184
0.0848813301128516 0.003975962111215997
0.08501094506139373 0.00423197181192609
0.08443279590899833 0.004799366367864228
0.08377423675013096 0.005402137674959175
0.08424591574890994 0.005507652856263278
0.08480593540463921 0.005574298597285172
0.0844998397743345 0.006022003549566481
0.08461198819292115 0.006285694746089625
0.0850122556514783 0.0064226246330961615
0.08476380250520066 0.006844985473279818
0.0842006071602307 0.007405800511274589
0.08409732335941522 0.007764272839596025
0.08456751459042156 0.007870439059615392
0.08527519050598464 0.00787212150402628
0.08623727658777491 0.007761873636930238
0.08719903818249441 0.0076517685311846845
0.08772690063730759 0.007732561716228966
0.08773668414571578 0.008041288944618565
0.0874045967776611 0.008500425703669228
0.08687366724052659 0.00904704507497505
0.08670717428064012 0.00943332690859197
0.08717610153624644 0.009540049227301645
0.08880942853562779 0.009134482167123186
0.09042200927726385 0.008738042631706992
0.08931475365624575 0.009538222460345637
0.08642445940939758 0.011122868066345935
0.08790925317570919 0.010782649696014135
0.09025082060338252 0.01006548513587665
0.0905743222174703 0.010236188928273682
0.0917279059089946 0.010041689761678758
0.09340936828383961 0.009614945058916049
0.09252807634478966 0.010315709892914264
0.0893907381939445 0.012009044949262944
0.08891656397021941 0.01253069424958536
0.08982628840924822 0.012443483413879316
0.09167091136231509 0.011944954573647304
0.09457782262924919 0.010979061305159032
0.09690545300941467 0.01026802848925234
0.09780482340410634 0.01018541701549996
0.09807984875681408 0.010377448426668842
0.10028854055179093 0.009718743837608552
0.1026761765479528 0.008981310947403575
0.10566992119143281 0.007977214461527698
0.1099464641160448 0.006408737969392603
0.11356676228902352 0.005128982956294359
0.11542458027952618 0.004624648826625856
0.117493411230149 0.004027477422769335
0.12187271489530593 0.002413790309256803
0.12888500835366912 -0.0003583071465731166
0.13355862619334224 -0.0021014807413967346
0.13664933753893715 -0.003148238703165996
0.13962542778817622 -0.00414456796072641
0.14233274437745702 -0.005022647543243984
0.14829922488506886 -0.007334629072530733
0.15062763451927708 -0.008046004729091304
0.1526919051795389 -0.008641169787335673
0.157449843042197 -0.010421440824368283
0.16106502044701 -0.011698942904006963
0.16318155235130305 -0.012317100822210266
0.1652677880410257 -0.01292192961609184
0.16768815432262285 -0.01367376252457751
0.16991089901712175 -0.014338649828127607
0.17433296723015046 -0.015971151634605146
0.17754106979767215 -0.01706955704519019
0.17903467476768642 -0.01741365199321474
0.1814098916627126 -0.01814562097496284
0.18408300500704067 -0.019008652495844797
0.18474077516971288 -0.018985013513493892
0.18916857112179952 -0.020619991300374264
0.19277750534764004 -0.021894746630629642
0.19413946470248467 -0.022180922766159388
0.19570872740252454 -0.022558304093479444
0.1971182759960678 -0.022865417593230585
0.19850139576150283 -0.02316090346423247
0.20064631690159251 -0.023791551512265405
0.20504106067178485 -0.025412031655285994
0.20622649359459377 -0.02562054321152636
0.20896786778534693 -0.026513606778365322
0.2122719885230976 -0.027654256348700196
0.21359685266632422 -0.027924112072772414
0.21530360762938583 -0.02836198450411557
0.2178883613492234 -0.02918614131947561
0.21737871474480686 -0.028648885588484226
0.22106829379966852 -0.029959121422398902
0.22414047798562786 -0.03099772817393897
0.2252596619100492 -0.031177092817001692
0.22638269223959717 -0.031358149724687305
0.22742622327365603 -0.031504230117712896
0.22982404008132595 -0.03224614215834017
0.23105758682273725 -0.03247582187300678
0.23308438459509195 -0.033054500357311584
0.23145093616476664 -0.03202281670973403
0.2216273961683367 -0.027387819901132714
0.20204470776349648 -0.018459187592051264
0.17731433598921054 -0.0072657802088215324
0.1561861089090627 0.0023428273855979516
0.14015210486240137 0.009710180318382087
0.1219865128219787 0.01801534682868325
0.10671198541976956 0.025048560372871193
0.10484129213096494 0.02618466627816806
0.11254926766611584 0.023106496495436193
0.12197850436780044 0.019271040549922177
0.12970163535561008 0.016186202973358505
0.13538224031133328 0.013999995268481598
0.1394162539961713 0.012538221954761172
0.14318166866473925 0.011194621479836556
0.146935414701714 0.009856154736745261
0.15001757624069667 0.008813158348389605
0.15246133040549392 0.008051035705453062
0.1546417348034258 0.007404776441239296
0.1567288205621845 0.006799573650935262
0.15867094528003067 0.006258147928609027
0.16045983072910264 0.005784141363871343
0.1621293005540091 0.005362672904075996
0.16369757903477689 0.004985724593924062
0.16517929121328867 0.00464686199913968
0.16658634450801146 0.004340846331202516
0.16792855265994977 0.004063359936050353
0.16921408664308013 0.0038108079114980444
0.17044980957909173 0.003580170758128618
0.17164153082536393 0.003368892590732197
0.17279420195442585 0.0031747949151711484
0.17391206997023756 0.0029960092193367653
0.17499879847801136 0.002830923663266978
0.17605756448059606 0.0026781404926039874
0.17709113640294383 0.00253644171094517
0.1781019374992957 0.0024047611832136587
0.1790922355714909 0.0022821451631866575
0.18006363202747588 0.002167801103319196
0.18101793198025684 0.002060978821994243
0.18195661464234647 0.0019610275247887543
0.1828809987521115 0.001867367019494381
0.18379226353865075 0.0017794784924081495
0.18469146648892487 0.0016968966915055454
0.18557955847325325 0.0016192032718257028
0.18645739667703587 0.0015460211060302224
0.18732575570154697 0.001477009400497492
0.18818533712944452 0.0014118594868806152
0.1890367777971752 0.0013502911825793375
0.18988065697366763 0.0012920496324024425
0.19071750261025444 0.0012369025588508443
0.19154779679890444 0.0011846378607140446
0.19237198055316374 0.0011350615096466046
0.19319045800768586 0.001087995702542829
0.19400360011701323 0.001043277234220747
0.19481174792172895 0.0010007560604457283
0.19561521543970872 0.0009602940258947005
0.19641429223157003 0.0009217637354618047
0.1972092456821969 0.0008850475504778489
0.19800032303419346 0.0008500366940723064
0.1987877532040344 0.000816630452139859
0.1995717484074021 0.0007847354582563831
0.20035250561658347 0.0007542650524832206
0.2011302078697158 0.0007251387053507155
0.20190502544906452 0.0006972814994635385
0.20267711694327273 0.0006706236621532
0.20344663020661458 0.0006451001434444643
0.20421370322664434 0.0006206502343250392
0.20497846491021365 0.0005972172209289094
0.20574103579661862 0.000574748070780561
0.20650152870557614 0.0005531931477105553
0.20726015580158375 0.0005325031038202334
0.2080168029755044 0.0005126401505603095
0.20877166996572083 0.0004935604070263933
0.20952484411098038 0.0004752254476579785
0.21027640750480836 0.00045759915458284516
0.21102643737059157 0.0004406475525954476
0.2117750064054863 0.0004243386578505802
0.21252218309610715 0.0004086423389733418
0.2132680320086321 0.0003935301894241851
0.21401261405568917 0.00037897541007991456
0.21475598674213836 0.00036495270109886645
0.21549820439165435 0.00035143816223396344
0.2162393183558159 0.0003384092008418063
0.2169793772072396 0.00032584444691100434
0.21771842691814836 0.00031372367449969407
0.21845651102562258 0.00030202772903163916
0.21919367078466478 0.0002907384599534186
0.2199299453101039 0.0002798386583025004
0.22066537170826417 0.00026931199877846667
0.22139998519923754 0.0002591429859475956
0.2221338192305261 0.0002493169042449862
0.22286690558274536 0.0002398197714691499
0.22359927446802097 0.0002306382954913446
0.2243309546216551 0.0002217598339267167
0.22506197338758038 0.00021317235653669624
0.2257923567980905 0.00020486441015207219
0.22652212964827323 0.0001968250859245979
0.22725131556555322 0.0001890439887310937
0.22797993707470765 0.00018151120856924863
0.22870811795159207 0.00017421628501227343
0.22943567403644305 0.00016715224898890136
0.23016272726340203 0.0001603094503528582
0.2308892963173198 0.0001536796685161428
0.23161539904839124 0.00014725505010598175
0.232341052516159 0.00014102808960489576
0.23306627303083471 0.0001349916111714413
0.23379107619212036 0.0001291387515597627
0.2345154769257055 0.00012346294406247426
0.2352394895175972 0.00011795790340720353
0.2359631276464268 0.00011261761154239158
0.23668640441387312 0.0001074363042528682
0.23740933237332207 0.00010240845855014131
0.23813192355688317 9.752878078652261e-05
0.2388541895008679 9.279219544578307e-05
0.23957614126982907 8.819383456664142e-05
0.2402977894792545 8.3729027758561e-05
0.24101914431699945 7.93932927720591e-05
0.24174021556353897 7.518232658866835e-05
0.2424610126111134 7.109199699798542e-05
0.24318154448183338 6.711833463150563e-05
0.2439018198448134 6.325752542528379e-05
0.24462184703238743 5.950590348504422e-05
0.2453416340554676 5.585994432943445e-05
0.24606118861809378 5.2316258488674115e-05
0.2467805181312238 4.887158543736704e-05
0.24749962972580886 4.5522787841644335e-05
0.2482185302651979 4.226684610226889e-05
0.24893722635690663 3.9100853176285915e-05
0.24965582533371522 3.6021582933149084e-05
0.25037413135802333 3.30272040833169e-05
0.2510922513319688 3.0114679961803785e-05
0.25181019094597523 2.7281507009574226e-05
0.25252795568518926 2.4525271981271225e-05
0.25324555083814293 2.1843648133788054e-05
0.2539629815049972 1.9234391600128578e-05
0.25468025260538585 1.669533793812737e-05
0.25539736888588227 1.4224398844717313e-05
0.2561143349271152 1.1819559026500197e-05
0.25683115515054256 9.47887321839108e-06
0.25754783382491164 7.2004633422507134e-06
0.2582643750724144 4.982515798194478e-06
0.2589807828745595 2.823278881367939e-06
0.2596970610777737 7.21060317852296e-07
0.2604132133987448 -1.3257750867643538e-06
0.2611292434295248 -3.318807691821516e-06
0.2618451546424002 -5.259565164622591e-06
0.26256095039454397 -7.1495245272227684e-06
0.2632766339324605 -8.990114111890329e-06
0.26399220839623305 -1.0782715429831006e-05
0.26470767682358376 -1.2528664957562833e-05
0.265423042153757 -1.4229255845002775e-05
0.2661383072312312 -1.58857395492062e-05
0.2668534748092727 -1.7499327397385223e-05
0.2675685475533355 -1.907119208265118e-05
0.27064369300501634 -0.0010589807822615988
0.2935806631492296 -0.010837299917547448
