0.005714285999999902 0.0
-0.13968330276871654 0.001902116908154146
-0.2408289675731794 0.0032472139088990494
-0.3223682721960017 0.004345516216766998
-0.39221892820537363 0.005296688079272911
-0.4540939266913995 0.006147466426881481
-0.5100785234977963 0.006924099616970764
-0.5614869896710744 0.007643130877498229
-0.6092088226010404 0.008315756608672169
-0.6538719308732652 0.008949880845813206
-0.6959506699370621 0.009551474274491755
-0.7358071534097377 0.010125095242532453
-0.7737215175107579 0.01067426970582171
-0.8099243272431735 0.0112019001473016
-0.8446049737760788 0.011710370271813094
-0.8779069142797269 0.012201486094638043
-0.9099986352237508 0.012677368309112091
-0.9409138947678528 0.013138441215849842
-0.9708446336869656 0.013587122249163683
-0.9997768046719457 0.014023233833653668
-1.027881008890752 0.01444892340724201
-1.0551419805675835 0.014863998812359135
-1.0816679178884954 0.015269821990957836
-1.1074395299493816 0.01566615011926667
-1.132580855862173 0.01605454327774829
-1.1571130229928386 0.0164352699240868
-1.1810117202894617 0.01680802278477859
-1.2044067320639158 0.017174435516593898
-1.2272489903724804 0.017533890478022
-1.2495973046098001 0.017887127930842853
-1.2714748105631202 0.018234439096198096
-1.2929276164407 0.018576403101255176
-1.3139018498185848 0.018912344345723826
-1.3345194629615307 0.01924379664193029
-1.3547189121506449 0.019569985309856607
-1.3745483445961781 0.019891516401304165
-1.3940214429237798 0.02020856214598016
-1.4131523035339058 0.02052129998197171
-1.4319574805819641 0.02082993702554739
-1.4504420458700977 0.021134539635384364
-1.4686436593950205 0.02143558059699916
-1.4865259129522457 0.021732601623031034
-1.50410851005838 0.022025850731001093
-1.5214664697851177 0.022316272221592402
-1.5385318151436849 0.022603010436164164
-1.5553688199850697 0.02288687316145573
-1.571908973240106 0.023167000533597607
-1.5882622988488464 0.02344477621742787
-1.6043360267996079 0.0237190324727514
-1.620235949653548 0.02399110096077828
-1.635890096529387 0.02426007574984551
-1.6513773771996085 0.02452695011473498
-1.6664270442993683 0.024788314771035488
-1.6817235440286424 0.025052787685616227
-1.696535606890862 0.02531116276328399
-1.7111848561504317 0.02556748842881219
-1.725453564198098 0.02581902404138066
-1.7400166885910409 0.026074265612310542
-1.7541101617988204 0.02632359546072728
-1.7680614463024398 0.026571134253649493
-1.7818498696273295 0.026816624294316797
-1.7954811942871487 0.027060136859478136
-1.8087526599985466 0.027299119709152574
-1.8223414663336897 0.027542097075968604
-1.8354836037156659 0.027779452008540314
-1.848502805403811 0.028015259491149577
-1.8613886751924227 0.028249387403070234
-1.8741330633080437 0.028481735676728303
-1.8867432644668938 0.028712394875433984
-1.8992210974409858 0.028941387892934156
-1.9115690489050081 0.02916874603018413
-1.9237896989974388 0.029394501764612217
2.2986488930333024 -0.023683409493703452
7.981841073177826 -0.09514852116123078
5.531084256316035 -0.06422775259312187
4.397045986275117 -0.04988114570601738
3.712475993591333 -0.04119220948618357
3.245636279773329 -0.0352439476902686
2.9036755061570148 -0.030867596421818043
2.641043395157901 -0.02748979270426947
2.432416147659076 -0.024791775110180485
2.262436995640158 -0.02258023818979146
2.1211995404345387 -0.020730486657115025
2.001986513096419 -0.019157967057784654
1.9000659183244437 -0.01780311551963636
1.811997947685498 -0.016622633540298797
1.7352160330854218 -0.015584214508263604
1.6677636233519024 -0.014663231643472737
1.6081167432744934 -0.013840499428695491
1.5550744517516506 -0.013100902306686639
1.5076732687068954 -0.012432312496150467
1.4651312394607032 -0.011824887162172209
1.4268065858109154 -0.011270547937729584
1.3921672707980264 -0.010762597820939973
1.360768758331531 -0.010295442483662005
1.3322345995854974 -0.00986434086824654
1.306246442359651 -0.009465286983105385
1.2825314567028556 -0.009094846588071841
1.2608547908144772 -0.008750063491996396
1.2410131226000374 -0.0084283783831147
1.222829492472158 -0.008127563787059111
1.2061494075807104 -0.00784567628770132
1.1908363005753344 -0.00758099432944927
1.1767704886770503 -0.0073320126670719035
1.1638456799172943 -0.007097393353081128
1.1519673643615462 -0.00687594674604675
1.1410512149282752 -0.006666611380945212
1.1310217434906988 -0.006468437052873966
1.1218113200656177 -0.006280573729863403
1.1133585789497005 -0.00610224645516712
1.1056085626149539 -0.00593276471102737
1.0985113603390246 -0.005771500247478569
1.092021671337001 -0.0056178828420268825
1.0860982824906884 -0.00547139372558075
1.0807036158605712 -0.00533155988676919
1.0758034169038666 -0.005197951406141437
1.071366077006509 -0.005070167893565908
1.0673628469043237 -0.004947848727148312
1.0637672221254135 -0.004830660282513583
1.0605548009816417 -0.004718295404024298
1.0577030797999498 -0.004610470827260258
1.0551913128044461 -0.004506926674035372
1.053000181503549 -0.004407417255826384
1.0511119149425525 -0.004311720139934169
1.0495099808817727 -0.004219627227206372
1.0481790187998214 -0.004130945167465373
1.0471047379462206 -0.004045494076247801
1.0462738258798936 -0.003963106383535769
1.0456738748000163 -0.0038836271651949725
1.0452932695683614 -0.003806907698469259
1.045121183590048 -0.0037328129626148475
1.0451474726306174 -0.003661215267334795
1.045362632621945 -0.003591994980409937
1.0457577500721627 -0.003525039903484997
1.0463244570192742 -0.003460244705048262
1.047054875877663 -0.0033975114849358616
1.047941636109499 -0.0033367449491927053
1.048977763264702 -0.003277858565850843
1.0501566962702782 -0.003220769747568689
1.0514722475735638 -0.0031654006086821737
1.0529185770454248 -0.00311167763671222
1.0544901680406724 -0.0030595313910260066
1.0561817747854363 -0.003008897099324001
1.0579885226839494 -0.0029597108852591984
1.0599057119527941 -0.0029119148491732107
1.061928916880845 -0.0028654532825383976
1.064053941430032 -0.002820273367830647
1.066276804611931 -0.0027763249944581783
1.0685937269661636 -0.0027335605885581583
1.0710010751440606 -0.00269193567419286
1.073495520420849 -0.002651405833627612
1.0760737750767149 -0.0026119309415193826
1.0787327494194727 -0.00257347210644525
1.081469501161493 -0.0025359922924333743
1.084281226794161 -0.0024994562103896655
1.0871652535596894 -0.0024638302170421735
1.0901189796853714 -0.002429082821389865
1.0931400754014646 -0.0023951821800194733
1.0962261662256054 -0.00236209966294143
1.0993750324818876 -0.00232980733004084
1.1025845525354399 -0.0022982784752920483
1.1058526974827103 -0.0022674875599224265
1.1091775261819663 -0.0022374101498592544
1.1125571209859402 -0.002208023365512919
1.115989820918422 -0.002179303781892124
1.1194738626734804 -0.0021512304621752313
1.1230076124285873 -0.0021237828406620715
1.1265895035690434 -0.0020969411976295505
1.1302180332991298 -0.002070686616674172
1.1338917594553806 -0.002045000944599384
1.137609232075853 -0.0020198671887932873
1.141369251574119 -0.001995267731996767
1.1451704757044894 -0.0019711869374732876
1.1490116765433172 -0.001947609348764718
1.1528916734474421 -0.0019245201045549841
1.156809124177478 -0.0019019060856819829
1.1607638340702664 -0.001879748478110608
1.164753367465451 -0.0018580417979771509
1.1687774007184828 -0.0018367693839388627
1.1728349586510447 -0.0018159189609633886
1.1769258202975195 -0.0017954751601764378
1.181047648341817 -0.0017754337356203163
1.1852002827144759 -0.0017557800849497401
1.1893836159980822 -0.0017365002685757179
1.1935953718276338 -0.0017175908077607565
1.1978354957695814 -0.0016990384298491837
1.2021032312100672 -0.0016808336109828317
1.2063986014979449 -0.0016629640575898683
1.210719397740057 -0.0016454271402330735
1.2150656875171606 -0.0016282111221083498
1.219437579186355 -0.001611304779683429
1.2238329058978366 -0.0015947060127403402
1.2282518147764705 -0.0015784040857348039
1.2326937103393831 -0.0015623915030410032
1.2371587997347788 -0.0015466582846569298
1.2416449628590058 -0.0015312029187808081
1.246152439522426 -0.001516015836544713
1.2506815016563095 -0.001501087873401738
1.255230058391625 -0.0014864178855401471
1.2597984104726265 -0.0014719970710959194
1.2643860832324378 -0.001457819455211638
1.2689934245007848 -0.0014438768287102321
1.2736183759994262 -0.00143016845801583
1.2782613100312048 -0.0014166864420062902
1.2829226245854812 -0.0014034232028876583
1.2876002818027814 -0.0013903782641049355
1.2922947013858348 -0.001377544321180641
1.297005500632416 -0.0013649165568600991
1.3017331367262912 -0.001352488138457788
1.3064755945881927 -0.001340258876163505
1.311233349978579 -0.0013282221711253413
1.3160068994761858 -0.0013163716865407886
1.320794242270516 -0.0013047074122076565
1.3255958915068433 -0.001293223219854337
1.3304115354404118 -0.0012819151854014928
1.3352417174466638 -0.001270777561098988
1.3400844526110944 -0.0012598105368350173
1.3449402985744427 -0.0012490085444237427
1.3498098300538928 -0.001238366230628097
1.3546910720645897 -0.0012278839103257516
1.3595846121039656 -0.0012175563911508615
1.364490193849626 -0.0012073804466518159
1.3694084294712994 -0.0011973511950247617
1.3743373549993692 -0.0011874690898012743
1.3792775936726187 -0.00117772938850904
1.384229782888987 -0.0011681275269035001
1.389191965518357 -0.0011586640446085328
1.3941647889164699 -0.0011493345027230356
1.399148040532431 -0.0011401362257682142
1.404142388075151 -0.0011310650310382073
1.4091458819402618 -0.0011221215528869513
1.414159198506411 -0.0011133017177385224
1.4191830260075236 -0.0011046016012453207
1.4242154194616816 -0.0010960218959462525
1.4292570749312787 -0.0010875587760340404
1.4343078147869264 -0.0010792100056035141
1.4393683520454914 -0.0010709719722615048
1.4444367467397754 -0.0010628454316694643
1.4495137187346927 -0.0010548268576340359
1.4545999979097033 -0.001046912850019594
1.459693647320563 -0.0010391042025390395
1.4647954030511414 -0.001031397593154453
1.4699051155923257 -0.001023791139923971
1.475023535277323 -0.0010162817001727596
1.4801487283613781 -0.001008870107887349
1.4852814506283138 -0.0010015532890024497
1.4904224663899157 -0.00099432827679884
-0.08077136543637664 0.018854959502912834
-2.216348714481292 0.045808410649245554
-1.2670122370538266 0.03393058638340376
-0.8172958636754615 0.02834173023284017
-0.5398216008093044 0.024920954740544454
-0.34615119210510414 0.022555058160469897
-0.20123201408799218 0.020802829061322154
-0.08712569095602873 0.01943844341269112
0.005278771783338243 0.018347229387406433
0.08289377846497104 0.01744217726928623
0.14900280516352638 0.016681968973074727
0.20583541553470042 0.016038514747229903
0.2562197618934121 0.015476227882900937
0.3009312165910316 0.014985360987538271
0.3405961302325906 0.014558004713662203
0.3769590328383785 0.014172212420874816
0.40982998187561037 0.013830375006043427
0.44021681444792904 0.013519818932380046
0.467994653260142 0.013242090914756147
0.49378456753916566 0.012989385847330852
0.5178292359272589 0.012758661606256798
0.5405223932905514 0.012544936888832584
0.5615853084889864 0.012351732803767316
0.581671688777611 0.01217082082738515
0.6002227402847637 0.012009247351004029
0.6182983585827699 0.011853645790743033
0.6354189965056918 0.011710065021999677
0.6513152870873782 0.011581908282178822
0.6669955710669626 0.01145645793256902
0.6819448961407417 0.011340208509851353
0.6958582203098871 0.011236999722535066
0.7097447071541154 0.011134141336847788
0.7228378139097202 0.011041257015650957
0.7357052623053093 0.01095121316340059
0.7478993431395509 0.010869657895913598
0.7597290782258881 0.010792676233914599
0.771208616733297 0.010720102662569031
0.7825610867136845 0.010649128563119984
0.7933445507040773 0.010585329399772645
0.8038617372057146 0.010524869410161087
0.8143231619391784 0.010465111320407625
0.8242768085099215 0.01041175746301593
0.8340193107963856 0.010361048791531569
0.8437559388241667 0.010310414062131018
0.8530237822316451 0.01026568014738003
0.8621370236643244 0.010222904868583887
0.8712732558616736 0.010179827606639213
0.8799768952954707 0.01014219559525499
0.8885585842509087 0.010106111219933316
0.8969888462387772 0.010071920340292707
0.9054837147798978 0.010036916227283596
0.9135782085868769 0.010006951821197919
0.9217869963881498 0.009975561329800773
0.9294052275946569 0.009951591867252491
0.9374142675605199 0.009922703109248365
0.945237540528538 0.009896165276145076
0.952506037219166 0.009876598088043122
0.9601861653363315 0.009851849499684356
0.9676916499489536 0.009829299232058622
0.974671931558639 0.009813372531533655
0.9820689972348973 0.009792186984549865
0.9891009515496094 0.009775597267671588
0.9962942276718039 0.009756989504062811
1.003148842936426 0.009742632038029313
1.0099699760845553 0.009728696027297317
1.0167351388021189 0.009715464542956144
1.0236510222791466 0.009700348452310782
1.0302344977476992 0.009689403951659254
1.036793756499236 0.009678764278325907
1.043517564906658 0.009666065927801218
1.0499189133107052 0.009657413947006055
1.0565090990879398 0.009646384980512278
1.0625914530227547 0.009641748334597229
1.0691392590123812 0.009631265410091969
1.0753481523466277 0.009625035952660592
1.0817471359257596 0.009616413739039601
1.087853720256092 0.009611484681103583
1.0939487131544894 0.00960668894255143
1.100017869782583 0.009602218417403578
1.1062597126922142 0.009595574208018454
1.112209251555491 0.009592621955959803
1.1183554525893626 0.009587181636286895
4.817041994940922 -0.03689801761014839
5.914109168160891 -0.050635385716290844
4.822920603097202 -0.03682815219203537
4.275599494793134 -0.029866836637975396
3.9305088665956163 -0.02545109217973212
3.688253755264192 -0.02232977462315435
3.507030101465695 -0.01997670159490186
3.3655153434124685 -0.01812346329582929
3.2515529279715736 -0.01661702683082208
3.157673708042587 -0.015363399673051573
3.078926435768956 -0.014300245526839908
3.0119222923158304 -0.013384907720104642
2.954234894343287 -0.012586831625940393
2.9041078135675207 -0.011883933422331055
2.8601916004482746 -0.011259214359561584
2.8214495337512773 -0.010699612147624736
2.787087444450016 -0.010195155378769201
2.7564550393820184 -0.009737645916648456
2.7290331005586097 -0.009320548117853857
2.7043931810118877 -0.00893845632944855
2.68219323954321 -0.008587090291373844
2.662136214561052 -0.00826269816082263
2.643972878210036 -0.007962130200941853
2.6275006845496094 -0.007682862044735044
2.612537808717917 -0.007422592388839361
2.598930714231905 -0.00717938859662556
2.5865444568475127 -0.006951539473331243
2.5752677143610327 -0.0067376689284596595
2.5649970564735654 -0.0065364624482424916
2.5556420042382584 -0.006346768543731002
2.5471273158700782 -0.006167665285793047
2.539381678780302 -0.00599824244153208
2.5323431514063444 -0.0058377203230826616
2.525955342720458 -0.0056853765223224524
2.5201708939392375 -0.0055406400867031485
2.5149440475994425 -0.005402922457828906
2.5102338154452966 -0.005271695109583585
2.5060054781287135 -0.005146546187993619
2.5022251938081226 -0.005027037122252236
2.4988629859401144 -0.004912790583371223
2.4958910496894475 -0.004803443991209394
2.493285470487031 -0.004698721496678062
2.491022855995155 -0.004598316061838047
2.489081944741436 -0.004501947470964246
2.487444160213151 -0.0044094070676184444
2.4860914077278693 -0.004320454497964517
2.485007335058768 -0.004234883928757481
2.4841767087335995 -0.004152491021572657
2.483585833425444 -0.0040731285617757644
2.483221579431458 -0.003996618692086581
2.483071904698825 -0.00392279724599252
2.4831256720433856 -0.00385154920941717
2.4833724210532324 -0.003782730324713032
2.4838024418255102 -0.003716218368721512
2.484406791392793 -0.0036518881845895765
2.4851767865905146 -0.003589655648150771
2.4861045925623486 -0.0035294095508728697
2.487182986372474 -0.003471046386757274
2.488404627129732 -0.0034144989274706187
2.489763154289008 -0.0033596745223358707
2.491252425310279 -0.0033064958522844774
2.4928669550581333 -0.0032548812858372617
2.494600736944143 -0.003204780390162699
2.4964489149173517 -0.0031561194523664834
2.498407003733952 -0.0031088294270795735
2.5004697504699465 -0.0030628693682029006
2.502633172716017 -0.0030181765597841518
2.5048931891095876 -0.0029746996277740536
2.507246356372683 -0.002932382642522724
2.5096881914712554 -0.002891194348901366
2.512215629724942 -0.002851083582847809
2.5148258446822567 -0.002812002179
2.517514799098322 -0.002773924493589106
2.5202799756316594 -0.002736806252167416
2.523118553954852 -0.002700611953934542
2.5260283665713175 -0.0026653017281064325
2.5290058414272565 -0.0026308557864955415
2.532049049767629 -0.002597237263471173
2.5351562232855684 -0.002564411313040038
2.538324064587229 -0.0025323616042897366
2.5415510036839706 -0.002501055787552573
2.5448350280933383 -0.0024704685307563564
2.5481748047589434 -0.002440570466612061
2.551567327772169 -0.0024113489332704087
2.555011420486302 -0.0023827765322454618
2.5585060185967663 -0.0023548272791550084
2.5620482909722355 -0.0023274907121543964
2.5656373051073373 -0.0023007425058807355
2.569271586009613 -0.0022745640939035522
2.572950367455036 -0.0022489332439219896
2.5766710062955767 -0.0022238418603265676
2.5804328420871414 -0.0021992690423187885
2.584235295641925 -0.0021751949119118833
2.588075837914907 -0.0021516128097647403
2.5919539799338622 -0.002128503993476927
2.595868615839393 -0.0021058545430710776
2.599819376927009 -0.002083647230013657
2.6038038581791128 -0.0020618769561558965
2.6078217643764745 -0.002040527417958057
2.6118728607124027 -0.0020195830723221102
2.6159548181750623 -0.0019990397778196062
2.6200674652768328 -0.001978882788379696
2.624209956595898 -0.0019591014622764935
2.628382209906235 -0.0019396821770167956
2.6325819794885277 -0.0019206218396152505
2.6368092353517483 -0.0019019074850853417
2.6410639934929137 -0.0018835267273143135
2.6453440596058044 -0.0018654771204775747
2.6496494950956304 -0.0018477468500365706
2.6539796426052575 -0.001830327641525003
2.658334631286131 -0.0018132085331585542
2.6627123235117125 -0.0017963877925664875
2.6671128863062634 -0.0017798549346877456
2.671536522423999 -0.0017635999242108604
2.6759811294020537 -0.0017476214713871908
2.680446943171546 -0.0017319099585188032
2.684933444951973 -0.0017164588554690354
2.6894409231051597 -0.001701259204510493
2.6939673140846025 -0.0016863102057528272
2.698512934189708 -0.0016716032531322316
2.7030781279791114 -0.0016571300962967997
2.7076608561201425 -0.0016428902401475845
2.712261487810146 -0.0016288757444720464
2.7168796082102418 -0.0016150813874959745
2.7215156277991426 -0.0016014997486353236
2.7261675340877503 -0.0015881306706834345
2.730835758477845 -0.0015749669964249269
2.735520755074809 -0.001562001854424578
2.7402205281014247 -0.00154923529783687
2.7449355502252644 -0.0015366606888778808
2.749665485808066 -0.0015242738027096863
2.7544108405197463 -0.0015120684169644288
2.7591696370957948 -0.0015000448178246965
2.763942397086687 -0.0014881969828190972
2.768729660537751 -0.0014765191222796497
2.77352946168498 -0.0014650116671511477
2.778342354736587 -0.0014536690060406158
2.7831680652576836 -0.0014424876845057942
2.788007174201475 -0.0014314624278056144
2.792857728494873 -0.0014205938266314984
2.797720321288189 -0.0014098767597731379
2.8025955609852744 -0.001399306298023779
2.807481502351621 -0.0013888831307428049
2.812378764719881 -0.0013786024662893284
2.817287121552347 -0.001368461453125935
2.8222072141217964 -0.001358455575782394
2.8271371057741277 -0.0013485856316238914
2.8320774472495813 -0.001338847224351706
2.8370289020084556 -0.001329236117780953
2.841989538638451 -0.0013197531752574853
2.8469600291183355 -0.0013103942678224557
2.8519401848250325 -0.0013011570211874527
2.8569306959347784 -0.0012920375354536712
2.8619296366898936 -0.0012830367451444498
2.8669377046850144 -0.0012741508437397455
2.871955608228113 -0.0012653761595738328
2.876981424948916 -0.0012567136698084789
2.8820158698551666 -0.0012481597871111065
2.887058784649483 -0.0012397125189173674
2.892110899583855 -0.0012313684697808113
2.8971702958477437 -0.0012231286616719208
2.90223770955528 -0.0012149897729336753
2.907313885925163 -0.001206948596513176
2.912396908203675 -0.0011990061802707086
2.917487526921569 -0.0011911593840184022
2.9225856082682142 -0.0011834065234183468
2.927691915660631 -0.0011757446204881674
2.93280453439953 -0.0011681747489484136
2.9379242325695216 -0.001160693989569942
2.9430517860559107 -0.0011532995213147082
2.948185281259164 -0.0011459924317464075
2.953325498306903 -0.0011387699532269915
2.958472323333112 -0.001131630652470727
2.963626547448655 -0.0011245719000910525
2.9687862580254745 -0.0011175947958798622
2.973952249916252 -0.0011106967575506784
2.979125324706949 -0.0011038752875716553
2.9843035701810408 -0.0010971314909150405
2.9894877913345326 -0.0010904629129730803
2.9946778906768543 -0.001083868326585439
2.9998746826362037 -0.0010773453958719307
3.0050762551897208 -0.0010708952282424194
3.010283425783598 -0.0010645155258056543
3.0154970177154325 -0.0010582040643243899
3.0207151188806662 -0.001051961950180315
3.02593855533393 -0.0010457869938405
3.0311672431293175 -0.0010396781386380197
3.0364020164779575 -0.0010336332977094044
3.0416409629132133 -0.001027653572878957
3.0468849190936993 -0.001021736908090935
3.0521347267946766 -0.0010158813116953182
3.0573884731169443 -0.0010100878800713604
3.062647002076446 -0.0010043546497736134
3.0679102410075174 -0.000998680706124827
3.0731790410244955 -0.0009930641750305663
3.078451488473 -0.0009875061433640316
3.083728436461854 -0.000982004762136288
3.089010742599683 -0.0009765582389994222
3.0942964925530703 -0.0009711676522793913
3.0995865457600758 -0.0009658312326563434
3.104880839009361 -0.0009605481844592526
3.1101802379530383 -0.000955316816587228
3.115482827228881 -0.0009501381944162642
3.1207894741213025 -0.000945010647392282
3.1261010498929096 -0.0009399325550363605
3.131415638332932 -0.0009349049720434742
3.136734112203712 -0.0009299262968129469
3.1420564162650635 -0.0009249958340101012
3.14738342874886 -0.0009201120508816957
3.152713232230113 -0.0009152759868387484
3.1580467062816737 -0.0009104861260074099
3.1633847340105348 -0.0009057409970000499
3.168725397030485 -0.0009010416271279981
3.1740695796823886 -0.0008963865605349388
3.1794172334839956 -0.0008917751869517375
3.184769247614746 -0.0008872061114272706
3.1901237023539153 -0.0008826803444750348
3.1954814879861715 -0.0008781965050558276
3.200843497950025 -0.0008737532518299747
3.2062078114928383 -0.0008693515823211355
3.2115753230713366 -0.0008649901680064708
3.2169459899625252 -0.0008606684711111024
3.222320710923654 -0.0008563852172444663
3.2276975637954237 -0.000852141386224562
3.233077448248551 -0.0008479357151588051
3.2384612667800567 -0.0008437669767311156
3.24384709615898 -0.000839636137269788
3.2492358397247756 -0.0008355419800626447
3.2546274596865246 -0.0008314840294173325
3.2600228632226447 -0.0008274611169446728
3.265420125658956 -0.0008234741908063919
3.2708201549305542 -0.000819522092137952
3.2762238615152484 -0.0008156036940809507
3.2816293196502855 -0.000811719931094857
3.287037440511881 -0.0008078696851125915
3.292448190552257 -0.0008040525338521237
3.297862484388581 -0.0008002674025594701
3.3032783948043587 -0.0007965152073949376
3.3086968370446925 -0.00079279488150869
3.314118728650584 -0.0007891053869497808
3.3195421413167665 -0.000785447626174138
3.324967993164165 -0.0007818205685309082
3.3303962543112178 -0.0007782238378865418
3.335827845974812 -0.0007746564425607767
3.3412608384044447 -0.0007711192668171899
3.346696153338776 -0.0007676113255433342
3.3521347145965095 -0.0007641316598089546
3.3575745913503496 -0.0007606811403237008
3.3630167079010747 -0.0007572588142255852
3.368461037547803 -0.0007538643454179177
3.373908507386851 -0.000750496816227289
3.3793571851678266 -0.0007471570794504074
3.384807998420939 -0.0007438442228754664
3.390261876566875 -0.000740557358087102
3.3957168862991054 -0.0007372973245877726
3.401173957439269 -0.0007340632390090947
3.4066330660565995 -0.0007308548001231771
3.4120951445054146 -0.0007276711564415835
3.4175582580880146 -0.0007245131299555487
3.4230233395195953 -0.0007213798737192177
3.428491323238717 -0.0007182705624795048
3.433960273518238 -0.0007151860052696085
3.4394311251301843 -0.0007121253810337542
3.4449038565651406 -0.0007090884190230316
3.4503794048968786 -0.0007060743271548575
3.4558558330457174 -0.0007030838974373849
3.4613340783854554 -0.0007001163415646818
3.4668150798652775 -0.0006971708910614275
3.472296899406942 -0.0006942483253658166
3.4777804762367595 -0.0006913478794907822
3.483265790969213 -0.0006884693094216623
3.488753784928697 -0.0006856118765806864
3.494242518727482 -0.0006827763439231695
3.4997329339391143 -0.0006799619760077277
3.5052259735811475 -0.0006771680555692588
3.510719697300722 -0.0006743953334145107
3.5162150483453516 -0.0006716430951732039
3.521712009198609 -0.0006689111203575834
3.5272115250257556 -0.0006661987187366918
3.532711654210253 -0.0006635066252111061
3.5382133421239104 -0.0006608341521496035
3.5437175354653405 -0.0006581806286224958
3.5492222916879115 -0.00065554677782257
3.5547285576806757 -0.0006529319312170551
3.5602363175771856 -0.0006503358890874279
3.5657465200239713 -0.0006477580050233166
3.571257221258051 -0.0006451989869065231
3.576769370096656 -0.0006426581904755293
3.582283916579108 -0.0006401349868513644
3.5877989160480226 -0.0006376300726578763
3.593315318699865 -0.0006351428209942602
3.598833110129128 -0.0006326730505315471
3.6043532421469138 -0.0006302201546932674
3.6098737689272795 -0.0006277848153939503
3.6153956424218734 -0.0006253664278263223
3.6209198157104296 -0.0006229644013824288
3.626444342108435 -0.0006205794071699348
3.631970174824737 -0.0006182108562061379
3.6374973007510505 -0.0006158585834909126
3.6430266745830906 -0.0006135220187578396
3.6485563485154344 -0.0006112018190045475
3.65408727735889 -0.0006088974154135272
3.659620416967776 -0.0006066082523019568
3.6651538187135912 -0.0006043349763073552
3.6706884385560983 -0.0006020770330742385
3.6762242645420002 -0.0005998342721409269
3.6817622540033597 -0.0005976061564256694
3.687300457237619 -0.0005953933190464565
3.6928398316704474 -0.0005931952240998314
3.6983813356946698 -0.0005910113478565096
3.703923018819502 -0.0005888423135125803
3.7094658395232187 -0.0005866875984142199
3.7150097868835346 -0.0005845470650776643
3.720555820647931 -0.0005824202068250901
3.7261019892974048 -0.0005803076339100996
3.7316492526548473 -0.0005782088406041072
3.7371985714412617 -0.0005761233324838998
3.7427479933833467 -0.0005740517103079658
3.748298479270609 -0.0005719934805152523
3.7538500191034174 -0.0005699485172357274
3.7594035748474894 -0.0005679163417136563
3.764957193245806 -0.000565897542325387
3.770511836324097 -0.000563891641070452
3.776068466943599 -0.0005618981704658639
3.7816251311258426 -0.0005599177098061763
3.7871827917861935 -0.0005579497922898515
3.7927414397526533 -0.0005559943024644013
3.7983020390327056 -0.0005540507872748036
3.8038626347071656 -0.0005521198141749085
3.8094241908304554 -0.000550200930700492
3.814987672235617 -0.0005482936941885722
3.8205511233136775 -0.0005463986634098351
3.826115508939644 -0.0005445153962294945
3.831680820685577 -0.0005426437865609612
3.83724802444231 -0.000540783405055996
3.84281516370158 -0.0005389347991657279
3.8483832043900748 -0.0005370975399931777
3.853953113161282 -0.0005352712077901533
3.859522932847568 -0.0005334563417076393
3.865093630134041 -0.0005316525223955882
3.870665197263172 -0.0005298596522062181
3.8762386018666106 -0.0005280773237035817
3.8818118859171378 -0.0005263060652192204
3.8873860170728562 -0.0005245454696500726
3.8929619636713255 -0.0005227951384461426
3.8985377670551102 -0.0005210555920059234
3.9041143955846493 -0.0005193264320672193
3.9096918421077405 -0.0005176075686016511
3.915271075868162 -0.0005158986144664442
3.9208501373869993 -0.000514200079719428
3.9264299959265188 -0.0005125115774502692
3.932011621385186 -0.0005108327287566723
3.9375930536817165 -0.0005091640361144815
3.9431752627300085 -0.0005075051208156034
3.9487582419254963 -0.0005058558997250838
3.954342962007793 -0.0005042160045288605
3.9599274621104783 -0.0005025859278195619
3.965512712984868 -0.0005009653014303579
3.971099685978807 -0.0004993537647028743
3.976686419650129 -0.0004977518029828965
3.982273885355802 -0.0004961590557268729
3.9878620769876676 -0.0004945754460485622
3.993451966675714 -0.0004930006231349366
3.999041592227279 -0.0004914350628849708
4.00463192577832 -0.0004898784145606958
4.010223940024851 -0.0004883303344737057
4.015815672223873 -0.0004867912915957047
4.021408095075174 -0.0004852609422859286
4.027001202921426 -0.0004837392153329553
4.028400075722367 -0.0004833599899704446
4.038190430411859 -0.00048072108488304003