0.0007115032600000237 0.0
-0.019352498062491286 0.009140392193751682
-0.04349306703979994 0.02007431140003754
-0.06366620691101443 0.029262720178424795
-0.07946516579788221 0.03652666403692924
-0.09249779992458529 0.04257353558130253
-0.1033552383558255 0.04766340772520191
-0.11562701930656971 0.053375534262097415
-0.1223930855549914 0.056665366282837075
-0.12683247559488742 0.05893155343978722
-0.13144749597685124 0.06127501119620843
-0.13594220392169065 0.06356553624180976
-0.1399609320229943 0.06564664916780891
-0.14366084526356349 0.06758749589320151
-0.1512287603917617 0.07123010948164328
-0.1512650003239394 0.07155908650550578
-0.15132597685296323 0.0718989470839132
-0.15161486950570113 0.07233908121338498
-0.15241141263676328 0.07300256127677962
-0.15301421644951396 0.07358080377843948
-0.15159376883088016 0.0732688964628568
-0.14956600073965043 0.0726897928368436
-0.15080824934285542 0.07354936506568442
-0.14933473662171914 0.07321411210444331
-0.14776567285877773 0.07283681918142086
-0.1462731330918049 0.07249319507998864
-0.1450909417988463 0.07228611059132548
-0.14405144067022413 0.07214180451560995
-0.14333257689739654 0.07213856650952935
-0.14074391097608874 0.07131268980166353
-0.1361084885285614 0.06958632241362664
-0.13031234781687862 0.06734928447076861
-0.12613213001361168 0.06582318850449426
-0.12462728793826527 0.06547415143879556
-0.12453141257650624 0.06574500301026569
-0.12141175332619525 0.0646855108864968
-0.11642371363104831 0.0628040055537605
-0.11469664465992768 0.0623571966501721
-0.10998417504317615 0.06059693202504921
-0.10481321326527848 0.05863494784220356
-0.09906393390603163 0.056418527902604626
-0.0920878712565173 0.05366237187541997
-0.08774972685076099 0.05206679407198354
-0.0824064938899507 0.050029018769380006
-0.08281386423300385 0.0505212787903229
-0.0815573383797712 0.05028148962424501
-0.0777748723517937 0.04893038899208459
-0.07219622797973868 0.04678904207131947
-0.0656313217296085 0.04421377711760362
-0.05690693437618233 0.040688428932080405
-0.0518232184570806 0.038764830322257166
-0.0491173725287527 0.03788739953165814
-0.044975446731797764 0.036378149638784336
-0.03839609106998465 0.0337965292809056
-0.03220612533361056 0.031386225377195105
-0.028859552110673148 0.030226898409012264
-0.02683771983393224 0.02965040674424637
-0.022512511062233953 0.02806052098304138
-0.014478402170036042 0.024838865989564564
-0.012415372173508743 0.024244248533649055
-0.009196082129925065 0.02314092328024634
-0.0036940706180571548 0.021033291317139127
0.0036559404481641966 0.018112612042904687
0.013022813389404253 0.014304595420897565
0.015134587225780982 0.013688532622371286
0.024806759043433435 0.009746195369088832
0.028549336670004366 0.008412644040327592
0.030160641746972083 0.008016767946213267
0.03228803393145707 0.007393833698346361
0.03690011022759476 0.005677736364550361
0.044665217824590764 0.0025744325164117083
0.05419848249521697 -0.0013067898205184874
0.059074498131098996 -0.0031390099215554464
0.060837556356442835 -0.0036016517796016918
0.06261589125483724 -0.004071014323650325
0.06637116043475666 -0.005410151188799996
0.07309954844206012 -0.008057339386094904
0.08172135477653941 -0.011537556460525384
0.08302754773054288 -0.011799195407302407
0.0894488363881184 -0.014311274356658014
0.09668602465438425 -0.017182314345432128
0.10273133463641138 -0.01952897593502006
0.10546583278503152 -0.020419013878002826
0.1074600816269431 -0.02098337037313952
0.11346979910832666 -0.02331437268407743
0.11993055348269932 -0.025843814532526776
0.1228361146073812 -0.02680911203251119
0.13083450232444715 -0.03001504937586244
0.1330962140883657 -0.030697080633537183
0.13264461984241582 -0.030185362101867418
0.13168622096887717 -0.029450672856533938
0.13159976833691467 -0.02909960513027836
0.14024663683355187 -0.03259084679518695
0.14856076792900008 -0.03593570081342673
0.15130715964852592 -0.0368309714525559
0.14683812777019456 -0.03455174082685012
0.14092113482133983 -0.03163546824419397
0.13874549472004227 -0.03036524191757024
0.14244780614609265 -0.03168107552661193
0.1473083395728788 -0.033506484513996015
0.15016087732016337 -0.03444845208594143
0.15111271046031638 -0.03455418862827921
0.1545939764291725 -0.035772774584818055
0.15205402248354527 -0.03434226119840676
0.14584345349327366 -0.031296827323480915
0.1421369359027994 -0.029353075607860532
0.14336826494537236 -0.02958177610393708
0.1460249230111329 -0.030437567519544746
0.14359159308327396 -0.02905396796186291
0.14577604294478708 -0.029702003548788374
0.14412460921426173 -0.028662406647530288
0.13814683634933955 -0.02571939332947152
0.1315798281262972 -0.022517136909316816
0.13008858791878153 -0.021548018759744558
0.13225275117970325 -0.02218713257237613
0.1333716005077611 -0.02236634648672285
0.12681752093021947 -0.019169781233913875
0.11686211685580916 -0.014476769057946811
0.10362115992414045 -0.008338241776387194
0.08785812169291074 -0.0010901029794954178
0.0733833632858828 0.00559124767081033
0.06729801338978803 0.008581590585750776
0.06280835000425922 0.010869895170840775
0.05799983612333903 0.013298484318119315
0.053462944656143874 0.015607566932801695
0.04516154826414742 0.01957288179276532
0.032437506727849175 0.02548398694696038
0.021092171920069402 0.03078851312909415
0.0230460916821853 0.03024189805840609
0.02298345767252541 0.030582490061890715
0.01973174951000589 0.03232614335521713
0.0193299446813352 0.03281595345224902
0.013083667829117629 0.03587710087987071
3.0256382832827278e-05 0.04193311255906956
-0.009097163963227017 0.04626184452587032
-0.0032087218012846197 0.043984200271356466
-0.006571275274949273 0.045776621514171126
-0.017616889443613726 0.05094928566623535
-0.016679604826876582 0.05084994989310439
-0.01921064365935954 0.0522765374661385
-0.029753674609746095 0.05722810135482625
-0.03939646854905565 0.061783577117640966
-0.04211547153274953 0.06329286140955694
-0.0408351699935291 0.06304261145133112
-0.039201160113905065 0.0626367439511214
-0.034425241170809695 0.06084856195689543
-0.03213952551930688 0.06015596994744524
-0.035074954456831176 0.06176047301457634
-0.04220131812880823 0.06520881997084582
-0.051198060845115245 0.069480059000072
-0.06142115647233559 0.07429084432719818
-0.0648855847747476 0.07612808598562437
-0.06320760189855501 0.07570287212329083
-0.04785587330771268 0.06926175630230266
-0.04301437061626623 0.06744472007834372
-0.07325666570351719 0.08106315356242418
-0.10554469490385687 0.09558162834569534
-0.06741400742396497 0.07911868044910189
-0.06469384278797008 0.07823494823920601
-0.07212980099080457 0.08181950442324969
-0.05911816714601581 0.07640793682262498
-0.05167168471883288 0.07344481356285969
-0.08032007858470747 0.08636199417302519
-0.11774176972544714 0.10313907516170767
-0.10594820980850017 0.09826341143711008
-0.10608838080265559 0.09863811265715544
-0.08636013564429967 0.09027150435297866
-0.06479389120588086 0.08109624977881248
-0.05501411551377744 0.07710657067871793
-0.0595407056749121 0.07941116512619352
-0.0630924958678395 0.08128684252704405
-0.03692367647355477 0.07008663880802253
-0.028635780407931022 0.06675332715502778
-0.0005953744893004709 0.05472970012007164
0.03334382359976984 0.040110840139264727
0.05172136873991329 0.032338485893536176
0.05322234994931385 0.031991145694802936
0.07038174659585239 0.024754728131058966
0.11287041891750971 0.0063744409704132995
0.17674135548548875 -0.02141318840971683
0.1878905459954664 -0.026005355332605475
0.20962750700291843 -0.03525571837839724
0.22475204427772433 -0.04159687909478898
0.24065833094978728 -0.04828197832139429
0.3060091238389554 -0.07672068537453032
0.28151932697974924 -0.06563312134490921
0.3128576312433108 -0.07910769192721077
0.35072695091970896 -0.09545564842980153
0.364613882267412 -0.1012523119706371
0.3714875515702466 -0.10396342033495073
0.3840689642805365 -0.10918570782025828
0.39868824095833555 -0.11530457405505036
0.4089422604714089 -0.11950290149415829
0.45555028531420627 -0.13969553922921643
0.4584067947604126 -0.14063925770973038
0.4635921435376852 -0.14260757247757663
0.482647343559684 -0.15067806780447787
0.49710641490980223 -0.1567264500940003
0.48360998079400874 -0.15047552657535807
0.5471097804711643 -0.1780998265514436
0.5459132923866524 -0.17726038800298452
0.5515534046557146 -0.17942878054308664
0.5583134802900763 -0.1820899122304225
0.5624245688091573 -0.18358559539269226
0.5682624224501899 -0.18584098623828946
0.5848121345761806 -0.1928091669649687
0.6279553181368741 -0.21147741292834835
0.6029512308238548 -0.2001635816408027
0.6473247995852646 -0.21937314794853818
0.6552811402797935 -0.22256058848121263
0.6554504217306109 -0.22232203397682754
0.6682006910807748 -0.22761861163921962
0.6864414183373685 -0.2353307714809565
0.653481619559087 -0.2205167449151642
0.7197605197888953 -0.2493637821277838
0.710216446621715 -0.2448517395616078
0.7187789520250351 -0.24830586835476195
0.7178428174617367 -0.2475809749566147
0.7222911316137731 -0.2492250239279423
0.7442166936658142 -0.25855836390026343
0.7361248548361222 -0.2546852464375403
0.7599768224152484 -0.2648661278974246
0.707525102757144 -0.24147643468944546
0.5832549321637593 -0.18648949163746747
0.3670864889525437 -0.09107097922799622
0.14582818013969823 0.006586870747137748
-0.006061551345008187 0.07372531741273543
-0.12337400324409187 0.12565114214393253
-0.29862058247019085 0.20306566889817046
-0.39135145645097713 0.24417658118097588
-0.3354507464864145 0.21989557715612346
-0.24370484549825966 0.17984407681098769
-0.1643248974473619 0.14523310183822102
-0.11106838367584893 0.1221153945280059
-0.07440970895852506 0.10630007345191195
-0.05182912252921934 0.09667854891653213
-0.02322534972839463 0.08440706295537098
0.0016305039896975515 0.07378451169149135
0.018540023259559058 0.06665803019290059
0.03131799682006775 0.06134926378451648
0.043452453095086274 0.05632361927842581
0.055033468200803126 0.05154146678131956
0.06498693918026788 0.047475368692511004
0.07386321897924819 0.04388319169802117
0.08183466045727517 0.04068910742376203
0.08903934894869636 0.037832363838015505
0.09558809686532588 0.035264207905644926
0.10157112541002877 0.032944945900998654
0.10706279247690065 0.030841863320672402
0.11212500916395851 0.028927721754387355
0.11680977733053155 0.02717964246109332
0.1211611147329561 0.025578259386156498
0.12521653988766313 0.0241070658809091
0.1290082329338217 0.022751903969453695
0.13256395369362273 0.02150056043880718
0.13590777506577234 0.020342444175056762
0.13906067419242996 0.01926832607351995
0.14204101287727278 0.018270127673984497
0.14486531750776221 0.01734062202206923
0.14754703787777113 0.01647380375366897
0.15009919457099963 0.01566398832802877
0.1525329963637888 0.014906244331258851
0.15485843610050176 0.014196175310972697
0.15708444954194756 0.01352984988932614
0.1592190499853262 0.012903742535617565
0.16126944286920197 0.012314683144677735
0.16324212375673974 0.011759813928159668
0.16514296244636284 0.011236552409207817
0.16697727544984786 0.010742559534992651
0.16874988867276708 0.010275712099817941
0.17046519180801434 0.009834078814143537
0.17212718569215146 0.009415899469683178
0.17373952366317102 0.00901956674364162
0.17530554778648033 0.00864361026072799
0.1768283206755502 0.00828668259334202
0.17831065351840059 0.007947546931039091
0.17975513082604933 0.007625066192201837
0.18116413234034223 0.007318193385469527
0.18253985247313576 0.007025963057274286
0.1838843175941921 0.006747483685857868
0.18519940143939195 0.006481930902273508
0.18648683887242068 0.006228541435793353
0.18774823820064557 0.00598660769541477
0.18898509221846072 0.005755472911229376
0.1901987881280841 0.005534526769668888
0.19139061646796296 0.0053232014853630575
0.192561779162017 0.0051209682597943024
0.19371339678845534 0.004927334083308738
0.19484651515446638 0.00474183884251504
0.19596211125237362 0.004564052699813796
0.1970610986636171 0.004393573715861676
0.19814433246892993 0.0042300256892896255
0.19921276284593314 0.0040730345759019924
0.20026684067556 0.003922314014085812
0.20130742196706464 0.0037775313899656
0.20233516869808044 0.003638395459823388
0.20335070309565906 0.0035046324686093923
0.2043546104786057 0.003375984899428041
0.20534744186359266 0.0032522103269522
0.20632971635742436 0.0031330803649220647
0.2073019233554506 0.0030183796989311333
0.20826452456402833 0.0029079051966237023
0.20921795586307745 0.002801465088245099
0.21016262902313254 0.002698878211206856
0.2110989332898442 0.002599973312969953
0.2120272368475825 0.0025045884071175357
0.2129478881726502 0.0024125701779953036
0.2138612172855897 0.002323773429746223
0.2147675369111518 0.0022380605759706996
0.21566714355367977 0.002155301166600713
0.21656031849493151 0.002075371448897679
0.21744732872071004 0.0019981539597722702
0.21832842778208217 0.0019235371468823497
0.2192038565964457 0.0018514150161955574
0.22007384419322384 0.0017816868039136392
0.22093860840854462 0.0017142566708410168
0.22179835653287727 0.00164903341745087
0.22265328591525002 0.0015859302180531584
0.22350358452736263 0.0015248643726079756
0.22434943149062192 0.0014657570748508732
0.2251909975688705 0.0014085331955116555
0.22602856304905494 0.001353113415534866
0.2268620479475979 0.0012994449324882586
0.22769171859226411 0.0012474545687987454
0.2285177166415432 0.0011970800003889268
0.2293401774274061 0.0011482616865972183
0.23015923028880325 0.001100942723451212
0.23097499888482875 0.0010550687058889555
0.23178760148895428 0.001010587598306896
0.23259715126563762 0.0009674496128634579
0.2334037565305057 0.00092560709500932
0.2342075209952167 0.0008850144157573177
0.23500854399803106 0.0008456278702404538
0.23580692072103793 0.0008074055821414443
0.23660274239491252 0.0007703074136070047
0.23739609649201976 0.0007342948802904117
0.23818706690861757 0.0006993310711892049
0.2389757341368569 0.0006653805729718836
0.23976217542723066 0.0006324093985071983
0.2405464649420691 0.000600384919331949
0.24132867390064827 0.0005692758018093231
0.24210887071642573 0.0005390519467506689
0.24288712112689315 0.0005096844322852379
0.2436634883164931 0.0004811454597819373
0.2444380330330248 0.00045340830263563257
0.2452108136979253 0.00042644725774744675
0.24598188651079578 0.0004002375995375797
0.2467513055485121 0.00037475553634054766
0.24751912285923827 0.0003499781690430258
0.24828538855164017 0.000325883451833631
0.24905025826203475 0.00030244690695506167
0.24981356350341655 0.0002796546699484381
0.25057545664751746 0.00025748369934346695
0.2513359808502934 0.00023591500824322664
0.2520951777114119 0.0002149302944557912
0.2528530873399176 0.0001945119116034341
0.25360974841670847 0.00017464284163598497
0.2543651982539973 0.00015530666867026076
0.25511947285192293 0.0001364875540828949
0.25587260695246805 0.00011817021278943615
0.25662463409082525 0.0001003398906443272
0.257375586644354 8.298234290282606e-05
0.25812549587924905 6.608381368798546e-05
0.2588743919950488 4.963101640914506e-05
0.25962230416709164 3.361111508266196e-05
0.2603692605870308 1.8011706507270426e-05
0.26111528850150567 2.8208032498676565e-06
0.2618604142490665 -1.1973182599670284e-05
0.26260466329544185 -2.638145494463456e-05
0.2633480602672301 -4.041484850489957e-05
0.26409062898410063 -5.4083842983369704e-05
0.264832392489572 -6.73985766080272e-05
0.26557337308044493 -8.036885908042175e-05
0.26631359233495167 -9.30041839609635e-05
0.2670530711396887 -0.00010531374051777008
0.26779182971538995 -0.00011730642506619454
0.30428263188441684 -0.015858770285063033
0.6163564049215692 -0.15284573401136253
1.2836114502528564 -0.4460982709216424
1.3879876295782423 -0.49170658925746935
1.419881890344712 -0.505425758495075
1.4186952276741795 -0.5045905987403152
1.4005635282333562 -0.4963003436201018
1.3735134313865607 -0.4840863498592635
1.3414510562304893 -0.4696671538424126
1.2975551407633428 -0.4500416727431245
1.2419101237875338 -0.42524705626181253
1.1736944230853656 -0.39492184103826944
1.1070958964409798 -0.36530811780709765
1.039649271025151 -0.33532126499119275
0.9620822275078814 -0.3008818324396829
0.8688588142803005 -0.25955422256125593
0.7543320428715296 -0.20885398598034186
0.633598020933808 -0.1554228070962544
0.5022837597635504 -0.09733674554502361
0.34166069708301705 -0.026355981979363445
0.12616958822711 0.06876453036781333
-0.19658222556099458 0.21107546868561186