-0.0155560946849711 0.0007870386207549311
-0.028923342189154155 0.0013435734947102776
-0.03878938885820027 0.00179799154865581
-0.04656819581567895 0.002191533159904437
-0.052922530064847706 0.0025435281031056423
-0.05822524108691596 0.002864851543307315
-0.06271126466766219 0.0031623553598483342
-0.06653749382466323 0.003440615225438207
-0.06981903854760851 0.003702989037955114
-0.07263890467940826 0.003951897174458043
-0.07506150691704505 0.004189218946609176
-0.07713694496832701 0.004416414986386722
-0.07890772351811925 0.004634725574880544
-0.08040617497846192 0.004845093140558896
-0.08165912480739834 0.005048300661921563
-0.08269186073835577 0.005245085392986084
-0.08352331865626184 0.00543599816219524
-0.08416983816974977 0.005621518741205981
-0.08464596509303846 0.005802069625364356
-0.08496639216995838 0.005978079345355331
-0.08514125953157148 0.006149843649703398
-0.08517987223623358 0.006317633931082067
-0.08509060542907498 0.006481694460181813
-0.08489463613281067 0.006642639972485853
-0.08456739634114108 0.006799759747209206
-0.08414719412357918 0.006954168166416027
-0.08362711986284488 0.007105663703212442
-0.08302134674709905 0.007254659734847847
-0.08230809431539932 0.007400521009258182
-0.08152240694692026 0.007544269635858976
-0.08065629773287597 0.0076856697507026745
-0.07971273645492793 0.007824813804098243
-0.07869638585750316 0.00796183487370736
-0.07761041865260054 0.008096825495305781
-0.07645783908403025 0.008229873291101504
-0.07524144518434106 0.00836105986891527
-0.07396384426412617 0.008490461273943855
-0.0726281110246294 0.008618164266752455
-0.07123500535018756 0.00874419684346613
-0.06978768877724661 0.00886864829729821
-0.06827990585955845 0.008991336181001643
-0.06674032744284908 0.009113096712596377
-0.0651401972777812 0.009233091183168441
-0.0634939338013254 0.009351740122929166
-0.061794943666864555 0.009468848312766166
-0.06006985965410827 0.009585198361401152
-0.05829056084516537 0.009699967173474005
-0.0564628590563494 0.009813324257257276
-0.05461412967741097 0.009926068047315436
-0.052714905131207246 0.010037339088044887
-0.0507708875612618 0.010147303688985821
-0.04880993454490401 0.010256771431640551
-0.04679273174372156 0.01036460150157558
-0.04476081970340218 0.010472002559721229
-0.042675670003267996 0.010577850880605134
-0.04056943193285534 0.010683084135040972
-0.038438526485158775 0.010787597937194594
-0.0362577017450576 0.010890655786068711
-0.03406723430472525 0.010993429477943196
-0.03182683267636577 0.011094749698704843
-0.029569487977955333 0.0111955757554425
-0.027283184880866784 0.011295557207349207
-0.024977439858355766 0.011394971613256071
-0.022626240694371802 0.011493060297119188
-0.020260780795300803 0.011590733050326795
-0.017869586730739684 0.011687652320538994
-0.015452362610094639 0.011783815310996926
-0.013010853420723834 0.011879269999639092
-0.010545525699214409 0.011974029993538866
-0.008056891273788835 0.01206811022075186
-0.005545447712961504 0.012161525193433257
-0.003011674715912349 0.012254288902558402
-0.00045669646902979366 0.012346431219695189
0.0021206000519047308 0.012437925515447609
0.004718733716613244 0.012528812072060528
0.0073699734520467075 0.012618149729358012
0.009942266275817957 0.012709789963663362
0.012645887724746174 0.012797599848352872
0.015270372645296959 0.012887717840438656
0.01809349908596758 0.012972039308694748
0.020651363033534764 0.013064100377683751
0.023526125780973572 0.013146918730586338
0.02612491705075115 0.013237786107394973
0.029037735565859535 0.013319494520291002
0.03175446178130059 0.013406922189470991
0.034597454514541326 0.01349066715118818
0.03736134476137565 0.013576716310814176
0.040242661495557996 0.01365934350919443
0.04312387082878466 0.013741973840046513
0.04593337728972102 0.013826695467209634
0.04886042143098912 0.013907988973442125
0.05170600489968891 0.01399165837339537
0.05466619177104448 0.01407198523398363
0.05762419923248885 0.014152372742941236
0.06051005281130628 0.014234867619056771
0.06343058170975979 0.014316351149800441
0.06653649597107503 0.014392427704322766
0.06945061192843305 0.014474098275831005
0.07240815246228038 0.014554502319880647
0.07555290662314817 0.014629446064292761
0.07842414120215935 0.014712364403649942
0.08160771461602323 0.014786175940132377
0.08459141474748044 0.014865817009586474
0.08761603084148639 0.014944264718177782
0.0908263749244771 0.015017295457464757
0.09376270181903124 0.015098318221576496
0.09700942636205134 0.01517028788312101
0.10005479742837053 0.015248127332583052
0.10314111517847557 0.015324775441776605
0.10641214317279335 0.015396036265356605
0.10940827140019671 0.015475314855172524
0.11271395764855896 0.015545564831118169
0.11581815004208806 0.015621691605884513
0.11896159169505616 0.015696673631091278
0.1222884547577685 0.015766303044401964
0.1253406124059655 0.015843947472052883
0.12870145801484867 0.01591258866213692
0.13186006306794162 0.0159871284294294
0.13513863206439147 0.016058169311054023
0.13833249242934365 0.01613168081683782
0.1416360230416327 0.01620199074776158
0.14485301989850896 0.016274827451286184
0.14817894822115285 0.01634448704397494
0.15149806642541108 0.016414345261558314
0.15473903410065937 0.016486482828738342
0.15809132028020834 0.016555373664372354
0.16135611710006614 0.01662681622728499
0.1647289806657284 0.016695103983294473
0.16809553387747123 0.016763578704610576
0.1713833087080623 0.01683435108754936
0.1747818653439399 0.016901892392382996
0.17817383736152514 0.01696962574514313
0.181487352475024 0.017039647383279476
0.1848302322389852 0.017108812567786697
0.18835242790356332 0.017172744882269005
0.19167839068563275 0.01724240346990912
0.19504236104974737 0.01731095352293159
0.19850690835145812 0.01737657013449119
0.20196162742700174 0.01744247339751229
0.20533616316873804 0.017510715299207676
0.20882029516745426 0.017575760700670788
0.21221467423516138 0.017643420932445586
0.21579862639342196 0.01770555496474378
0.21910563612963152 0.017775766339652013
0.2227191955792467 0.01783703684142192
0.22612797700378096 0.01790427992859537
0.22957264756346163 0.0179704762680789
0.23311662132670818 0.018033776316009935
0.23664907910292143 0.018097409324264756
0.2401013653722881 0.018163383542861497
0.2436622487440676 0.018226190402712155
0.24721463304155478 0.018289245147788943
0.2506867615295043 0.018354640645377784
2.8958338836537223 -0.05862743758874563
3.6759543712114553 -0.08121388010618776
2.9063147648677408 -0.05859979920260943
2.5228460333555827 -0.04724883079449877
2.282557656401483 -0.04007388125066339
2.1149329815231006 -0.0350182517179628
1.9902971026499525 -0.031216439607522826
1.8935997624433973 -0.028229486943911957
1.8162652906677437 -0.02580727449262634
1.7529973878204785 -0.02379533253538845
1.70032040083478 -0.022092283840515235
1.6558504893761103 -0.020628603893730304
1.6178886346871266 -0.019354738868998585
1.5851876013526187 -0.018234311718378013
1.5568085824933515 -0.017239941065075048
1.5320297799567157 -0.016350574840104354
1.5102864047086317 -0.015549743241683064
1.4911281639154659 -0.014824307130874985
1.4741928987245725 -0.01416370664698356
1.4591845926884375 -0.013559308131621857
1.4458589160674151 -0.01300398542837698
1.434012809457906 -0.012491824827250248
1.423472583079553 -0.012017722551078414
1.4140967918739307 -0.011577611525182724
1.4057595926919895 -0.011167792223990234
1.3983545106836193 -0.010785159186671486
1.3917883984786368 -0.010426966497453822
1.3859834866487795 -0.010091004254268397
1.380868582530228 -0.009775166875473786
1.3763814977969364 -0.009477611401242259
1.3724695799419209 -0.009196860493252279
1.3690839633431882 -0.008931459763583229
1.3661819362096335 -0.00868016347397777
1.3637249824048219 -0.008441819091103331
1.361679813225507 -0.008215514044130031
1.3600152831499859 -0.00800031077213713
1.3587035446898046 -0.007795367905117285
1.357720065911277 -0.007600028273444088
1.357041942941576 -0.007413594693316179
1.3566486023238564 -0.007235467116325069
1.3565213067029394 -0.007065069879923969
1.3566429939236642 -0.006901963679123855
1.3569979714018565 -0.00674566165560796
1.3575720131059157 -0.006595719724743458
1.3583517396428881 -0.006451805993514774
1.3593251063460539 -0.006313539999291677
1.3604809331377172 -0.006180595662316065
1.3618091414725981 -0.006052649864139162
1.3632997132963975 -0.00592946874903323
1.3649440160470565 -0.005810771372304451
1.366734162647882 -0.0056962985321927385
1.3686618935313462 -0.005585867661248961
1.3707204070891024 -0.005479251216639463
1.372903084929444 -0.00537625616539739
1.3752041642753845 -0.005276685263394149
1.3776170698086414 -0.005180405066237027
1.3801367978287917 -0.0050872404691339156
1.3827587625822098 -0.004997028557189298
1.385477308603388 -0.004909662714569085
1.3882884401359004 -0.004824997234321063
1.3911879805268956 -0.004742910299586013
1.3941725314167357 -0.0046632736271726245
1.3972373505225004 -0.004586007235261899
1.4003794691943998 -0.004510995373641803
1.4035961713018352 -0.004438129657111535
1.4068832297242277 -0.004367345129151284
1.4102382714355137 -0.004298543411596372
1.4136585266174304 -0.004231643719528186
1.417141989177649 -0.004166558376824399
1.4206849576815408 -0.004103237759197288
1.4242856840344054 -0.004041601715320613
1.4279425819766018 -0.003981574813972882
1.431652254159827 -0.003923116299891947
1.4354133247838998 -0.003866156880147251
1.4392238827212296 -0.003810640814515888
1.4430827897469847 -0.0037565057392242285
1.446986965565177 -0.0037037201462035417
1.4509354343277288 -0.00365222640758415
1.4549273289592453 -0.0036019700679757196
1.4589597562174035 -0.003552925074944006
1.4630319838142611 -0.003505040904329032
1.4671426496586957 -0.003458277829184769
1.4712911820611119 -0.0034125900093859114
1.4754748861679374 -0.0033679571787329715
1.4796932965039211 -0.0033243365949634555
1.4839460236216269 -0.003281687733253159
1.488230491560504 -0.003239993795053569
1.4925464003247484 -0.0031992168644997
1.4968927525475912 -0.003159327852248538
1.5012693607655105 -0.0031202921245678354
1.505673776843496 -0.0030820966110871695
1.510105885063183 -0.0030447087706039766
1.5145656246141819 -0.003008097663369407
1.5190506249267486 -0.0029722524812929195
1.5235608863528043 -0.002937144068494463
1.52809566169433 -0.002902750632089021
1.5326550325852786 -0.002869045386879924
1.537236712753808 -0.0028360199834214267
1.5418408336291058 -0.002803649088851915
1.5464675674090032 -0.0027719085593740406
1.5511146794781734 -0.0027407915521633513
1.5557823849273476 -0.0027102751744429317
1.560470112887101 -0.0026803427761528205
1.565178138702624 -0.0026509732219064256
1.5699042843727593 -0.0026221613200962425
1.5746488606147633 -0.002593886967002506
1.579412209142241 -0.0025661309629491772
1.5841921869077389 -0.0025388891357936896
1.5889891663674476 -0.002512143182502734
1.5938027038818312 -0.002485880163821783
1.5986332175877465 -0.0024600831090464056
1.6034786029870443 -0.002434748970368587
1.6083393038518352 -0.0024098615247654257
1.6132157880081675 -0.0023854052507748034
1.6181059748871203 -0.002361377798511849
1.623010354768681 -0.002337764301409339
1.6279285777071983 -0.002314554552901787
1.6328611692991792 -0.0022917347164686476
1.6378060754786485 -0.0022693032152138297
1.64276384074806 -0.002247246764030256
1.6477350286122068 -0.0022255526320357584
1.6527176015115188 -0.0022042197237625415
1.6577121396236336 -0.0021832357946109993
1.6627183632472207 -0.002162592686771893
1.6677368803376087 -0.002142278965813674
1.6727656716567623 -0.002122294070637198
1.6778053593184143 -0.0021026269797569607
1.6828565806846534 -0.002083267116423482
1.6879173279414186 -0.0020642142527305925
1.692988251012025 -0.0020454581782913843
1.6980691237007122 -0.0020269922958475912
1.7031606181141434 -0.0020088070420148907
1.7082607391169642 -0.0019909025586762673
1.7133701695633299 -0.0019732695959102957
1.7184896047136675 -0.001955899265638572
1.7236170573272176 -0.0019387919399990823
1.7287532322503676 -0.0019219390104988762
1.7338979446234735 -0.0019053350854950422
1.7390519172503769 -0.0018889720802443468
1.7442131716267042 -0.0018728506216914714
1.7493824388131927 -0.0018569628659149129
1.7545604600891629 -0.0018413012670301832
1.7597452623652092 -0.0018258666099154755
1.7649375943201608 -0.0018106515645013852
1.7701373034369858 -0.0017956516824540805
1.7753451531085513 -0.0017808600628557974
1.7805591761983592 -0.001766277664208255
1.785780142511035 -0.0017518977725999227
1.7910088303607044 -0.0017377139223085688
1.7962432762671998 -0.001723727178477058
1.8014842643150057 -0.0017099312436821463
1.8067316675846499 -0.0016963224161723393
1.8119862823493325 -0.0016828947540223505
1.8172461491000522 -0.001669649438198537
1.8225120691368808 -0.0016565806733901639
1.827784850916263 -0.0016436828730101401
1.833062537329159 -0.0016309572880225008
1.8383459413732268 -0.0016183984642900112
1.8436349566000647 -0.0016060032971231594
1.8489304062041825 -0.0015937666297875747
1.854230335627971 -0.0015816897876625433
1.8595355720410733 -0.001569767729953031
1.8648469486852104 -0.0015579955929629137
1.870162512500574 -0.001546374745756731
1.875483100332243 -0.0015349004297344497
1.8808086222590905 -0.0015235700222434659
1.8861399237333192 -0.0015123790157204916
1.8914750532253546 -0.0015013288238610123
1.8968148593552208 -0.0014904150314947533
1.9021601959365952 -0.0014796333749303528
1.9075091122880554 -0.0014689852926005793
1.912862465103652 -0.001458466604823433
1.9182201779219064 -0.0014480750815124696
1.9235831147615237 -0.0014378067566174766
1.9289493257355765 -0.001427663091743746
1.9343196774048366 -0.001417640194983366
1.9396950408049776 -0.0014077343049442763
1.9450734664292497 -0.0013979468943198902
1.9504558276311244 -0.0013882742693193007
1.9558420589983925 -0.0013787145221204613
1.9612330401643323 -0.0013692641420903727
1.9666268218871963 -0.001359924609651527
1.972024285852994 -0.00135069247404097
1.9774263176291722 -0.0013415643977022955
1.982830968017927 -0.0013325418623397688
1.9882391244629805 -0.0013236215851208087
1.993650730689696 -0.0013148019247311376
1.9990666795626577 -0.0013060797564437836
2.0044850217696464 -0.0012974565586259155
2.009906651842174 -0.0012889292551684015
2.0153324676990536 -0.0012804948687565954
2.020760519831976 -0.0012721548720384934
2.0261917076868023 -0.0012639063322375358
2.0316259825972054 -0.0012557478299445308
2.0370642487178685 -0.0012476765697212822
2.042504556156519 -0.0012396940130169664
2.0479478104283366 -0.0012317974040736163
2.0533949200211996 -0.0012239840738355844
2.0588439346773058 -0.001216255473090902
2.064295764133348 -0.0012086089692070552
2.069750366098191 -0.001201043328714584
2.075208654422566 -0.00119355603897152
2.0806686782759627 -0.0011861485340623115
2.0861313526245215 -0.0011788183338771183
2.0915975950567596 -0.0011715630347907794
2.097065454259212 -0.0011643840568018459
2.1025358488460775 -0.0011572790262001237
2.10800874189969 -0.0011502468662399066
2.1134850556478817 -0.0011432853086067144
2.1189628380753796 -0.0011363957528301304
2.124443012328163 -0.0011295759573746453
2.129926503876627 -0.0011228237484990776
2.1354113601435607 -0.0011161405093433295
2.1408985074449784 -0.0011095240908296647
2.146387913417355 -0.00110297354903883
2.151880507566558 -0.0010964868279287685
2.1573743365285623 -0.0010900652876911212
2.1628703305676993 -0.001083706894405286
2.1683694220177543 -0.001077409674508649
2.173869656902202 -0.001071174970328541
2.1793719682543333 -0.0010650008287043432
2.184876327590244 -0.001058886418870217
2.190383670771972 -0.0010528298701692734
2.195892042983793 -0.0010468325004525758
2.201402380716239 -0.001040892457393801
2.2069156223098894 -0.0010350079426253815
2.212429812306972 -0.0010291802552724282
2.217945889628396 -0.001023407613893238
2.223463829111221 -0.0010176892845820528
2.2289845721956514 -0.0010120235593752687
2.234506162556407 -0.0010064117120961327
2.240029542155856 -0.0010008520500106523
2.2455556546166093 -0.0009953429288078242
2.251082542957299 -0.0009898856031753298
2.2566111512831792 -0.0009844784428788367
2.2621414572870044 -0.0009791207973020289
2.2676744073266946 -0.0009738111019123057
2.2732080435427946 -0.0009685505857868762
2.2787433127280234 -0.0009633376970745112
2.284281163170352 -0.0009581709275346818
2.289819636351563 -0.0009530514870309897
2.2953596809618304 -0.0009479778790538458
2.300901277160003 -0.0009429495249131837
2.306445375658063 -0.0009379649870676039
2.3119900170620724 -0.0009330254498394219
2.317536152446708 -0.0009281294862655678
2.3230847342378063 -0.0009232757087911423
2.3286338023882625 -0.0009184652826880858
2.3341843096596353 -0.0009136968301931772
2.339736238348996 -0.0009089698349801752
2.3452905430388533 -0.0009042829723960834
2.3508452628181313 -0.0008996373825140569
2.356401352572295 -0.0008950317495170272
2.361959768411591 -0.0008904647933101914
2.367518548783316 -0.000885937635252893
2.373078650078263 -0.0008814490034327748
2.3786400564545183 -0.0008769984358022563
2.3842037259483266 -0.0008725847084403663
2.3897676961614263 -0.0008682089180448913
2.3953329253833413 -0.0008638698480819478
2.4009003730170804 -0.0008595663144940527
2.4064680760384913 -0.0008552993957239236
2.4120369940851862 -0.000851067914556442
2.4176071129408374 -0.0008468714563560661
2.423179393734511 -0.0008427088874075835
2.428751872619552 -0.0008385812621647174
2.434325510936862 -0.0008344874530905628
2.4399012710424675 -0.0008304263622554945
2.4454771884824016 -0.0008263990264003931
2.4510542258089085 -0.0008224043533184445
2.456632370230439 -0.0008184419699296946
2.4622125856550383 -0.0008145108235707439
2.4677929068324147 -0.0008106119277568178
2.4733742978477586 -0.0008067442349912157
2.4789577237141103 -0.0008029067248393282
2.4845412185943374 -0.0007991003937002547
2.490125747665532 -0.0007953242259241036
2.4957112993890007 -0.0007915778849716012
2.5012988401777037 -0.000787860391238237
2.506886403426307 -0.0007841727187178058
2.5124749556958115 -0.0007805138921235696
2.5180654643973988 -0.0007768829609653431
2.52365596236047 -0.0007732808827502031
2.529247417133236 -0.000769706710984555
2.534839818282048 -0.0007661601413591519
2.540434134484574 -0.0007626402603222275
2.546028397831238 -0.0007591480038278465
2.5516235771232587 -0.0007556824619277436
2.5572206419426706 -0.0007522427474472405
2.5628176238367733 -0.0007488297804993858
2.568415492501874 -0.0007454426772423033
2.5740142384818725 -0.0007420811618780796
2.579614832507815 -0.0007387443807440691
2.5852153054176945 -0.000735433233265611
2.590816628045445 -0.0007321468687812267
2.596419771943717 -0.0007288844575911716
2.6020227674296468 -0.0007256468839295899
2.607626586150941 -0.0007224333208692929
2.613231219518676 -0.000719243517904573
2.618837640130712 -0.0007160766758206216
2.6244438776245254 -0.0007129336590283382
2.6300509046834186 -0.000709813670805056
2.6356596946536026 -0.0007067159337624504
2.6412682766738182 -0.0007036412977652733
2.646877624169088 -0.0007005889877239044
2.6524877293218125 -0.0006975587756290887
2.6580995664314244 -0.0006945499118943325
2.663711163986255 -0.0006915632274144924
2.669323496356407 -0.0006885979746642842
2.6749375385246363 -0.000685653423987094
2.6805513185022676 -0.0006827303923653383
2.686165811337105 -0.0006798281520396443
2.69178100989936 -0.0006769464950614953
2.697397890043211 -0.0006740847171904994
2.7030144791582043 -0.0006712436172740702
2.7086317531566664 -0.0006684224927676175
2.7142506885182005 -0.0006656206576718113
2.7198693121765203 -0.0006628388975393285
2.7254886006645975 -0.0006600765279274546
2.7311085474674783 -0.0006573333588199839
2.7367301298632487 -0.000654608727506432
2.742351374191662 -0.0006519034022157139
2.747973257778309 -0.00064921672162289
2.753596758474993 -0.0006465480397503005
2.759219902186153 -0.0006438981121307026
2.7648436668070424 -0.0006412662940536862
2.77046804637358 -0.0006386524115701794
2.7760940194708272 -0.000636055840088906
2.7817196114361433 -0.0006334773186029723
2.78734580089305 -0.0006309162236428529
2.792973566954 -0.000628371945999513
2.798600934540847 -0.0006258452125470865
2.8042288828010538 -0.0006233354150976759
2.8098574062652375 -0.000620842394130326
2.815487484720622 -0.0006183655601164265
2.8211171425478483 -0.0006159056241451184
2.826747359564907 -0.000613461997585131
2.8323791160448497 -0.000611034105077377
2.838010435971812 -0.0006086226461466525
2.8436422996466746 -0.000606227046245567
2.8492747020452267 -0.000603847158837269
2.854908624062702 -0.0006014824267094244
2.8605420891668505 -0.0005991335343257941
2.866176078277121 -0.0005967999251803074
2.8718115727371476 -0.0005944810551385804
2.8774465956363926 -0.0005921775976312923
2.883082128340199 -0.0005898890091573832
2.8887181662258037 -0.0005876151548886463
2.894355691211631 -0.0005853555074552034
2.8999927258945064 -0.0005831107259194034
2.905630252211493 -0.0005808802834549092
2.911269252495636 -0.0005786636647848056
2.9169077489828847 -0.0005764615184461333
2.922546724022798 -0.0005742733296433863
2.9281861733553356 -0.0005720989741277368
2.9338270798455266 -0.0005699379521381032
2.939467465259362 -0.0005677908985045605
2.9451083124757567 -0.0005656573138709743
2.9507506047438135 -0.00056353670967841
2.9563923634852607 -0.0005614297107160073
2.9620345719612793 -0.0005593358287768833
2.9676772262401947 -0.0005572549491893656
2.9733213100643336 -0.0005551865977797646
2.978964844407077 -0.0005531313862606927
2.9846088130205857 -0.0005510888407454048
2.99025420000358 -0.0005490584974548645
2.995899026000993 -0.0005470409585221796
3.0015442751198407 -0.0005450357604102281
3.007189943726255 -0.0005430427971331275
3.0128370163769986 -0.000541061618271221
3.0184835132892385 -0.0005390928134812082
3.024130419026129 -0.0005371359325299451
3.029778718475681 -0.0005351905346589671
3.0354264315416657 -0.0005332572003844517
3.0410745431171744 -0.0005313354890961597
3.046723049838901 -0.0005294253026994558
3.052372937020916 -0.000527526212862375
3.058022224158787 -0.0005256387881954806
3.063671896570055 -0.0005237626004679581
3.069322939877143 -0.0005218972303414361
3.074973373276533 -0.0005200432377032669
3.080624182393006 -0.0005182002032836853
3.086275364109486 -0.0005163680361696148
3.091927904445317 -0.0005145463285992558
3.0975798222073774 -0.0005127356290966916
3.1032321034159924 -0.0005109355299287833
3.108885734377992 -0.0005091456317184713
3.1145387336147543 -0.000507366474663019
3.1201920874331446 -0.0005055976593864355
3.125845792940538 -0.000503839101522038
3.13150083681408 -0.0005020904124934684
3.1371552372032028 -0.0005003521216497704
3.1428099807839285 -0.0004986238403818146
3.148466054501803 -0.0004969051879416369
3.1541214762336782 -0.0004951966857278468
3.1597772329231724 -0.0004934979529363653
3.1654333218825936 -0.000491808911177362
3.1710907304034706 -0.0004901291897939899
3.1767474760074723 -0.0004884592998255445
3.1824045459832284 -0.00048679887053048573
3.188062927873224 -0.00048514753857109235
3.1937206389387747 -0.00048350580739342535
3.19937866671879 -0.00048187331355540827
3.205037008712944 -0.0004802499841323758
3.2106966527874228 -0.00047863546522760214
3.2163556158642663 -0.0004770302503918041
3.2220148858052546 -0.0004754339855998313
3.227675450711498 -0.0004738463238070804
3.2333353272563183 -0.00047226775130999155
3.2389955035358593 -0.00047069792091900393
3.244655977221397 -0.000469136764714145
3.2503177367172853 -0.0004675839444951675
3.2559787983726594 -0.0004660399371033428
3.261640150586212 -0.0004645044041732765
3.2673027819825275 -0.0004629770139278995
3.272964708673044 -0.00046145823627576017
3.278626919276208 -0.00045994773926082047
3.28428941162065 -0.00045844545955264125
3.2899531746153894 -0.00045695107367000687
3.2956162240619964 -0.000455465042483896
3.3012795488627766 -0.00045398704231728595
3.306944138133442 -0.00045251675571750797
3.312608007448331 -0.00045105463692786065
3.318272145916046 -0.000449600368288369
3.323936551509723 -0.00044815389068322413
3.329602213612194 -0.00044671489445056854
3.335267147501515 -0.0004452838251922914
3.3409323425529287 -0.00044386037302529503
3.3465987883434973 -0.00044244423395262757
3.3522644999339555 -0.0004410358472378809
3.3579304668934533 -0.00043963490865337737
3.3635966873280037 -0.0004382413629588049
3.3692641510658206 -0.00043685491348231434
3.374930872884237 -0.0004354759912218999
3.3805978426031675 -0.00043410429926354894
3.386266050233541 -0.0004327395462646996
3.391933510344799 -0.00043138215715962576
3.397601212939298 -0.0004300318403558462
3.4032691562454023 -0.0004286885441813358
3.408938330510445 -0.000427351984188552
3.4146067500326893 -0.00042602257740273215
3.420275405050589 -0.00042470003911711853
3.425945285983568 -0.0004233840899032859
3.4316144069309207 -0.00042207514098327453
3.4372837583029696 -0.0004207729126631868
3.4429533384408586 -0.00041947735656053584
3.448624137986778 -0.0004181881997441433
3.45429417078045 -0.00041690584586537283
3.459964427454711 -0.00041563002172010635
3.4656358988139964 -0.00041436045910926516
3.471306598507539 -0.0004130975561282141
3.476977517330244 -0.00041184104429996553
3.4826486537273595 -0.000410590878278276
3.488320998713455 -0.0004093467959928773
3.493992565689201 -0.0004081091882896416
3.4996643456594416 -0.0004068777928145431
3.5053373297918746 -0.0004056523519633838
3.511009531304719 -0.0004044332512607002
3.5166819413558166 -0.00040322023281468656
3.5223545584866063 -0.00040201325408486014
3.528028374063208 -0.0004008120632542024
3.5337014010657377 -0.00039961703890263123
3.539374630850297 -0.0003984279289210247
3.54504905492767 -0.0003972444857115739
3.5507226861031604 -0.00039606708275565427
3.556396515877431 -0.00039489547216044635
3.5620705428809245 -0.00039372961398123624
3.56774575881197 -0.0003925692660901436
3.573420176247689 -0.00039141479531342436
3.579094786876176 -0.0003902659592248958
3.584770582532556 -0.0003891225196865179
3.590445575626397 -0.00038798483863760073
3.596120757982522 -0.0003868526776397146
3.601796128313799 -0.00038572599915226083
3.6074726786327815 -0.0003846045702121895
3.6131484211302887 -0.00038348874637864435
3.618824347808495 -0.0003823782943859059
3.6245014508094293 -0.000381272985047374
3.6301777421632533 -0.00038017316923626794
3.6358542140015686 -0.0003790786174619203
3.641530865113676 -0.00037798929441278356
3.6472086878096217 -0.0003769049758026866
3.65288569390977 -0.00037582600638591665
3.6585628757136934 -0.00037475216157086764
3.6642412256541146 -0.0003736832206490699
3.6699187553972727 -0.0003726195238798923
3.675596457365387 -0.0003715608502486384
3.6812743304186917 -0.0003705071665126043
3.686953367149144 -0.0003694582566079205
3.6926315790217075 -0.0003684144549232963
3.6983099586178234 -0.00036737554508797007
3.703989498645763 -0.00036634131443041634
3.7096682104226044 -0.0003653120930259993
3.7153470866460854 -0.0003642876678960485
3.721026126242343 -0.00036326800772004577
3.7267063220707115 -0.00036225290423232305
3.7323856852550765 -0.0003612426818736549
3.7380652086442367 -0.0003602371320712188
3.743745885207911 -0.000359236049778691
3.7494257259280097 -0.00035823975529613184
3.755105723763723 -0.00035724804327025625
3.76078587770248 -0.0003562608841681911
3.766467180857406 -0.00035527807712649486
3.7721476440249244 -0.00035429993703513295
3.777828260307661 -0.00035332626272423234
3.7835100229235756 -0.0003523568563880125
3.7891909425327572 -0.00035139202893995624
3.7948720123426796 -0.0003504315822684073
3.800553231397828 -0.0003494754885046302
3.8062355930524365 -0.0003485235538172505
3.8119171077884175 -0.0003475760839232221
3.817598768949548 -0.0003466328846862805
3.8232815699897156 -0.00034569376518145466
3.8289635212598476 -0.00034475902730547704
3.8346456162034066 -0.00034382847982937243
3.8403278539180405 -0.0003429020964350222
3.846011227987212 -0.0003419796899767076
3.8516937485906446 -0.00034106155735790227
3.8573764093014304 -0.00034014751113027873
3.8630602037978186 -0.0003392373669128599
3.8687431421336616 -0.0003383314179376479
3.8744262179768736 -0.000337429479522231
3.880109430474686 -0.00033653152679464056
3.8857937734286647 -0.00033563737897033245
3.8914772567280913 -0.0003347473244815693
3.8971608741642463 -0.0003338611822440616
3.9028456196289376 -0.0003329787741052455
3.9085295028904206 -0.0003321003849675257
3.9142135178302695 -0.0003312258363799992
3.919897663641999 -0.0003303551048206418
3.925582934334841 -0.00032948801556182566
3.931267339518808 -0.00032862484889055303
3.936951873192971 -0.00032776542978283106
3.9426375294525293 -0.00032690958601843626
3.9483223177910958 -0.0003260575944894431
3.9540072322937654 -0.00032520928268084084
3.9596922721972945 -0.0003243646283318328
3.965378431708796 -0.00032352346248615114
3.9710637201696564 -0.00032268605759607643
3.9767491317769554 -0.00032185224441279856
3.982435660819762 -0.00032102185637043594
3.9881213165274723 -0.00032019516265491477
3.993807093179182 -0.00031937199640954487
3.9994929900520866 -0.0003185523365528567
4.010866136731762 -0.00031692331055958417