0.5106826398599226 0.0
0.515051945517291 0.00015444028447003096
0.5198151837230082 0.00026364703152249793
0.5247529326036348 0.00035281403382621154
0.5297947277669288 0.0004300348266029103
0.5349074991891423 0.0004991044561426501
0.540072696986482 0.0005621552527920787
0.5452786434289506 0.0006205269909421819
0.5505173679673757 0.0006751337592736325
0.5557833467098001 0.0007266121481491321
0.5610722934391776 0.000775452035920846
0.5663810311010088 0.0008220205318504806
0.57170706299733 0.0008666020285754007
0.5770483139988558 0.0009094371042168731
0.5824031233991812 0.0009507141567259502
0.5877701723512014 0.0009905869223533386
0.5931480906649211 0.0010292115880971482
0.5985362626747088 0.0010666531078367411
0.603933469284704 0.0011030640981134303
0.6093391585227715 0.001138501050778487
0.6147528546261771 0.0011730185964008333
0.6201735671994463 0.001206730459457623
0.6256010614145232 0.0012396636046296918
0.6310350543884673 0.0012718505146124414
0.636474595501424 0.0013033888638204947
0.6419198552488742 0.0013342820401793043
0.6473705271502002 0.0013645537533087898
0.6528258973906768 0.0013942859686545874
0.6582859652267684 0.0014234787715948975
0.6637504660811506 0.0014521625428399391
0.6692193548362333 0.0014803424631225468
0.6746918770462811 0.001508093680705184
0.6801683747794676 0.0015353998822775186
0.6856486903756875 0.0015622676887959797
0.6911322418855939 0.0015887639239556867
0.6966191455301747 0.001614875242409841
0.7021094244261464 0.0016405989897273897
0.7076025224138408 0.001665999028243235
0.7130984561712419 0.0016910619601349288
0.7185975399336326 0.0017157746680688875
0.7240990946301354 0.0017402036452132228
0.7296032909775032 0.0017643292886174449
0.7351100147594392 0.0017881647134349939
0.7406193557263054 0.0018116996138705925
0.7461308076380173 0.001834992120126221
0.7516446141334299 0.001858002773066458
0.7571605254268752 0.0018807832203828142
0.7626785862101716 0.0019033168474987528
0.7681987129733385 0.0019256132436431587
0.7737210208238838 0.0019476591913271855
0.7792450267139799 0.001969510157647598
0.7847707560087603 0.001991163229993623
0.7902984265825361 0.0020125819077038702
0.7958279806789679 0.002033795788253013
0.8013610750933704 0.00205460314350936
0.8068916301069905 0.0020757020914009255
0.8124264820009199 0.0020963076399593745
0.8179645489743307 0.0021165440094954068
0.8234998999815085 0.0021370922462075406
0.8290392783732872 0.0021571665463277845
0.8345818842392564 0.002176881726908067
0.8401216483714141 0.0021969232162208563
0.845667289074864 0.0022162899144881057
0.851209868587255 0.0022360081211796516
0.8567582260058846 0.00225506286627123
0.8623034476174316 0.002274477687746584
0.8678542535140163 0.002293239797895374
0.8734020022041873 0.0023123644416561994
0.8789553977618283 0.0023308406706501862
0.8845073745996563 0.002349479807465478
0.8900589101287427 0.00236816961858938
0.8956158566415473 0.002386238100850044
0.9011712739537439 0.002404482177147736
0.9067278722000578 0.002422579167188955
0.9122857387554928 0.002440542003402355
0.9178446701583627 0.0024583825660180634
0.923402804211369 0.002476314686197073
0.9289661587452698 0.002493647352445227
0.934527832973779 0.00251117296369067
0.9400906812506473 0.002528563762086844
0.9456544043062541 0.0025458426292340993
0.951219220471621 0.00256300746023
0.956786789402476 0.0025798561984892495
0.9623510533515222 0.002597084439015953
0.9679188738985576 0.0026139042848586673
0.9734873598596693 0.0026306477229735025
0.9790566474404931 0.002647299113229672
0.9846266246468598 0.002663859832885726
0.9901993903480723 0.002680111839831994
0.9957687448428971 0.002696755546531468
1.0013415611191623 0.002713001746078979
1.006916788451362 0.002728971090488726
1.0124885246968518 0.0027453413070964933
1.0180655031371382 0.0027611095764238317
1.023638676975252 0.0027773032353617393
1.0292171731478428 0.00279289722752681
1.0347919490968542 0.0028089184030670174
1.0403718766599563 0.0028243480324682217
1.0459480654721327 0.002840206972690432
1.0515293839054132 0.002855476892169778
1.0571069418974137 0.0028711786131157906
1.0626894800606548 0.002886296991515192
1.068270212483267 0.0029016342010403577
1.0738518187465964 0.002916871069760997
1.0794322945601125 0.0029322377450259145
1.0850176364918154 0.0029470456568868185
1.0906009434834536 0.0029620872355009304
1.0961850753849074 0.002977034091915781
1.101769739978281 0.002991908298000897
1.1073551643911421 0.0030067067387698656
1.1129411811551293 0.0030214371614351036
1.1185277829521576 0.003036100406312838
1.1241149604818514 0.0030506975413404688
1.1297027050014563 0.003065229570425221
1.1352910082957115 0.00307969743690359
1.140879733995279 0.003094105316969943
1.146469143466577 0.0031084461640817473
1.152059081537688 0.003122726313483466
1.1576513818624508 0.0031367352115836723
1.1632399964316305 0.003151167335190678
1.1688317978332288 0.003165233523310351
1.1744237764697556 0.0031792678772808317
1.1800181820148634 0.0031930350385302
1.1856088494340724 0.003207231438830426
1.1912026675568776 0.00322106605221984
1.196798596160658 0.0032346583246942997
1.2023907415954467 0.003248685008398102
1.2079878446765475 0.0032621424187667695
1.213580865236721 0.003276057131417184
1.2191789374980055 0.003289403253404102
1.22477302484632 0.003303206952344622
1.2303720051637739 0.00331644880465769
1.2359688288813802 0.0033299382935931708
1.2415644927503944 0.003343560964856429
1.247164868268344 0.003356642610008827
1.2527629051867926 0.0033699813075856394
1.2583617288615763 0.0033832411467597605
1.2639591932468401 0.003396657069532743
1.2695613069807972 0.0034095391199658993
1.2751611755031318 0.003422678982075809
1.2807616638670216 0.00343574766942914
1.286362612984389 0.003448763449686565
1.2919638568079685 0.003461733906879874
1.2975656491342795 0.003474652863697878
1.3031678327237164 0.003487526892812161
1.3087704066791646 0.003500356097236032
1.314373366651999 0.0035131409763105247
1.3199767081890414 0.0035258820413822437
1.3255804270033167 0.00353857978471316
1.3311843901570852 0.003551237988456229
1.336790698049745 0.0035636384348050705
1.3423931563610352 0.0035764809183399006
1.3479986459272577 0.0035889753309361963
1.3536042895365872 0.0036014520551723673
1.3592120709381574 0.003613683302413605
1.3648159758957612 0.0036263596714013655
1.3704227613486566 0.0036386937980450833
1.3760316580672916 0.003650796976395345
1.3816366263067126 0.003663351251561141
1.3872464148825334 0.0036753520203237173
1.3928521157134255 0.003687822173960091
1.3984625965457296 0.003699743452752615
1.4040689712383227 0.003712136228642829
1.4096799853456647 0.0037239847901477164
1.4152815200466171 0.0037369333294001556
1.4208985946930452 0.003748097458061104
1.426513242830473 0.003759540216294317
1.4321271348854694 0.003771069793461374
1.4377223978200773 0.003784738502955747
1.443341309786628 0.003795691657035651
1.4489387840599126 0.003809094961659583
1.4545776078537958 0.0038177616935867165
1.4601710458461974 0.003831639956338963
1.4657717982623941 0.003844678323268467
1.4714121670223084 0.0038531676508570005
1.4770064093616524 0.003866919104388204
1.482627506371782 0.003877701734865195
1.488226334555573 0.003890926608080194
1.4938482548250525 0.0039014998785372743
1.4994669536050313 0.003912443064062162
1.5050859275522366 0.003923469480205914
1.5106847339270102 0.003936696857692355
1.5163071809283768 0.003947209644928312
1.5219279140698592 0.003958034057473915
1.5275279818947678 0.003971116585997721
1.533151495999076 0.003981506840642151
1.5387719104119686 0.003992253024604394
1.5443926503474696 0.004003076657010938
1.5499932434986825 0.004016098863713003
1.5556174845607942 0.00402640564372708
1.5612400119780383 0.004037024024361037
1.5668418693884523 0.004049901059542865
1.572467166077864 0.004060086624682802
1.5780893543975014 0.004070629115653429
1.5836935101758673 0.004083357062697945
1.589319579813503 0.004093453872249948
1.594942570670737 0.004103904209963681
1.6005658676999617 0.004114434218101621
1.6061689939996273 0.004127165550106862
1.6117957450154716 0.004137184118812103
1.6174194702080649 0.0041475501347504
1.6230252028818954 0.004160097011084385
1.628652868205259 0.0041700105922899185
1.6342774627365073 0.0041802767843835045
1.6398840167234283 0.004192729351520632
1.64553081906459 0.004200445479890678
1.6511324515213959 0.004213348345896814
1.656741448912333 0.004225405516112659
1.6623729998146417 0.0042349877539656425
1.667999446284694 0.004245041292853872
1.6736247405190268 0.004255227139904016
1.6792508018902295 0.004265439726007818
1.6848568567151678 0.004277834783247956
1.6904682548162806 0.004289616286301989
1.6961187301509857 0.004296910654596273
1.7017245063237583 0.004309452536062486
1.707354244884794 0.004319128052902428
1.7129814164139594 0.004329098335181885
1.7185907341387754 0.0043412335496500415
1.7242220305289746 0.0043507301851121016
1.7298502677643537 0.004360578095182584
1.7354591683455638 0.004372646381801808
1.7410926566385767 0.004382006154235117
1.7467215471331543 0.004391779052289999
1.7523494742439272 0.004401662573143846
1.7579599036438558 0.004413670136916662
1.7635924361364177 0.004423024834033342
1.7692219631339345 0.0044327246441492624
1.7748321787245105 0.004444641931741898
1.780466994041766 0.004453849325512261
1.7860972159469939 0.0044634693412246695
1.7917081247491051 0.004475307029181133
1.797361955680938 0.00448233091052484
1.8029507494618784 0.004496708007520442
1.8086073529173965 0.004503298700006998
1.8142164028010557 0.004515349842623267
1.8198517634046418 0.004524494622615146
1.8254829321150976 0.004534005919202412
1.831094935331695 0.004545717938455386
1.836731578995542 0.004554715388051331
1.8423636403586388 0.004564124183710962
1.84799473889396 0.00457364353832222
1.853607039896189 0.0045853213636434225
1.8592441355884852 0.004594266908015296
1.8648767257061354 0.0046036149881963995
1.8704900458813611 0.004615175784594141
1.8761279609386083 0.004624027243468801
1.881761268825326 0.004633292904137685
1.8873752479494228 0.0046447780351898576
1.8930124920974163 0.004653591705449727
1.8986478049998006 0.00466274196284365
1.9042622848668063 0.004674169594919904
1.909918422325083 0.004680813796629836
1.9155305549261943 0.004692625786342604
1.921148563166115 0.004703648264745076
1.9268061923413378 0.004710121176567105
1.932418006399435 0.00472185491638734
1.9380381985617197 0.004732741448134833
1.9436964230359597 0.004739146003354636
1.9493088335545796 0.004750811253200082
1.9549479465010007 0.004759525161648141
1.9605829998249826 0.004768590398400083
1.9661989391063488 0.00477985044980846
1.9718382449225529 0.0047884273841932385
1.9774573239204283 0.004799441737648006
1.9831160193610655 0.004805792213049538
1.9887292469801021 0.004817363637428208
1.994369297238675 0.004825969916815798
1.9999869894066027 0.004837028688924246
2.005627666739905 0.004845448135649827
2.0112650067632893 0.004854250796793678
2.0169025055161907 0.004863150058788719
2.022519712267252 0.0048742645700243685
2.0281604381390315 0.004882678443205777
2.0337993321200805 0.004891417494864936
2.039417437067133 0.004902428868644763
2.0450588686455666 0.004910761707408748
2.0506970818931585 0.00491946409854028
2.056335506193909 0.004928257082338393
2.061953664184208 0.0049392623653033724
2.0675953548220245 0.004947565456967723
2.073216872157052 0.004958299822655115
2.078878025205623 0.004964368097476565
2.0844937159985295 0.004975656682153614
2.0901349352624963 0.004984013900422948
2.095756495738476 0.0049947433123494955
2.1013995449979244 0.005002890397106831
2.1070393055619396 0.005011415114010422
2.1126792264396927 0.005020036249853301
2.1182988481122282 0.005030873462081504
2.1239419796182495 0.005039011102683656
2.129563625967166 0.005049615826710123
2.1352275987022065 0.005055475151776039
2.1408446120019278 0.005066611876514344
2.1464871991130536 0.0050748120285338694
2.1521101286686495 0.005085384232690905
2.1577545412961077 0.005093374765527173
2.1633956582103075 0.005101743736347925
2.169035635076445 0.005110243615854363
2.174658010210015 0.00512087948281739
2.180302398972757 0.005128872755975551
2.1859437031406412 0.005137220224953947
2.1915669161850415 0.005147759876845831
2.1972119523918727 0.005155678805721886
2.202853811271157 0.005163962578666128
2.208476231983767 0.005174478384570044
2.214141498893687 0.005180189102977998
2.219760007180942 0.005191154162275497
2.2253858341554564 0.00520127883618804
2.2310341271333822 0.005208938626043954
2.236677216246768 0.005217081134479685
2.2423190556296806 0.005225367146140402
2.2479602743441993 0.005233724427501403
2.253584092673946 0.005244194576087489
2.259230019639424 0.005252011221518186
2.264854562226392 0.0052622833782352985
2.270503115322677 0.00526991329939211
2.2761467927677015 0.005277988251271086
2.2817893319560456 0.005286193906136135
2.287412948135358 0.005296572439779421
2.2930612605874474 0.0053042299934689206
2.2987049792001284 0.0053123002181755105
2.3043477003610544 0.005320484977613156
2.30997287315088 0.005330799597152142
2.3156200832808564 0.005338468900217652
2.3212458690916256 0.0053485983008535656
2.326894345884054 0.005356122156439923
2.332540634725018 0.005364012076010667
2.3381842843922542 0.00537209021753921
2.623484384149986 -0.02673203771657383
2.711836041254322 -0.03622098517863977
2.6341530322384896 -0.026644728529662265
2.597720607318228 -0.021805166696015874
2.576637089197775 -0.018728078991007563
2.5633643677114297 -0.016547769453791137
2.554728761896637 -0.01490004239839961
2.5491127998826393 -0.013599053006218772
2.545594424926981 -0.012538809127510417
2.5436045900182878 -0.011654198262713142
2.542768051150611 -0.010902017313704932
2.5428272794629527 -0.010252694926590249
2.5435987263000888 -0.009685039870322421
2.544947018158349 -0.00918373722034496
2.5467704009312144 -0.008736987996006475
2.5489908826837953 -0.00833572176359916
2.5515461921509197 -0.007973017734108476
2.5543877049141868 -0.00764317766760626
2.5574758577981678 -0.0073416586299247105
2.5607788959866067 -0.00706469947266459
2.5642689187150136 -0.006809326079954267
2.567924164814057 -0.006572924847280548
2.5717265145580317 -0.006353300307412988
2.57565867951998 -0.006148696930962362
2.579707670603357 -0.00595750838719344
2.583861745844309 -0.0057783863776391334
2.5881114884541896 -0.0056101347701752735
2.592446555201807 -0.005451795533763065
2.5968599306982982 -0.005302448282626242
2.6013455881801435 -0.005161286152205969
2.6058959336881324 -0.005027666803050222
2.6105064022889315 -0.004900951228670937
2.6151722345933326 -0.004780592921068897
2.619890005976737 -0.00466608381237398
2.6246542489526266 -0.00455702574033538
2.629462351025963 -0.004453003891759736
2.6343120651344725 -0.004353645415125592
2.6391988886484383 -0.004258662940121569
2.6441211209226108 -0.004167746358839075
2.649076445585099 -0.004080629688457285
2.654063625120835 -0.003997056001074236
2.6590789824961725 -0.003916832727378496
2.664121618134353 -0.0038397417440251347
2.6691907965472357 -0.003765583769528571
2.6742832490046253 -0.0036942131189762204
2.6793984828791553 -0.003625458397939085
2.6845352263701714 -0.003559173568931917
2.689693207422628 -0.003495212565258475
2.6948695310436874 -0.003433472617272423
2.700064086829049 -0.0033738262202024716
2.7052768486472574 -0.00331615554610389
2.710505117582071 -0.0032603803402841748
2.715748989222197 -0.003206396751601022
2.721007702956201 -0.0031541174410671404
2.7262814720443287 -0.0031034520694499497
2.731567785857216 -0.00305434200253805
2.7368669431210506 -0.003006706714925732
2.742179290319929 -0.0029604711651203854
2.747502419916873 -0.00291558855673515
2.752836745025823 -0.002871991499205484
2.758181780775233 -0.0028296243160217185
2.7635380086279167 -0.0027884274649385963
2.7689031236240638 -0.0027483659282323747
2.7742776559487554 -0.0027093857583060854
2.779662164965584 -0.0026714363580533315
2.785054403706892 -0.002634489368835185
2.790454970554389 -0.002598498673891961
2.7958635407349837 -0.0025634269803936943
2.8012807550464998 -0.0025292330421101865
2.8067044258091673 -0.0024958953082729494
2.8121352232755172 -0.002463375914857239
2.8175738366133283 -0.002431639169826375
2.823018112496759 -0.0024006674671817143
2.82846876419084 -0.0023704278819098633
2.8339255653958686 -0.0023408944286179385
2.839389257130879 -0.0023120373692107885
2.8448577219391797 -0.002283843216449038
2.850331719502863 -0.0022562843752666675
2.8558120223661954 -0.0022293347275271287
2.8612965342593952 -0.0022029832188274583
2.8667860432626595 -0.0021772055149805896
2.872280386523151 -0.0021519829160284664
2.877780371084867 -0.0021272932653467426
2.8832839231677445 -0.0021031280909671562
2.8887918621039423 -0.0020794666472820677
2.894305016321972 -0.0020562892331940485
2.8998213255270406 -0.0020335889252125197
2.905341628525007 -0.0020113472138429496
2.9108658049332155 -0.001989550275865468
2.916394706990548 -0.001968181144263942
2.9219262889029087 -0.0019472345606243169
2.9274614112624846 -0.0019266945171181435
2.9330009413086797 -0.0019065457691996358
2.938542842044504 -0.0018867840686027696
2.9440879878494943 -0.0018673949906639665
2.9496362876932563 -0.0018483680826053232
2.955188625764462 -0.0018296900461201256
2.9607429746202265 -0.0018113577300149972
2.966300224282673 -0.0017933585058228657
2.9718612697675946 -0.001775680318486694
2.977424089479786 -0.0017583206882864622
2.98298958347282 -0.0017412681386398908
2.9885576815609576 -0.0017245146103052466
2.994129291149152 -0.0017080494708396707
2.9997023970398837 -0.001691870975152596
3.005277910806549 -0.0016759689694521578
3.0108567478635573 -0.001660333741000294
3.016436896953863 -0.0016449639971802172
3.0220192771237127 -0.0016298504422879647
3.027603833340247 -0.0016149867570466182
3.033191490284 -0.0016003642927223238
3.0387802410302056 -0.0015859822541626147
3.044371013297647 -0.0015718323415077461
3.0499647378201717 -0.0015579066011096264
3.0555594103515435 -0.001544204545384406
3.0611559642931145 -0.0015307185269863442
3.066754355853373 -0.001517443517452854
3.0723555228369515 -0.0015043723750552279
3.0779574639496348 -0.001491504951182282
3.0835611192489845 -0.0014788343628032506
3.0891674312013953 -0.0014663540034872758
3.0947744003399813 -0.0014540639344505933
3.10038297112244 -0.0014419577779182062
3.105993108246802 -0.00143003148025903
3.1116057596713143 -0.001418279065656954
3.117218927942351 -0.0014067008265053016
3.122833562714103 -0.0013952909817289264
3.1284506155951695 -0.001384043974671957
3.1340680903758362 -0.001372960240562728
3.139686940172546 -0.0013620343958871942
3.145307136196609 -0.0013512631349167528
3.1509296343896462 -0.0013406413985448558
3.1565524399073475 -0.0013301697787857006
3.162176509985028 -0.0013198433650843807
3.1678028034653787 -0.0013096574314565197
3.1734293263428257 -0.0012996126662260562
3.1790570386162593 -0.0012897044761721742
3.184685916564778 -0.0012799301374867057
3.1903169224981007 -0.0012702853222951163
3.19594806332364 -0.001260770823757034
3.2015803023495994 -0.0012513824286512648
3.2072146042221266 -0.0012421160773889027
3.212848976402995 -0.0012329726267855342
3.2184843844348374 -0.0012239481201934467
3.2241208085898485 -0.0012150402923211308
3.2297592163234903 -0.0012062454061660477
3.235397615691628 -0.0011975643867616244
3.24103697492842 -0.0011889935865207865
3.2466782633936684 -0.0011805294871112342
3.2523194894964 -0.0011721730541190119
3.2579616232984363 -0.001163920849822911
3.2636046482542422 -0.0011557709743429969
3.269249536026064 -0.0011477201737304765
3.2748942953907 -0.0011397694558017792
3.2805398986233305 -0.0011319156369895328
3.2861873189552697 -0.0011241556435168808
3.29183456537333 -0.001116490507315479
3.297482611663427 -0.0011089172182918747
3.3031314438423744 -0.0011014341707938943
3.3087820370481014 -0.0010940385099761653
3.3144324004738865 -0.0010867312914783437
3.3200835097441135 -0.001079509716313261
3.3257363413023295 -0.0010723710795562144
3.33138890444968 -0.001065316449232846
3.337042176071307 -0.001058343171125702
3.3426961442666654 -0.0010514498787266857
3.3483517870730584 -0.0010446340501178296
3.3540071138829495 -0.001037896763810721
3.3596631031225694 -0.0010312355425467893
3.365320733925429 -0.001024647990282685
3.370978015718969 -0.0010181351895462419
3.3766359279907885 -0.0010116947849532485
3.382294460547671 -0.001005325606043508
3.3879545938668643 -0.000999025411071485
3.3936143373850642 -0.000992795283627839
3.3992746718925204 -0.0009866330179079982
3.4049365787944694 -0.0009805364787248492
3.410598067510752 -0.0009745067477335301
3.4162601197323075 -0.0009685417225533972
3.421922726676638 -0.0009626403947135544
3.4275868708908903 -0.0009568007601492252
3.433250561745996 -0.0009510238948997373
3.4389147820424752 -0.000945307823994401
3.444580515119015 -0.0009396506342591223
3.450245770293126 -0.0009340533955987763
3.455911531135305 -0.0009285142214571343
3.461577790037186 -0.0009230322381859897
3.467245531314917 -0.0009176056448501541
3.472912764196317 -0.0009122355010556541
3.478580473203703 -0.0009069200295412713
3.484249643333096 -0.0009016575074400488
3.489918283733455 -0.0008964489853026111
3.495587379589808 -0.0008912927619651193
3.5012569242775955 -0.0008861880767469908
3.506927903635145 -0.0008811333035011771
3.5125983266936434 -0.0008761294792546572
3.5182691794599483 -0.0008711749972122755
3.5239414483601177 -0.0008662682987143103
3.5296131423291865 -0.0008614104097471072
3.5352852479479884 -0.000856599789423444
3.5409577594214348 -0.0008518357723088001
3.546631663905933 -0.0008471168836074836
3.552304970199973 -0.0008424441336267905
3.5579786655982764 -0.0008378160634532891
3.5636537377683544 -0.0008332312569802304
3.5693281954012424 -0.0008286907121760259
3.575003026291675 -0.0008241930275425321
3.580678225347972 -0.0008197376184157272
3.5863547808745624 -0.0008153231418241699
3.592030701414007 -0.000810950578687477
3.5977069753846425 -0.000806618599114018
3.6033845915378326 -0.0008023259114528655
3.6090615583017733 -0.0007980734834913768
3.6147388645327414 -0.0007938600356253761
3.6204165057387865 -0.0007896850520561766
3.626095471229676 -0.0007855473052528845
3.631773769278232 -0.0007814477451615661
3.6374523892883066 -0.0007773851550547544
3.643132320962505 -0.0007733583525100877
3.6488115724556036 -0.0007693682739186875
3.654491133556955 -0.0007654137468192603
3.660171000288526 -0.0007614943144247212
3.665852162844929 -0.0007576088508085398
3.6715326292223494 -0.00075375827415132
3.6772133896932955 -0.000749941467471269
3.6828954347993275 -0.0007461573446807983
3.688576772417266 -0.000742406810254151
3.694258393160555 -0.0007386887863582668
3.6999402934936265 -0.0007350028670131711
3.7056234643935566 -0.00073134801614055
3.7113059135780495 -0.0007277251199438371
3.716988632088799 -0.000724133149764578
3.7226726112106725 -0.0007205711048672728
3.728355858542409 -0.0007170398577948494
3.7340393654285444 -0.0007135384146635758
3.739723128716152 -0.000710066413431031
3.745408140077284 -0.0007066228978212613
3.7510924069529867 -0.0007032087222697682
3.7567769210689876 -0.0006998229366639318
3.762462674371541 -0.0006964646162135157
3.768147674184364 -0.0006931346018813895
3.773832912503295 -0.0006898319745711389
3.7795183865076925 -0.0006865564103958332
3.785205088489426 -0.0006833070242515089
3.7908910256173356 -0.0006800846393168907
3.7965771902279135 -0.0006768883756117835
3.802264574858267 -0.0006737173761920984
3.8079511865624185 -0.0006705724510524729
3.813638017918705 -0.0006674527479830848
3.8193250663961766 -0.0006643579763616964
3.8250133248416276 -0.0006612873148046877
3.8307008001579947 -0.0006582415559579433
3.8363884852291754 -0.0006552198826983623
3.842077373122106 -0.0006522214989206409
3.847765470628026 -0.0006492471844447634
3.8534537708481507 -0.0006462961471017095
3.8591422715050294 -0.0006433681253777442
3.8648319659440817 -0.0006404623551452038
3.870520860809918 -0.0006375795993869876
3.876209949478799 -0.0006347190975167112
3.8819002254944457 -0.0006318801081771053
3.8875896953932942 -0.0006290633819297247
3.893279352747549 -0.0006262681806878153
3.898969195502362 -0.0006234942684986546
3.904660217452723 -0.0006207409328576054
3.9103504249933265 -0.0006180089080502229
3.916040811944768 -0.0006152974845120434
3.9217323722812507 -0.0006126059703167573
3.9274231122930674 -0.0006099350877620715
3.9331140259780515 -0.0006072841476350864
3.9388051114774796 -0.0006046529365035612
3.9444973629929887 -0.0006020407885568001
3.950188786678269 -0.0005994484104068905
3.955880376756176 -0.0005968751386795618
3.9615731275908037 -0.0005943203262186934
3.9672650452353584 -0.0005917846680979549
3.9729571240734947 -0.0005892675194072608
3.9786493624198287 -0.0005867686866185306
3.9843427548449304 -0.0005842875462846633
3.9900353072706696 -0.000581824778398399
3.9957280142851497 -0.0005793797615258433
4.001421870606637 -0.0005769518891797614
4.007114882060488 -0.0005745418302701385
4.012808043381106 -0.00057214898016272
4.01850135303677 -0.0005697731629738866
4.024195805933727 -0.0005674137938014873
4.029889407771288 -0.0005650715270824785
4.035583153470129 -0.0005627457795715454
4.041278038071148 -0.000560435981828059
4.046972067181102 -0.000558142777660977
4.052666235854138 -0.0005558655991514083
4.058360542695139 -0.0005536042861015667
4.064055982916598 -0.0005513582887748095
4.06975056200448 -0.0005491282371100184
4.075445275183091 -0.0005469135827267652
4.081141117787997 -0.0005447137900206464
4.0868360952165155 -0.0005425294787511914
4.09253120281503 -0.0005403601145560896
4.098226439310191 -0.0005382055512199683
4.103922800194606 -0.0005360652711708608
4.109618290749958 -0.0005339398808903155
4.115313906478449 -0.0005318288639085018
4.12101064298546 -0.0005297317156025699
4.126706505467842 -0.0005276490327134934
4.132402489539733 -0.0005255803116240305
4.138098594036606 -0.0005235254186150034
4.143795814707903 -0.0005214838656058727
4.149492156639869 -0.0005194562366366962
4.155188615589668 -0.0005174420445140748
4.160886187410314 -0.0005154408130503059
4.166582877106934 -0.0005134531169711541
4.172279680539555 -0.0005114784808942935
4.17797659664115 -0.0005095167822960342
4.183674621397191 -0.0005075675601986117
4.189371759707067 -0.0005056313771859992
4.195069007562389 -0.0005037077729854359
4.200767361043962 -0.0005017962975661489
4.206464824973648 -0.000499897504609862
4.212162395437788 -0.0004980109447214884
4.217860071456912 -0.0004961365054311318
4.22355884923388 -0.0004942737507232405
4.229256733489512 -0.0004924232226770084
4.234954720431462 -0.0004905844858274471
4.240653806350528 -0.0004887571142566641
4.2463519958934555 -0.0004869416415382788
4.252050285355325 -0.00048513764224616225
4.257748673835471 -0.0004833450129593084
4.2634481577373915 -0.00048156334070080737
4.269146741611302 -0.0004797931479600141
4.274845421864354 -0.0004780340221795628
4.280545194981322 -0.0004762855597155082
4.286244065441666 -0.00047454827493228943
4.291943029733379 -0.0004728217645556183
4.297642087026879 -0.0004711059333264854
4.303342233911203 -0.0004694003895734963
4.3090414747736085 -0.0004677056370735076
4.314740806205822 -0.0004660212844634965
4.320441224872149 -0.00046434694871480173
4.326140735092263 -0.0004626831258437238
4.331840333532787 -0.0004610294330876411
4.337540019428383 -0.00045938578256479533
4.343240789540002 -0.000457751802343843
4.348940648099248 -0.0004561279783284521
4.354640591868934 -0.0004545139388013288
4.360341617679842 -0.00045290931984931016
4.36604172969902 -0.0004513145999635831
4.371741924758799 -0.00044972941540912735
4.377442202152026 -0.00044815368498537405
4.383143558799218 -0.0004465870550836122
4.388843998783305 -0.0004450299945357386
4.394544519025972 -0.0004434821498670937
4.4002461165126325 -0.00044194317492071006
4.405946795264554 -0.00044041353144801267
4.411647552268052 -0.0004388928733956584
4.417348386868769 -0.00043738112562539185
4.423050296135585 -0.00043587795156480106
4.428751284009413 -0.00043438380373814824
4.434452347559713 -0.0004328983456392879
4.4401544839157765 -0.0004314212476326698
4.445855696959607 -0.0004299529554783716
4.451556983820853 -0.00042849313958136584
4.457258343893147 -0.00042704173031424253
4.462960774383548 -0.0004255984069709345
4.468662279097285 -0.0004241636064958106
4.474363855241494 -0.00042273700819173154
4.48006650007956 -0.00042131829782049245
4.485768217360426 -0.0004199079058632936
4.4914700043473665 -0.00041850551806909685
4.497171860477718 -0.00041711106982886026
4.508576775852077 -0.00041434549634904747