0.0 0.0
0.001769697 0.15928436646441899
0.003539394 0.150205700986218
0.005309091 0.13123716404995728
0.007078788 0.11599593940910344
0.008848485 0.10523524321844828
0.010618182 0.0931583734701112
0.012387879 0.08021165634578045
0.014157576 0.0687733262442408
0.015927273 0.05779435374575155
0.01769697 0.047955630616542906
0.019466666 0.03880105710890107
0.021236363 0.028506234231979743
0.02300606 0.020752538520882904
0.024775757 0.011630543566646914
0.026545454 0.004398104710077751
0.028315151 -0.004072319175997264
0.030084848 -0.01013193010987888
0.031854545 -0.01697342632555808
0.033624242 -0.023521715560560423
0.035393939 -0.02896233397969132
0.037163636 -0.035575780321509765
0.038933333 -0.03938747107024926
0.04070303 -0.04525161068367596
0.042472727 -0.04890040866537742
0.044242424 -0.05316819916182077
0.046012121 -0.05805498217301484
0.047781818 -0.060172588144531386
0.049551515 -0.06382138612622842
0.051321212 -0.06685119159317034
0.053090909 -0.07278048831342197
0.054860606 -0.07730890723712529
0.056630302 -0.07066288234190983
0.058399999 -0.06447295719438058
0.060169696 -0.07222665290549177
0.061939393 -0.06264855820353868
0.06370909 -0.05251662809365538
0.065478787 -0.04691311690749307
0.067248484 -0.04186344112924772
0.069018181 -0.02791982027063376
0.070787878 -0.019481974937973417
0.072557575 -0.0188629824232227
0.074327272 -0.013422364004080764
0.076096969 -6.515710682051272e-05
0.077866666 0.00824237401222088
0.079636363 0.07554966535309948
0.08140606 0.08011066283021748
0.083175757 0.09714924626258503
0.084945454 0.0816092762869833
0.086715151 0.08343367527783405
0.088484849 0.09493390463084214
0.090254546 0.07717859302350193
0.092024243 0.08630058797772909
0.09379394 0.09740987468984942
0.095563637 0.07786274264506875
0.097333334 0.09871301682617138
0.099103031 0.07558224390650975
0.100872728 0.09089416400825293
0.102642425 0.08763630866746129
0.104412122 0.0762338149746663
0.106181819 0.12542743062070955
0.107951516 0.0661344634182021
0.109721213 0.08926523633785048
0.11149091 0.08828787973562227
0.113260607 0.07655960050874237
0.115030304 -0.036813765351011205
0.116800001 -0.06678603448635424
0.118569698 -0.10392558537145034
0.120339395 -0.224466232980957
0.122109091 -0.290926481933244
0.123878788 -0.27333406309292413
0.125648485 -0.3117767561143422
0.127418182 -0.19710024811826668
0.129187879 -0.32741446175017913
0.130957576 -0.27984977377451625
0.132727273 -0.2805013448426861
0.13449697 -0.30819311523946125
0.136266667 -0.22902723045808382
0.138036364 -0.3020031900919541
0.139806061 -0.2844107712516342
0.141575758 -0.2814787014449319
0.143345455 -0.2814787014449231
0.145115152 -0.2818044869789992
0.146884849 -0.2821302725130841
0.148654546 -0.2821302725130841
0.150424243 -0.1791820437438796
0.15219394 0.950739924105005
0.153963637 1.2614415879568839
0.155733334 1.047758856153958
0.157503031 0.11031098183941024
0.159272727 0.0
0.161042424 -1.1317463668397265
0.162812121 -2.327086069931814
0.164581818 -1.249811044390239
0.166351515 -0.155139071328786
0.168121212 0.18413398386188756
0.169890909 0.45929244594566465
0.171660606 0.5364808125351846