0.0 0.0225113562230625
0.005714286 0.02251134086678124
0.01142857 0.022511386935625023
0.01714286 0.022511325510499957
0.02285714 0.02251132551050001
0.02857143 0.022511448360750037
0.03428571 0.02251138693562497
0.04 0.022511079810000056
0.04571429 0.022511694061249993
0.05142857 0.022511079809999744
0.05714286 0.02251138693562518
0.06285714 0.0225116940612502
0.06857143 0.022511079809999328
0.07428571 0.022511386935625596
0.08 0.022511386935624347
0.08571428 0.022510772684375555
0.09142857 0.022513229689374477
0.09714286 0.022509237056250447
0.1028571 0.022512308312500662
0.1085714 0.022512308312498997
0.1142857 0.022509237056250447
0.12 0.022512308312500662
0.1257143 0.022512308312498997
0.1314286 0.022509237056250447
0.1371429 0.02251230831249983
0.1428571 0.022512308312501495
0.1485714 0.022509237056247116
0.1542857 0.022512308312503157
0.16 0.022512308312498164
0.1657143 0.02251230831249983
0.1714286 0.022509237056250447
0.1771429 0.02251230831249983
0.1828571 0.02251230831249983
0.1885714 0.022509237056250447
0.1942857 0.02251230831249983
0.2 0.022512308312501495
0.2057143 0.022509237056247116
0.2114286 0.022512308312501495
0.2171429 0.022512308312501495
0.2228571 0.022509237056247116
0.2285714 0.022512308312501495
0.2342857 0.022512308312498164
0.24 0.022512308312501495
0.2457143 0.022509237056250447
0.2514286 0.022512308312501495
0.2571429 0.022509237056247116
0.2628571 0.022512308312501495
0.2685714 0.022512308312498164
0.2742857 0.022512308312501495
0.28 0.022509237056250447
0.2857143 0.022512308312498164
0.2914286 0.02251537956875587
0.2971429 0.022512308312491503
0.3028571 0.022512308312504822
0.3085714 0.02248159575000101
0.3142857 0.022543020874995316
0.32 0.022512308312504822
0.3257143 0.02248159574999435
0.3314286 0.022543020875008635
0.3371429 0.022512308312491503
0.3428571 0.02248159575000767
0.3485714 0.022543020874995316
0.3542857 0.02248159575000101
0.36 0.022543020874995316
0.3657143 0.02248159575000767
0.3714286 0.022543020874995316
0.3771429 0.02248159575000101
0.3828571 0.022543020875001978
0.3885714 0.02248159574999435
0.3942857 0.022512308312504822
0.4 0.022543020874995316
0.4057143 0.02248159575000767
0.4114286 0.022512308312491503
0.4171429 0.022512308312504822
0.4228571 0.022512308312491503
0.4285714 0.02251230831251814
0.4342857 0.02254302087498866
0.44 0.02248159574999435
0.4457143 0.022512308312504822
0.4514286 0.022512308312504822
0.4571429 0.022512308312504822
0.4628571 0.022512308312491503
0.4685714 0.02248159574999435
0.4742857 0.022543020875015297
0.48 0.022512308312491503
0.4857143 0.022512308312491503
0.4914286 0.022512308312504822
0.4971429 0.022512308312504822
0.5028571 0.02248159575000767
0.5085714 0.02254302087498866
0.5142857 0.022512308312504822
0.52 0.02248159574999435
0.5257143 0.022543020875001978
0.5314286 0.02248159574999435
0.5371429 0.022543020875015297
0.5428571 0.02248159574999435
0.5485714 0.02254302087498866
0.5542857 0.02248159575000767
0.56 0.022543020875001978
0.5657143 0.02248159575000767
0.5714286 0.02254302087498866
0.5771429 0.02248159574999435
0.5828571 0.022512308312504822
0.5885714 0.02251230831253146
0.5942857 0.02254302087498866
0.6 0.02248159574999435
0.6057143 0.022512308312504822
0.6114286 0.022512308312478184
0.6171429 0.02251230831253146
0.6228571 0.022512308312478184
0.6285714 0.022512308312504822
0.6342857 0.022512308312504822
0.64 0.022512308312504822
0.6457143 0.022512308312504822
0.6514286 0.022512308312478184
0.6571429 0.02251230831253146
0.6628571 0.022512308312478184
0.6685714 0.022512308312504822
0.6742857 0.02248159574999435
0.68 0.02254302087498866
0.6857143 0.02251230831253146
0.6914286 0.022512308312478184
0.6971428 0.02248159574999435
0.7028571 0.022543020875015297
0.7085714 0.022512308312504822
0.7142857 0.022481595749967713
0.72 0.022543020875041935
0.7257143 0.022481595749967713
0.7314286 0.022543020875015297
0.7371428 0.02248159574999435
0.7428571 0.022543020875015297
0.7485714 0.02248159574999435
0.7542857 0.022512308312478184
0.76 0.022543020875015297
0.7657143 0.02248159574999435
0.7714286 0.022512308312504822
0.7771428 0.022512308312504822
0.7828571 0.022543020875015297
0.7885714 0.022481595749967713
0.7942857 0.022512308312504822
0.8 0.02251230831253146
0.8057143 0.022512308312451546
0.8114286 0.02251230831253146
0.8171428 0.022512308312504822
0.8228571 0.022512308312478184
0.8285714 0.02251230831253146
0.8342857 0.022512308312478184
0.84 0.022512308312478184
0.8457143 0.02251230831253146
0.8514286 0.022512308312478184
0.8571428 0.022481595750047628
0.8628571 0.02254302087496202
0.8685714 0.022512308312478184
0.8742857 0.02251230831253146
0.88 0.02248159574999435
0.8857143 0.022543020875015297
0.8914286 0.022512308312478184
0.8971428 0.02248159574999435
0.9028571 0.022543020875015297
0.9085714 0.02248159574999435
0.9142857 0.022543020875015297
0.92 0.02248159574999435
0.9257143 0.02254302087496202
0.9314286 0.022481595750047628
0.9371428 0.022635158562466798
0.9428571 0.022420170625026683
0.9485714 0.022420170624973403
0.9542857 0.022420170625026683
0.96 0.02272729625002486
0.9657143 0.022420170624920126
0.9714286 0.022727296250078136
0.9771428 0.02211304499997523
0.9828571 0.02272729624997158
0.9885714 0.02272729625002486
0.9942857 0.02211304499997523
1.0 0.02272729625002486
1.005714 0.022420170624973403
1.011429 0.02272729625002486
1.017143 0.022420170625026683
1.022857 0.022420170624973403
1.028571 0.022420170624973403
1.034286 0.02272729625002486
1.04 0.022420170625026683
1.045714 0.022420170624973403
1.051429 0.02272729624997158
1.057143 0.022420170625026683
1.062857 0.022420170625026683
1.068571 0.022420170624973403
1.074286 0.02272729624997158
1.08 0.022420170625026683
1.085714 0.022420170625026683
1.091429 0.02272729624997158
1.097143 0.022420170624973403
1.102857 0.022420170625026683
1.108571 0.02272729625002486
1.114286 0.022420170624973403
1.12 0.022420170625026683
1.125714 0.022420170624973403
1.131429 0.02272729624997158
1.137143 0.022420170625026683
1.142857 0.022420170625026683
1.148571 0.02272729624997158
1.154286 0.022420170625026683
1.16 0.022420170624973403
1.165714 0.02272729625002486
1.171429 0.02211304499997523
1.177143 0.02272729624997158
1.182857 0.02272729624997158
1.188571 0.022420170625026683
1.194286 0.022420170624920126
1.2 0.022420170625133237
1.205714 0.022420170624920126
1.211429 0.02272729624997158
1.217143 0.022727296250078136
1.222857 0.02211304499997523
1.228571 0.02272729624997158
1.234286 0.022420170625026683
1.24 0.022420170624920126
1.245714 0.022727296250078136
1.251429 0.022420170625026683
1.257143 0.022420170624920126
1.262857 0.022727296250078136
1.268571 0.022420170624920126
1.274286 0.022420170625026683
1.28 0.022420170625026683
1.285714 0.022727296250078136
1.291429 0.022420170624813572
1.297143 0.022420170625133237
1.302857 0.02272729624997158
1.308571 0.022420170625026683
1.314286 0.022420170624920126
1.32 0.022727296250078136
1.325714 0.02211304499997523
1.331429 0.023034421875023033
1.337143 0.02211304499997523
1.342857 0.02272729624997158
1.348571 0.022420170625026683
1.354286 0.022420170625026683
1.36 0.02272729624997158
1.365714 0.022420170624920126
1.371429 0.022420170625133237
1.377143 0.022420170624920126
1.382857 0.022727296250078136
1.388571 0.022420170624920126
1.394286 0.022420170625026683
1.4 0.02272729624997158
1.405714 0.022420170625026683
1.411429 0.022420170625026683
1.417143 0.02272729624997158
1.422857 0.022420170625026683
1.428571 0.022420170624920126
1.434286 0.022727296250078136
1.44 0.02211304499997523
1.445714 0.02272729624997158
1.451429 0.022727296250078136
1.457143 0.02211304499997523
1.462857 0.02272729624997158
1.468571 0.02272729624997158
1.474286 0.022113045000081783
1.48 0.02272729624997158
1.485714 0.022420170624920126
1.491429 0.022420170625133237
1.497143 0.022727296249865026
1.502857 0.022420170625133237
1.508571 0.022727296249865026
1.514286 0.022113045000081783
1.52 0.02272729624997158
1.525714 0.022420170625026683
1.531429 0.02272729624997158
1.537143 0.022420170625026683
1.542857 0.022420170625026683
1.548571 0.022420170624920126
1.554286 0.022727296250078136
1.56 0.022420170624920126
1.565714 0.022420170625026683
1.571429 0.022727296250078136
1.577143 0.022420170624920126
1.582857 0.022420170625026683
1.588571 0.022420170624920126
1.594286 0.022727296250078136
1.6 0.022420170625026683
1.605714 0.02272729624997158
1.611429 0.02211304499997523
1.617143 0.022727296250078136
1.622857 0.022420170624920126
1.628571 0.02272729624997158
1.634286 0.022420170625133237
1.64 0.022420170624920126
1.645714 0.022420170624920126
1.651429 0.022727296250078136
1.657143 0.022420170625026683
1.662857 0.02272729624997158
1.668571 0.022113045000294894
1.674286 0.02272729624975847
1.68 0.022420170624920126
1.685714 0.02272729625018469
1.691429 0.022420170624920126
1.697143 0.022420170625133237
1.702857 0.022420170624920126
1.708571 0.02272729624997158
1.714286 0.022420170624920126
1.72 0.022420170625133237
1.725714 0.02272729624997158
1.731429 0.022420170624920126
1.737143 0.022420170625133237
1.742857 0.02272729624997158
1.748571 0.022113044999868672
1.754286 0.02272729624997158
1.76 0.02272729625018469
1.765714 0.022420170624920126
1.771429 0.022420170625133237
1.777143 0.022420170624707015
1.782857 0.022420170625133237
1.788571 0.02272729625018469
1.794286 0.022420170624707015
1.8 0.02272729625018469
1.805714 0.022420170624920126
1.811429 0.022420170625133237
1.817143 0.022420170624920126
1.822857 0.02272729624997158
1.828571 0.022420170624920126
1.834286 0.022420170625133237
1.84 0.022420170624920126
1.845714 0.02272729625018469
1.851429 0.022420170624707015
1.857143 0.02272729625018469
1.862857 0.022420170624920126
1.868571 0.022420170625133237
1.874286 0.022420170624920126
1.88 -4.658174354374987
1.885714 -2.759216615000023
1.891429 0.0
1.897143 0.0
1.902857 0.0
1.908571 0.0
1.914286 0.0
1.92 0.0
1.925714 0.0
1.931429 0.0
1.937143 0.0
1.942857 0.0
1.948571 0.0
1.954286 0.0
1.96 0.0
1.965714 0.0
1.971429 0.0
1.977143 0.0
1.982857 0.0
1.988571 0.0
1.994286 0.0
2.0 0.0
2.005714 0.0
2.011429 0.0
2.017143 0.0
2.022857 0.0
2.028571 0.0
2.034286 0.0
2.04 0.0
2.045714 0.0
2.051429 0.0
2.057143 0.0
2.062857 0.0
2.068571 0.0
2.074286 0.0
2.08 0.0
2.085714 0.0
2.091429 0.0
2.097143 0.0
2.102857 0.0
2.108571 0.0
2.114286 0.0
2.12 0.0
2.125714 0.0
2.131429 0.0
2.137143 0.0
2.142857 0.0
2.148571 0.0
2.154286 0.0
2.16 0.0
2.165714 0.0
2.171429 0.0
2.177143 0.0
2.182857 0.0
2.188571 0.0
2.194286 0.0
2.2 0.0
2.205714 0.0
2.211429 0.0
2.217143 0.0
2.222857 0.0
2.228571 0.0
2.234286 0.0
2.24 0.0
2.245714 0.0
2.251429 0.0
2.257143 0.0
2.262857 0.0
2.268571 0.0
2.274286 0.0
2.28 0.0
2.285714 0.0
2.291429 0.0
2.297143 0.0
2.302857 0.0
2.308571 0.0
2.314286 0.0
2.32 0.0
2.325714 0.0
2.331429 0.0
2.337143 0.0
2.342857 0.0
2.348571 0.0
2.354286 0.0
2.36 0.0
2.365714 0.0
2.371429 0.0
2.377143 0.0
2.382857 0.0
2.388571 0.0
2.394286 0.0
2.4 0.0
2.405714 0.0
2.411429 0.0
2.417143 0.0
2.422857 0.0
2.428571 0.0
2.434286 0.0
2.44 0.0
2.445714 0.0
2.451429 0.0
2.457143 0.0
2.462857 0.0
2.468571 0.0
2.474286 0.0
2.48 0.0
2.485714 0.0
2.491429 0.0
2.497143 0.0
2.502857 0.0
2.508571 0.0
2.514286 0.0
2.52 0.0
2.525714 0.0
2.531429 0.0
2.537143 0.0
2.542857 0.0
2.548571 0.0
2.554286 0.0
2.56 0.0
2.565714 0.0
2.571429 0.0
2.577143 0.0
2.582857 0.0
2.588571 0.0
2.594286 0.0
2.6 0.0
2.605714 0.0
2.611429 0.0
2.617143 0.0
2.622857 0.0
2.628571 0.0
2.634286 0.0
2.64 0.0
2.645714 0.0
2.651429 0.0
2.657143 0.0
2.662857 0.0
2.668571 0.0
2.674286 0.0
2.68 0.0
2.685714 0.0
2.691429 0.0
2.697143 0.0
2.702857 0.0
2.708571 0.0
2.714286 0.0
2.72 0.0
2.725714 0.0
2.731429 0.0
2.737143 0.0
2.742857 0.0
2.748571 0.0
2.754286 0.0
2.76 0.0
2.765714 0.0
2.771429 0.0
2.777143 0.0
2.782857 0.0
2.788571 0.0
2.794286 0.0
2.8 0.0
2.805714 0.0
2.811429 0.0
2.817143 0.0
2.822857 0.0
2.828571 0.0
2.834286 0.0
2.84 0.0
2.845714 0.0
2.851429 0.0
2.857143 0.0
2.862857 0.0
2.868571 0.0
2.874286 0.0
2.88 0.0
2.885714 0.0
2.891429 0.0
2.897143 0.0
2.902857 0.0
2.908571 0.0
2.914286 0.0
2.92 0.0
2.925714 0.0
2.931429 0.0
2.937143 0.0
2.942857 0.0
2.948571 0.0
2.954286 0.0
2.96 0.0
2.965714 0.0
2.971429 0.0
2.977143 0.0
2.982857 0.0
2.988571 0.0
2.994286 0.0
3.0 0.0
3.005714 0.0
3.011429 0.0
3.017143 0.0
3.022857 0.0
3.028571 0.0
3.034286 0.0
3.04 0.0
3.045714 0.0
3.051429 0.0
3.057143 0.0
3.062857 0.0
3.068571 0.0
3.074286 0.0
3.08 0.0
3.085714 0.0
3.091429 0.0
3.097143 0.0
3.102857 0.0
3.108571 0.0
3.114286 0.0
3.12 0.0
3.125714 0.0
3.131429 0.0
3.137143 0.0
3.142857 0.0
3.148571 0.0
3.154286 0.0
3.16 0.0
3.165714 0.0
3.171429 0.0
3.177143 0.0
3.182857 0.0
3.188571 0.0
3.194286 0.0
3.2 0.0
3.205714 0.0
3.211429 0.0
3.217143 0.0
3.222857 0.0
3.228571 0.0
3.234286 0.0
3.24 0.0
3.245714 0.0
3.251429 0.0
3.257143 0.0
3.262857 0.0
3.268571 0.0
3.274286 0.0
3.28 0.0
3.285714 0.0
3.291429 0.0
3.297143 0.0
3.302857 0.0
3.308571 0.0
3.314286 0.0
3.32 0.0
3.325714 0.0
3.331429 0.0
3.337143 0.0
3.342857 0.0
3.348571 0.0
3.354286 0.0
3.36 0.0
3.365714 0.0
3.371429 0.0
3.377143 0.0
3.382857 0.0
3.388571 0.0
3.394286 0.0
3.4 0.0
3.405714 0.0
3.411429 0.0
3.417143 0.0
3.422857 0.0
3.428571 0.0
3.434286 0.0
3.44 0.0
3.445714 0.0
3.451429 0.0
3.457143 0.0
3.462857 0.0
3.468571 0.0
3.474286 0.0
3.48 0.0
3.485714 0.0
3.491429 0.0
3.497143 0.0
3.502857 0.0
3.508571 0.0
3.514286 0.0
3.52 0.0
3.525714 0.0
3.531429 0.0
3.537143 0.0
3.542857 0.0
3.548571 0.0
3.554286 0.0
3.56 0.0
3.565714 0.0
3.571429 0.0
3.577143 0.0
3.582857 0.0
3.588571 0.0
3.594286 0.0
3.6 0.0
3.605714 0.0
3.611429 0.0
3.617143 0.0
3.622857 0.0
3.628571 0.0
3.634286 0.0
3.64 0.0
3.645714 0.0
3.651429 0.0
3.657143 0.0
3.662857 0.0
3.668571 0.0
3.674286 0.0
3.68 0.0
3.685714 0.0
3.691429 0.0
3.697143 0.0
3.702857 0.0
3.708571 0.0
3.714286 0.0
3.72 0.0
3.725714 0.0
3.731429 0.0
3.737143 0.0
3.742857 0.0
3.748571 0.0
3.754286 0.0
3.76 0.0
3.765714 0.0
3.771429 0.0
3.777143 0.0
3.782857 0.0
3.788571 0.0
3.794286 0.0
3.8 0.0
3.805714 0.0
3.811429 0.0
3.817143 0.0
3.822857 0.0
3.828571 0.0
3.834286 0.0
3.84 0.0
3.845714 0.0
3.851429 0.0
3.857143 0.0
3.862857 0.0
3.868571 0.0
3.874286 0.0
3.88 0.0
3.885714 0.0
3.891429 0.0
3.897143 0.0
3.902857 0.0
3.908571 0.0
3.914286 0.0
3.92 0.0
3.925714 0.0
3.931429 0.0
3.937143 0.0
3.942857 0.0
3.948571 0.0
3.954286 0.0
3.96 0.0
3.965714 0.0
3.971429 0.0
3.977143 0.0
3.982857 0.0
3.988571 0.0
4.0 0.0