0.0 0.0 
0.0 0.0 
0.00023716775333333334 0.03103219247867584 
0.0004743355066666667 0.06206438495735168 
0.00071150326 0.09309657743602752 
0.0009486710066666667 0.10827385159209521 
0.0011858387533333335 0.1234511257481629 
0.0014230065 0.1386283999042306 
0.0016601743 0.14117384035516975 
0.0018973421 0.1437192808061089 
0.0021345099 0.14626472125704804 
0.0023716776333333332 0.14484646269403784 
0.0026088453666666665 0.14342820413102764 
0.0028460131 0.1420099455680174 
0.0030831808333333334 0.14060508971071897 
0.0033203485666666666 0.13920023385342054 
0.0035575163 0.13779537799612213 
0.0037946840999999996 0.1361581794209915 
0.004031851899999999 0.1345209808458609 
0.0042690197 0.13288378227073025 
0.004506187366666667 0.13589042345384897 
0.004743355033333334 0.1388970646369677 
0.0049805227 0.14190370582008643 
0.0052176905 0.13548102111495558 
0.0054548583000000005 0.12905833640982473 
0.0056920261 0.12263565170469391 
0.0059291939333333335 0.11848855813298198 
0.006166361766666667 0.11434146456127005 
0.0064035296 0.11019437098955812 
0.006640697233333334 0.10935710769388987 
0.006877864866666667 0.10851984439822163 
0.0071150325 0.10768258110255337 
0.007352200333333334 0.10700823863018612 
0.007589368166666667 0.10633389615781887 
0.007826536 0.10565955368545162 
0.0080637038 0.10465247905586023 
0.0083008716 0.10364540442626884 
0.0085380394 0.10263832979667746 
0.0087752072 0.10182783348458493 
0.009012375 0.10101733717249241 
0.0092495428 0.10020684086039987 
0.0094867103 0.10567691247182966 
0.009723877799999999 0.11114698408325945 
0.0099610453 0.11661705569468923 
0.0101982132 0.10689269006742419 
0.0104353811 0.09716832444015915 
0.010672549 0.08744395881289412 
0.010909716666666666 0.08535507401540834 
0.011146884333333332 0.08326618921792257 
0.011384052 0.0811773044204368 
0.01162122 0.08012272502048982 
0.011858388 0.07906814562054285 
0.012095556 0.07801356622059588 
0.012332723666666667 0.07780678464697921 
0.012569891333333333 0.07760000307336254 
0.012807059 0.07739322149974587 
0.013044226666666667 0.07653508790747983 
0.013281394333333333 0.07567695431521379 
0.013518562 0.07481882072294775 
0.013755729666666666 0.07120998203878676 
0.013992897333333332 0.06760114335462576 
0.014230065 0.06399230467046475 
0.014467232666666666 0.061701872437243344 
0.014704400333333333 0.059411440204021934 
0.014941568 0.05712100797080053 
0.015178736 0.0606570325090439 
0.015415904 0.06419305704728726 
0.015653072 0.06772908158553062 
0.015890239333333334 0.06399097957226872 
0.016127406666666667 0.06025287755900682 
0.016364574 0.056514775545744925 
0.016601742333333332 0.05527117088802262 
0.016838910666666665 0.05402756623030032 
0.017076079 0.05278396157257801 
0.017313246333333334 0.051994203047261704 
0.017550413666666667 0.0512044445219454 
0.017787581 0.050414685996629086 
0.018024749333333333 0.05013906557169183 
0.018261917666666665 0.04986344514675457 
0.018499086 0.04958782472181732 
0.018736253333333334 0.0492751015473644 
0.018973420666666668 0.04896237837291148 
0.019210588 0.04864965519845856 
0.019447755666666667 0.04868940814436179 
0.019684923333333333 0.04872916109026502 
0.019922091 0.04876891403616824 
0.020159259 0.04569203602312845 
0.020396426999999998 0.04261515801008866 
0.020633595 0.03953827999704886 
0.020870762666666667 0.03536422067703068 
0.021107930333333334 0.031190161357012504 
0.021345098 0.027016102036994324 
0.021582266 0.02349067828432366 
0.021819434 0.019965254531652994 
0.022056602 0.016439830778982326 
0.022293769333333335 0.01690427769697449 
0.022530936666666668 0.017368724614966656 
0.022768104 0.01783317153295882 
0.023005271666666667 0.020910049545996366 
0.023242439333333333 0.02398692755903391 
0.023479607 0.02706380557207146 
0.023716775 0.029423142911532228 
0.023953943 0.031782480250993 
0.024191111 0.03414181759045377 
0.024428278666666668 0.030230790262506108 
0.024665446333333334 0.026319762934558448 
0.024902614 0.022408735606610792 
0.025139782 0.01863551849113962 
0.02537695 0.014862301375668444 
0.025614118 0.011089084260197269 
0.025851285666666668 0.014382615828410758 
0.026088453333333334 0.017676147396624247 
0.026325621 0.020969678964837736 
0.026562788333333334 0.016669735316129752 
0.026799955666666667 0.012369791667421769 
0.027037123 0.008069848018713785 
0.027274291333333332 0.0060212462064051595 
0.027511459666666665 0.003972644394096534 
0.027748628 0.0019240425817879099 
0.027985795333333334 -0.00023586747904076524 
0.028222962666666667 -0.0023957775398694404 
0.02846013 -0.0045556876006981155 
0.028697298 -0.007754474647853102 
0.028934466 -0.010953261695008088 
0.029171634 -0.014152048742163074 
0.029408801666666665 -0.011939134753448467 
0.02964596933333333 -0.00972622076473386 
0.029883137 -0.007513306776019254 
0.030120304333333334 -0.009337304443964557 
0.030357471666666667 -0.011161302111909861 
0.030594639 -0.012985299779855165 
0.030831807333333332 -0.005316293965692875 
0.031068975666666665 0.002352711848469415 
0.031306144 0.010021717662631708 
0.031543312000000004 0.009204794624285646 
0.03178048000000001 0.008387871585939583 
0.032017648 0.007570948547593521 
0.032254815 0.004119067744849433 
0.032491981999999996 0.0006671869421053449 
0.032729149 -0.0027846938606387434 
0.032966317 -0.006341919970031989 
0.033203485000000005 -0.009899146079425235 
0.033440653 -0.013456372188818481 
0.03367782133333334 -0.016370925672748574 
0.03391498966666667 -0.019285479156678668 
0.034152158 -0.022200032640608762 
0.034389324666666665 -0.027003513604120854 
0.03462649133333333 -0.031806994567632946 
0.034863658 -0.03661047553114504 
0.035100826333333335 -0.03343355260424469 
0.03533799466666667 -0.03025662967734433 
0.035575163 -0.027079706750443973 
0.035812331 -0.023799426164190743 
0.036049499000000006 -0.020519145577937513 
0.036286667 -0.017238864991684283 
0.036523835000000004 -0.018817056944102913 
0.03676100300000001 -0.020395248896521542 
0.036998171 -0.021973440848940175 
0.037235338 -0.026005052112802515 
0.037472504999999996 -0.030036663376664854 
0.037709672 -0.03406827464052719 
0.03794684 -0.034924950624780966 
0.038184008000000005 -0.03578162660903474 
0.038421176 -0.03663830259328852 
0.03865834433333334 -0.03337988612727645 
0.03889551266666667 -0.030121469661264385 
0.039132681 -0.02686305319525232 
0.039369847666666666 -0.024541481154409715 
0.03960701433333333 -0.02221990911356711 
0.039844181 -0.019898337072724502 
0.040081349333333335 -0.022683693482459015 
0.04031851766666667 -0.025469049892193528 
0.040555686 -0.028254406301928037 
0.040792854 -0.03441147507350442 
0.041030022000000006 -0.0405685438450808 
0.04126719 -0.04672561261665718 
0.041504357 -0.039913945335839945 
0.041741523999999995 -0.03310227805502271 
0.041978691 -0.026290610774205476 
0.042215859 -0.027038628706335745 
0.042453027000000004 -0.027786646638466014 
0.042690195 -0.02853466457059628 
0.042927363333333336 -0.03193287889634969 
0.04316453166666667 -0.035331093222103094 
0.0434017 -0.03872930754785651 
0.043638868000000004 -0.0425330019218722 
0.04387603600000001 -0.04633669629588789 
0.044113204 -0.05014039066990357 
0.044350371 -0.054782209653397244 
0.044587537999999996 -0.05942402863689092 
0.044824705 -0.06406584762038459 
0.045061873 -0.05542819502434821 
0.045299041000000005 -0.046790542428311835 
0.045536209 -0.038152889832275466 
0.045773377000000004 -0.04807721277742968 
0.04601054500000001 -0.05800153572258389 
0.046247713 -0.0679258586677381 
0.04648488 -0.06163164223280795 
0.046722046999999996 -0.05533742579787779 
0.046959214 -0.04904320936294763 
0.047196382 -0.045213675574089236 
0.047433550000000005 -0.041384141785230845 
0.047670718 -0.03755460799637245 
0.04790788633333334 -0.03715641598822647 
0.04814505466666667 -0.036758223980080496 
0.048382223 -0.03636003197193452 
0.048619391 -0.03953562980064783 
0.048856558999999994 -0.04271122762936114 
0.049093727 -0.04588682545807445 
0.049330894 -0.05129190100294596 
0.049568061000000004 -0.05669697654781746 
0.049805228 -0.062102052092688965 
0.050042396 -0.06662726243486951 
0.050279564000000006 -0.07115247277705006 
0.050516732 -0.0756776831192306 
0.050753900000000005 -0.07094443236014379 
0.05099106800000001 -0.06621118160105699 
0.051228236 -0.061477930841970174 
0.051465403 -0.056600244379431244 
0.051702569999999996 -0.051722557916892314 
0.051939737 -0.04684487145435339 
0.052176905 -0.04559000346196711 
0.052414073000000005 -0.04433513546958082 
0.052651241 -0.043080267477194546 
0.05288840933333334 -0.04523090185065104 
0.053125577666666673 -0.04738153622410753 
0.053362746 -0.049532170597564026 
0.053599912666666666 -0.05425747076744774 
0.05383707933333333 -0.05898277093733145 
0.054074246 -0.06370807110721516 
0.054311414333333335 -0.0680252410325074 
0.05454858266666667 -0.07234241095779964 
0.054785751 -0.07665958088309187 
0.055022919 -0.06768535334504941 
0.055260087000000006 -0.05871112580700696 
0.055497255 -0.04973689826896451 
0.05573442333333334 -0.05574290584609517 
0.055971591666666674 -0.061748913423225825 
0.05620876 -0.06775492100035649 
0.05644592666666667 -0.07021827854827263 
0.05668309333333333 -0.07268163609618877 
0.05692026 -0.07514499364410493 
0.057157428333333336 -0.07464808182028544 
0.05739459666666667 -0.07415116999646595 
0.057631765 -0.07365425817264645 
0.057868933000000004 -0.06924830666818906 
0.05810610100000001 -0.06484235516373166 
0.058343269 -0.06043640365927426 
0.058580436 -0.05844146832394285 
0.058817602999999996 -0.056446532988611436 
0.05905477 -0.05445159765328002 
0.059291938 -0.05960821728625076 
0.059529106000000005 -0.0647648369192215 
0.059766274 -0.06992145655219223 
0.060003442000000004 -0.07176466814398215 
0.06024061000000001 -0.07360787973577207 
0.060477778 -0.075451091327562 
0.060714945 -0.07118295003557211 
0.060952111999999996 -0.06691480874358222 
0.061189279 -0.06264666745159232 
0.061426447 -0.06955639199896935 
0.061663615000000005 -0.07646611654634637 
0.061900783 -0.08337584109372341 
0.06213795133333334 -0.07665030519569724 
0.06237511966666667 -0.06992476929767107 
0.062612288 -0.06319923339964491 
0.06284945466666667 -0.05802605003921711 
0.06308662133333333 -0.052852866678789315 
0.063323788 -0.04767968331836152 
0.06356095733333333 -0.04507255261610697 
0.06379812666666666 -0.04246542191385243 
0.064035296 -0.03985829121159788 
0.064272463 -0.039597246866814664 
0.06450963 -0.039336202522031447 
0.064746797 -0.039075158177248236 
0.06498396399999999 -0.05125811099891812 
0.06522113099999999 -0.06344106382058799 
0.065458298 -0.07562401664225787 
0.06569546733333333 -0.07817814341665343 
0.06593263666666666 -0.08073227019104898 
0.066169806 -0.08328639696544451 
0.06640697266666666 -0.07695176503547496 
0.06664413933333332 -0.07061713310550541 
0.066881306 -0.06428250117553584 
0.067118473 -0.052675303520414093 
0.06735564 -0.041068105865292345 
0.067592807 -0.029460908210170597 
0.06782997633333333 -0.023732508705262254 
0.06806714566666666 -0.01800410920035391 
0.068304315 -0.012275709695445565 
0.068541482 -0.014658898802441535 
0.068778649 -0.017042087909437505 
0.069015816 -0.019425277016433477 
0.06925298266666666 -0.02728642206913176 
0.06949014933333332 -0.035147567121830044 
0.069727316 -0.043008712174528334 
0.06996448566666666 -0.04633537119768737 
0.07020165533333332 -0.0496620302208464 
0.070438825 -0.05298868924400543 
0.07067599166666666 -0.05146085102304925 
0.07091315833333332 -0.04993301280209307 
0.071150325 -0.0484051745811369 
0.07138749433333333 -0.045758290932974635 
0.07162466366666666 -0.04311140728481237 
0.071861833 -0.04046452363665012 
0.072099 -0.04362687048337623 
0.07233616699999999 -0.04678921733010235 
0.072573334 -0.04995156417682846 
0.072810501 -0.0416504865227802 
0.073047668 -0.033349408868731945 
0.073284835 -0.025048331214683684 
0.07352200433333334 -0.01741775324824655 
0.07375917366666666 -0.009787175281809415 
0.073996343 -0.0021565973153722827 
0.07423350966666667 -0.0027482536602368075 
0.07447067633333333 -0.0033399100051013323 
0.074707843 -0.0039315663499658576 
0.07494500999999999 -0.009958112949173079 
0.07518217699999999 -0.0159846595483803 
0.075419344 -0.022011206147587524 
0.07565651333333333 -0.025034417683645616 
0.07589368266666666 -0.028057629219703707 
0.076130852 -0.0310808407557618 
0.076368019 -0.024528230172431494 
0.07660518599999999 -0.01797561958910119 
0.076842353 -0.011423009005770887 
0.07707951966666667 -0.016794294546641487 
0.07731668633333333 -0.022165580087512085 
0.077553853 -0.027536865628382687 
0.07779102233333333 -0.022715495839190573 
0.07802819166666666 -0.01789412604999846 
0.078265361 -0.013072756260806343 
0.078502528 -0.005485243985764742 
0.078739695 0.0021022682892768586 
0.078976862 0.009689780564318457 
0.07921402899999999 0.01329537275790032 
0.07945119599999999 0.016900964951482182 
0.079688363 0.020506557145064046 
0.07992553233333333 0.015281032405855065 
0.08016270166666666 0.010055507666646084 
0.080399871 0.004829982927437101 
0.080637038 -0.0008778775554036588 
0.08087420499999999 -0.006585738038244419 
0.081111372 -0.012293598521085181 
0.08134853866666666 -0.012225355963951686 
0.08158570533333333 -0.012157113406818191 
0.081822872 -0.012088870849684696 
0.08206004133333333 -0.001122358172720838 
0.08229721066666666 0.00984415450424302 
0.08253438 0.020810667181206877 
0.082771547 0.02888581559270926 
0.083008714 0.03696096400421164 
0.083245881 0.045036112415714015 
0.08348304799999999 0.05363003677125909 
0.08372021499999999 0.062223961126804166 
0.083957382 0.07081788548234924 
0.08419455133333333 0.07895200076359048 
0.08443172066666665 0.08708611604483171 
0.08466889 0.09522023132607296 
0.08490605666666666 0.09798107341918325 
0.08514322333333332 0.10074191551229353 
0.08538039 0.1035027576054038 
0.08561755933333333 0.09435427965446497 
0.08585472866666666 0.08520580170352614 
0.086091898 0.07605732375258731 
0.086329065 0.07309241653719027 
0.08656623199999999 0.07012750932179324 
0.086803399 0.0671626021063962 
0.087040566 0.06708905915646962 
0.087277733 0.06701551620654304 
0.0875149 0.06694197325661647 
0.08775206933333334 0.06658220909616872 
0.08798923866666666 0.06622244493572096 
0.088226408 0.0658626807752732 
0.08846357466666667 0.0715930679274868 
0.08870074133333333 0.07732345507970041 
0.088937908 0.08305384223191402 
0.08917507499999999 0.0915490467717766 
0.08941224199999999 0.10004425131163917 
0.089649409 0.10853945585150175 
0.08988657833333333 0.10994604758745646 
0.09012374766666666 0.11135263932341118 
0.090360917 0.11275923105936589 
0.090598084 0.09508705895732074 
0.09083525099999999 0.07741488685527559 
0.091072418 0.05974271475323044 
0.09130958466666667 0.05894699328602528 
0.09154675133333333 0.05815127181882013 
0.091783918 0.057355550351614965 
0.09202108766666667 0.06058613975550151 
0.09225825733333333 0.06381672915938806 
0.092495427 0.0670473185632746 
0.09273259366666667 0.06304552200884304 
0.09296976033333333 0.05904372545441149 
0.093206927 0.05504192889997994 
0.09344409399999999 0.06266389372814515 
0.09368126099999999 0.07028585855631037 
0.093918428 0.07790782338447558 
0.09415559733333333 0.08984828323612457 
0.09439276666666666 0.10178874308777355 
0.094629936 0.11372920293942253 
0.094867103 0.11211390823749272 
0.09510426999999999 0.11049861353556291 
0.095341437 0.10888331883363311 
0.09557860366666666 0.08799182066238335 
0.09581577033333333 0.0671003224911336 
0.096052937 0.04620882431988384 
0.09629010633333333 0.05495579751716194 
0.09652727566666666 0.06370277071444004 
0.096764445 0.07244974391171814 
0.097001612 0.08454855299790222 
0.097238779 0.0966473620840863 
0.097475946 0.10874617117027036 
0.09771311533333332 0.09451395398719159 
0.09795028466666665 0.08028173680411282 
0.098187454 0.06604951962103407 
0.09842462099999999 0.06869971601470211 
0.09866178799999999 0.07134991240837014 
0.098898955 0.07400010880203818 
0.09913612166666666 0.08589949060957894 
0.09937328833333332 0.0977988724171197 
0.099610455 0.10969825422466044 
0.09984763666666667 0.11178528388467178 
0.10008481833333334 0.11387231354468312 
0.100322 0.11595934320469445 
0.10055916666666666 0.10777023634827997 
0.10079633333333332 0.09958112949186548 
0.1010335 0.091392022635451 
0.10127066666666666 0.08423649237255629 
0.10150783333333332 0.07708096210966157 
0.101745 0.06992543184676685 
0.10198216666666667 0.06706984523259357 
0.10221933333333333 0.0642142586184203 
0.1024565 0.061358672004247036 
0.10269366666666667 0.05489219280372576 
0.10293083333333333 0.04842571360320448 
0.103168 0.041959234402683204 
0.10340516666666666 0.042926556086356774 
0.10364233333333332 0.04389387777003034 
0.1038795 0.044861199453703905 
0.10411666666666666 0.051599323784594565 
0.10435383333333333 0.058337448115485226 
0.104591 0.06507557244637588 
0.10482816666666667 0.07260875569536696 
0.10506533333333333 0.08014193894435803 
0.1053025 0.0876751221933491 
0.10553966666666666 0.09306164636345828 
0.10577683333333332 0.09844817053356746 
0.106014 0.10383469470367665 
0.10625116666666666 0.10838640700978669 
0.10648833333333332 0.11293811931589673 
0.1067255 0.11748983162200675 
0.10696266666666666 0.11009578368371065 
0.10719983333333333 0.10270173574541454 
0.107437 0.09530768780711843 
0.10767416666666667 0.0869198162211564 
0.10791133333333333 0.07853194463519436 
0.1081485 0.07014407304923233 
0.10838566666666666 0.04727287817193464 
0.10862283333333332 0.024401683294636947 
0.10886 0.0015304884173392508 
0.10909716666666666 0.009580459963085711 
0.10933433333333333 0.017630431508832173 
0.1095715 0.02568040305457863 
0.10980866666666667 0.07698820523588587 
0.11004583333333333 0.1282960074171931 
0.110283 0.17960380959850036 
0.11052016666666667 0.19667769986466943 
0.11075733333333333 0.2137515901308385 
0.1109945 0.23082548039700757 
0.11123166666666666 0.13654474369248715 
0.11146883333333332 0.042264006987966715 
0.111706 -0.05201672971655373 
0.11194316666666666 -0.02113531623944423 
0.11218033333333333 0.009746097237665272 
0.1124175 0.04062751071477477 
0.11265466666666667 0.05618416354560076 
0.11289183333333333 0.07174081637642675 
0.113129 0.08729746920725275 
0.11336616666666666 0.060563613086191515 
0.11360333333333332 0.033829756965130284 
0.1138405 0.007095900844069067 
0.11407766666666666 0.008931161846655898 
0.11431483333333332 0.01076642284924273 
0.114552 0.01260168385182956 
0.11478916666666666 0.06426726254627929 
0.11502633333333333 0.11593284124072903 
0.1152635 0.16759841993517877 
0.11550066666666667 0.194418407439067 
0.11573783333333333 0.22123839494295522 
0.115975 0.24805838244684342 
0.11621216666666666 0.18812419100414582 
0.11644933333333332 0.12818999956144822 
0.1166865 0.0682558081187506 
0.11692366666666666 0.07527220307096831 
0.11716083333333333 0.08228859802318603 
0.117398 0.08930499297540376 
0.11763516666666667 0.05813868338594666 
0.11787233333333333 0.02697237379648956 
0.1181095 -0.004193935792967547 
0.11834666666666667 -0.016822121608753543 
0.11858383333333333 -0.029450307424539537 
0.118821 -0.04207849324032553 
0.11905816666666666 -0.032604041133020664 
0.11929533333333332 -0.023129589025715797 
0.1195325 -0.013655136918410927 
0.11976966666666666 0.006234587016068589 
0.12000683333333333 0.026124310950548103 
0.120244 0.04601403488502762 
0.1204812 0.04887624699014959 
0.12071839999999999 0.05173845909527156 
0.1209556 0.05460067120039354 
0.12119276666666666 0.012422795595253826 
0.12142993333333332 -0.029755080009885887 
0.1216671 -0.0719329556150256 
0.12190426666666666 -0.05662807144157922 
0.12214143333333333 -0.04132318726813283 
0.1223786 -0.026018303094686453 
0.12261576666666667 -0.05601852627099427 
0.12285293333333333 -0.08601874944730208 
0.1230901 -0.1160189726236099 
0.12332726666666666 -0.13461010032512205 
0.12356443333333332 -0.1532012280266342 
0.1238016 -0.17179235572814633 
0.12403876666666666 -0.15875338947134987 
0.12427593333333332 -0.1457144232145534 
0.1245131 -0.13267545695775693 
0.12475026666666666 -0.1091019600360986 
0.12498743333333333 -0.08552846311444026 
0.1252246 -0.061954966192781936 
0.12546176666666667 -0.08037383112876581 
0.12569893333333335 -0.09879269606474969 
0.1259361 -0.11721156100073357 
0.12617326666666667 -0.1590382855836795 
0.12641043333333335 -0.20086501016662542 
0.1266476 -0.24269173474957134 
0.12688476666666668 -0.28883827945423746 
0.12712193333333335 -0.33498482415890357 
0.1273591 -0.38113136886356974 
0.12759626666666668 -0.32267466191036137 
0.12783343333333336 -0.264217954957153 
0.1280706 -0.20576124800394463 
0.12830776666666668 -0.2147321627964903 
0.12854493333333336 -0.22370307758903596 
0.1287821 -0.2326739923815816 
0.12901926666666666 -0.22449151101614276 
0.1292564333333333 -0.21630902965070392 
0.1294936 -0.20812654828526506 
0.12973076666666666 -0.2083518149787421 
0.12996793333333334 -0.20857708167221917 
0.1302051 -0.20880234836569622 
0.13044226666666667 -0.28298797091525885 
0.13067943333333334 -0.35717359346482147 
0.1309166 -0.4313592160143841 
0.13115376666666667 -0.31947454976497897 
0.13139093333333335 -0.20758988351557384 
0.1316281 -0.09570521726616864 
0.13186526666666668 -0.15660010490151927 
0.13210243333333335 -0.2174949925368699 
0.1323396 -0.27838988017222055 
0.13257676666666668 -0.29785557268368446 
0.13281393333333336 -0.31732126519514836 
0.1330511 -0.3367869577066122 
0.13328826666666668 -0.3104506310445922 
0.13352543333333336 -0.2841143043825722 
0.1337626 -0.2577779777205522 
0.1339997666666667 -0.24439448593253763 
0.13423693333333336 -0.23101099414452303 
0.1344741 -0.2176275023565084 
0.13471126666666666 -0.22197382444214914 
0.1349484333333333 -0.22632014652778987 
0.1351856 -0.23066646861343057 
0.13542276666666667 -0.23354855719151538 
0.13565993333333334 -0.23643064576960018 
0.1358971 -0.23931273434768502 
0.13613426666666667 -0.23362806308327697 
0.13637143333333335 -0.2279433918188689 
0.1366086 -0.22225872055446083 
0.13684576666666667 -0.2754084092293575 
0.13708293333333335 -0.32855809790425416 
0.1373201 -0.3817077865791508 
0.13755726666666668 -0.3316257002299442 
0.13779443333333335 -0.2815436138807376 
0.1380316 -0.231461527531531 
0.13826876666666668 -0.2271350819188531 
0.13850593333333336 -0.2228086363061752 
0.1387431 -0.21848219069349734 
0.13898026666666669 -0.23563558685148184 
0.13921743333333336 -0.25278898300946634 
0.1394546 -0.26994237916745084 
0.13969176666666666 -0.26662300818438117 
0.1399289333333333 -0.2633036372013115 
0.1401661 -0.25998426621824183 
0.14040326666666667 -0.21875383582385774 
0.14064043333333334 -0.17752340542947365 
0.1408776 -0.13629297503508955 
0.14111476666666667 -0.23976989322561473 
0.14135193333333335 -0.3432468114161399 
0.1415891 -0.44672372960666507 
0.1418263 -0.3754930760360091 
0.14206349999999998 -0.3042624224653532 
0.1423007 -0.23303176889469715 
0.14253786666666668 -0.23304501987668436 
0.14277503333333336 -0.23305827085867156 
0.1430122 -0.23307152184065874 
0.14324936666666668 -0.23172654717086189 
0.14348653333333336 -0.23038157250106503 
0.1437237 -0.22903659783126817 
0.1439608666666667 -0.22339830500376143 
0.14419803333333336 -0.21776001217625468 
0.1444352 -0.2121217193487479 
0.14467236666666666 -0.2122409781864531 
0.1449095333333333 -0.2123602370241583 
0.1451467 -0.21247949586186346 
0.14538386666666667 -0.22735372312128269 
0.14562103333333334 -0.2422279503807019 
0.1458582 -0.2571021776401211 
0.14609536666666667 -0.300532271041291 
0.14633253333333335 -0.34396236444246087 
0.1465697 -0.3873924578436307 
0.14680686666666667 -0.2998432199789624 
0.14704403333333335 -0.21229398211429412 
0.1472812 -0.12474474424962587 
0.14751836666666668 -0.20925950724353615 
0.14775553333333336 -0.29377427023744646 
0.1479927 -0.3782890332313567 
0.14822986666666668 -0.34127241510288503 
0.14846703333333336 -0.30425579697441335 
0.1487042 -0.2672391788459417 
0.14894136666666669 -0.25172890445201707 
0.14917853333333336 -0.2362186300580924 
0.1494157 -0.22070835566416772 
0.14965286666666666 -0.23415810236201054 
0.1498900333333333 -0.24760784905985336 
0.1501272 -0.2610575957576962 
0.15036436666666667 -0.2710289596888565 
0.15060153333333334 -0.28100032362001676 
0.1508387 -0.2909716875511771 
0.15107586666666667 -0.21800515534267662 
0.15131303333333335 -0.14503862313417615 
0.1515502 -0.07207209092567567 
0.15178736666666667 -0.20058011405433168 
0.15202453333333335 -0.3290881371829877 
0.1522617 -0.45759616031164374 
0.15249886666666668 -0.37355843266862604 
0.15273603333333335 -0.28952070502560834 
0.1529732 -0.20548297738259064 
0.15321036666666668 -0.2197012810345954 
0.15344753333333336 -0.23391958468660018 
0.1536847 -0.24813788833860495 
0.15392186666666668 -0.2338997082136553 
0.15415903333333336 -0.21966152808870565 
0.1543962 -0.205423347963756 
0.15463336666666666 -0.2090806189870053 
0.1548705333333333 -0.21273789001025462 
0.1551077 -0.21639516103350395 
0.15534486666666666 -0.24161840521017977 
0.15558203333333334 -0.2668416493868556 
0.1558192 -0.29206489356353144 
0.15605636666666667 -0.2539550694226784 
0.15629353333333335 -0.21584524528182544 
0.1565307 -0.1777354211409725 
0.15676786666666667 -0.2171040885688133 
0.15700503333333335 -0.2564727559966541 
0.1572422 -0.29584142342449493 
0.15747936666666668 -0.19007871084442884 
0.15771653333333335 -0.08431599826436274 
0.1579537 0.02144671431570337 
0.15819086666666668 0.15643446762688581 
0.15842803333333336 0.29142222093806824 
0.1586652 0.42640997424925076 
0.15890236666666668 0.6150562539429271 
0.15913953333333336 0.8037025336366034 
0.1593767 0.9923488133302797 
0.1596138666666667 1.0796078546897983 
0.15985103333333336 1.166866896049317 
0.1600882 1.2541259374088356 
0.16032536666666666 1.2156629745985195 
0.1605625333333333 1.1772000117882033 
0.1607997 1.1387370489778872 
0.16103686666666667 1.1123026650492984 
0.16127403333333334 1.0858682811207097 
0.1615112 1.0594338971921209 
0.16174836666666667 1.157813162619459 
0.16198553333333335 1.256192428046797 
0.1622227 1.3545716934741354 
0.16245986666666667 1.2718676771662147 
0.16269703333333335 1.189163660858294 
0.1629342 1.1064596445503732 
0.16317136666666668 0.8831574091658932 
0.16340853333333336 0.6598551737814133 
0.1636457 0.4365529383969333 
0.1638829 0.32298208469200995 
0.1641201 0.20941123098708658 
0.1643573 0.09584037728216327 
0.16459446666666666 0.05815193436791589 
0.1648316333333333 0.020463491453668506 
0.1650688 -0.017224951460578872 
0.16530596666666666 -0.015494373215527471 
0.16554313333333334 -0.01376379497047607 
0.1657803 -0.012033216725424671 
0.16601746666666667 -0.006942189453204355 
0.16625463333333335 -0.0018511621809840385 
0.1664918 0.0032398650912362783 
0.16672896666666667 0.013122447443213435 
0.16696613333333335 0.02300502979519059 
0.1672033 0.03288761214716775 
0.16744046666666668 0.01869448536090093 
0.16767763333333335 0.004501358574634115 
0.1679148 -0.009691768211632697 
0.16815196666666668 -0.012953497423128096 
0.16838913333333336 -0.016215226634623495 
0.1686263 -0.019476955846118894 
0.16886346666666668 -0.014195776982649889 
0.16910063333333336 -0.008914598119180883 
0.1693378 -0.003633419255711875 
0.16957496666666666 -0.0004690847616804993 
0.1698121333333333 0.0026952497323508764 
0.1700493 0.005859584226382252 
0.17028646666666666 0.004985681965571159 
0.17052363333333334 0.004111779704760067 
0.1707608 0.003237877443948974 
0.17099796666666667 0.0019081414034355993 
0.17123513333333334 0.0005784053629222245 
0.1714723 -0.0007513306775911503 
0.17170946666666667 -0.0005008871183941003 
0.17194663333333335 -0.0002504435591970502 
0.1721838 0.0 
0.17242096666666668 0.0 
0.17265813333333335 0.0 
0.1728953 0.0 
0.17313246666666668 0.0 
0.17336963333333336 0.0 
0.1736068 0.0 
0.17384396666666668 0.0 
0.17408113333333336 0.0 
0.1743183 0.0 
0.1745554666666667 0.0 
0.17479263333333336 0.0 
0.1750298 0.0 
0.17526696666666666 0.0 
0.1755041333333333 0.0 
0.1757413 0.0 
0.17597846666666667 0.0 
0.17621563333333334 0.0 
0.1764528 0.0 
0.17668996666666667 0.0 
0.17692713333333335 0.0 
0.1771643 0.0 
0.17740146666666667 0.0 
0.17763863333333335 0.0 
0.1778758 0.0 
0.17811296666666668 0.0 
0.17835013333333335 0.0 
0.1785873 0.0 
0.17882446666666668 0.0 
0.17906163333333336 0.0 
0.1792988 0.0 
0.17953596666666669 0.0 
0.17977313333333336 0.0 
0.1800103 0.0 
0.18024746666666666 0.0 
0.1804846333333333 0.0 
0.1807218 0.0 
0.18095896666666667 0.0 
0.18119613333333334 0.0 
0.1814333 0.0 
0.18167046666666667 0.0 
0.18190763333333335 0.0 
0.1821448 0.0 
0.18238196666666667 0.0 
0.18261913333333335 0.0 
0.1828563 0.0 
0.18309346666666668 0.0 
0.18333063333333335 0.0 
0.1835678 0.0 
0.183805 0.0 
0.1840422 0.0 
0.1842794 0.0 
0.1845165666666667 0.0 
0.18475373333333336 0.0 
0.1849909 0.0 
0.18522806666666666 0.0 
0.1854652333333333 0.0 
0.1857024 0.0 
0.18593956666666667 0.0 
0.18617673333333334 0.0 
0.1864139 0.0 
0.18665106666666667 0.0 
0.18688823333333335 0.0 
0.1871254 0.0 
0.18736256666666667 0.0 
0.18759973333333335 0.0 
0.1878369 0.0 
0.18807406666666668 0.0 
0.18831123333333336 0.0 
0.1885484 0.0 
0.18878556666666668 0.0 
0.18902273333333336 0.0 
0.1892599 0.0 
0.18949706666666669 0.0 
0.18973423333333336 0.0 
0.1899714 0.0 
0.19020856666666666 0.0 
0.1904457333333333 0.0 
0.1906829 0.0 
0.19092006666666667 0.0 
0.19115723333333334 0.0 
0.1913944 0.0 
0.19163156666666667 0.0 
0.19186873333333335 0.0 
0.1921059 0.0 
0.19234306666666667 0.0 
0.19258023333333335 0.0 
0.1928174 0.0 
0.19305456666666668 0.0 
0.19329173333333335 0.0 
0.1935289 0.0 
0.19376606666666668 0.0 
0.19400323333333336 0.0 
0.1942404 0.0 
0.19447756666666668 0.0 
0.19471473333333336 0.0 
0.1949519 0.0 
0.19518906666666666 0.0 
0.1954262333333333 0.0 
0.1956634 0.0 
0.19590056666666666 0.0 
0.19613773333333334 0.0 
0.1963749 0.0 
0.19661206666666667 0.0 
0.19684923333333335 0.0 
0.1970864 0.0 
0.19732356666666667 0.0 
0.19756073333333335 0.0 
0.1977979 0.0 
0.19803506666666668 0.0 
0.19827223333333335 0.0 
0.1985094 0.0 
0.19874656666666668 0.0 
0.19898373333333336 0.0 
0.1992209 0.0 
0.19945806666666668 0.0 
0.19969523333333336 0.0 
0.1999324 0.0 
0.20016956666666666 0.0 
0.2004067333333333 0.0 
0.2006439 0.0 
0.20088106666666666 0.0 
0.20111823333333334 0.0 
0.2013554 0.0 
0.20159256666666667 0.0 
0.20182973333333334 0.0 
0.2020669 0.0 
0.20230406666666667 0.0 
0.20254123333333335 0.0 
0.2027784 0.0 
0.20301556666666667 0.0 
0.20325273333333335 0.0 
0.2034899 0.0 
0.20372706666666668 0.0 
0.20396423333333336 0.0 
0.2042014 0.0 
0.20443856666666668 0.0 
0.20467573333333336 0.0 
0.2049129 0.0 
0.20515006666666669 0.0 
0.20538723333333336 0.0 
0.2056244 0.0 
0.20586156666666666 0.0 
0.2060987333333333 0.0 
0.2063359 0.0 
0.20657306666666667 0.0 
0.20681023333333334 0.0 
0.2070474 0.0 
0.20728456666666667 0.0 
0.20752173333333335 0.0 
0.2077589 0.0 
0.2079961 0.0 
0.20823329999999998 0.0 
0.2084705 0.0 
0.20870766666666668 0.0 
0.20894483333333336 0.0 
0.209182 0.0 
0.20941916666666668 0.0 
0.20965633333333336 0.0 
0.2098935 0.0 
0.21013066666666666 0.0 
0.2103678333333333 0.0 
0.210605 0.0 
0.21084216666666666 0.0 
0.21107933333333334 0.0 
0.2113165 0.0 
0.21155366666666667 0.0 
0.21179083333333334 0.0 
0.212028 0.0 
0.21226516666666667 0.0 
0.21250233333333335 0.0 
0.2127395 0.0 
0.21297666666666668 0.0 
0.21321383333333335 0.0 
0.213451 0.0 
0.21368816666666668 0.0 
0.21392533333333336 0.0 
0.2141625 0.0 
0.21439966666666668 0.0 
0.21463683333333336 0.0 
0.214874 0.0 
0.2151111666666667 0.0 
0.21534833333333336 0.0 
0.2155855 0.0 
0.21582266666666666 0.0 
0.2160598333333333 0.0 
0.216297 0.0 
0.21653416666666667 0.0 
0.21677133333333334 0.0 
0.2170085 0.0 
0.21724566666666667 0.0 
0.21748283333333335 0.0 
0.21772 0.0 
0.21795716666666667 0.0 
0.21819433333333335 0.0 
0.2184315 0.0 
0.21866866666666668 0.0 
0.21890583333333336 0.0 
0.219143 0.0 
0.21938016666666668 0.0 
0.21961733333333336 0.0 
0.2198545 0.0 
0.22009166666666669 0.0 
0.22032883333333336 0.0 
0.220566 0.0 
0.22080316666666666 0.0 
0.2210403333333333 0.0 
0.2212775 0.0 
0.22151466666666667 0.0 
0.22175183333333334 0.0 
0.221989 0.0 
0.22222616666666667 0.0 
0.22246333333333335 0.0 
0.2227005 0.0 
0.22293766666666667 0.0 
0.22317483333333335 0.0 
0.223412 0.0 
0.22364916666666668 0.0 
0.22388633333333335 0.0 
0.2241235 0.0 
0.22436066666666668 0.0 
0.22459783333333336 0.0 
0.224835 0.0 
0.22507216666666668 0.0 
0.22530933333333336 0.0 
0.2255465 0.0 
0.22578366666666666 0.0 
0.2260208333333333 0.0 
0.226258 0.0 
0.22649516666666666 0.0 
0.22673233333333334 0.0 
0.2269695 0.0 
0.22720666666666667 0.0 
0.22744383333333335 0.0 
