0.0 0.17335625
0.04040404 0.17330625000000008
0.08080808 0.17332499999999984
0.12121212 0.17332500000000012
0.16161616 0.17332500000000012
0.2020202 0.17331875000000013
0.24242424 0.17333124999999952
0.28282828 0.17332500000000065
0.32323232 0.17332500000000065
0.36363636 -0.15980000000000075
0.4040404 -0.4432125000000003
0.44444444 -0.2765999999999988
0.48484848 -0.3134437500000001
0.52525252 -0.4334875000000017
0.56565656 -0.02427499999999895
0.6060606 6.250000001047085e-06
0.64646464 -2.168404344971009e-15
0.68686868 -1.8749999998804445e-05
0.72727272 -3.124999999873021e-05
0.76767676 2.4999999997683126e-05
0.8080808 1.875000000097285e-05
0.84848484 0.0
0.88888888 0.0
0.92929292 -1.2499999999925765e-05
0.96969696 0.0
1.010101 -1.2499999999925765e-05
1.05050504 1.2499999999925765e-05
1.09090908 6.250000001047085e-06
1.13131312 -2.168404344971009e-15
1.17171716 -6.24999999887868e-06
1.2121212 0.0
1.25252524 0.0
1.29292928 0.0
1.33333332 0.009968750000000429
1.37373736 0.10070000000000044
1.4141414 0.07275624999999834
1.45454544 0.10147500000000018
1.49494948 0.2199312500000025
1.53535352 0.13117499999999727
1.57575756 0.10574374999999976
1.6161616 0.1930625000000027
1.65656564 0.10993124999999875
1.69696968 0.09082499999999838
1.73737372 0.124156250000001
1.77777776 0.1272499999999989
1.8181818 -0.15465624999999766
1.85858584 -0.27818750000000236
1.89898988 -0.1496062499999973
1.93939392 -0.16090000000000287
1.97979796 -0.1764062499999986
2.02020204 -0.3016249999999998
2.06060608 -0.16561249999999875
2.10101012 2.499999999985153e-05
2.14141416 1.8749999998804445e-05
2.1818182 1.249999999775736e-05
2.22222224 -6.249999996710276e-06
2.26262628 -3.1250000000898615e-05
2.30303032 0.0
2.34343436 -8.125000000060167e-05
2.3838384 0.0001062500000004532
2.42424244 -4.3749999998655975e-05
2.46464648 3.1249999996561806e-05
2.50505052 1.2500000006430978e-05
2.54545456 -6.250000005383893e-06
2.5858586 0.0
2.62626264 -1.8749999998804445e-05
2.66666668 0.0
2.70707072 0.0
2.74747476 0.0
2.7878788 -4.3749999998655975e-05
2.82828284 5.6249999996413336e-05
2.86868688 4.336808689942018e-15
2.90909092 -4.336808689942018e-15
2.94949496 -1.249999999775736e-05
2.989899 6.250000001047085e-06
3.03030304 -6.250000001047085e-06
3.07070708 0.0
3.11111112 0.0
3.15151516 0.0
3.1919192 0.0
3.23232324 0.0
3.27272728 0.0
3.31313132 0.0
3.35353536 0.0
3.3939394 0.0
3.43434344 0.0
3.47474748 0.0
3.51515152 0.0
3.55555556 0.0
3.5959596 0.0
3.63636364 0.0
3.67676768 0.0
3.71717172 0.0
3.75757576 0.0
3.7979798 0.0
3.83838384 0.0
3.87878788 0.0
3.91919192 0.0