0.0 0.0 
0.1609638 0.20420194837189318 
0.3219275 0.22495034829267135 
0.4828913 0.3781152501530426 
0.6438551 0.35762420971575 
0.8048189 0.27692396093346416 
0.9657826 0.2726290700250379 
1.126746 0.2893708588463631 
1.28771 0.2679313804321458 
1.448674 0.15800701336092196 
1.609638 0.32783900727807475 
1.770602 0.26794487084554913 
1.931565 0.16856383297615016 
2.092529 0.07781262926347228 
2.253493 0.04172428965995524 
2.414457 -0.029422842629429787 
2.57542 0.03335327876963693 
2.736384 -0.019293271977317835 
2.897348 0.41213024335649034 
3.058312 0.11034385207872023 
3.219275 -0.09290775752267541 
3.380239 0.6490678486733276 
3.541203 0.1854770820267138 
3.702167 -0.24713587147639532 
3.863131 0.7492996604325178 
4.024095 -0.00040009730545838355 
4.185058 -0.24914739395498942 
4.346022 0.4795843701036227 
4.506986 -0.6481641469836138 
4.66795 0.606203290707765 
4.828913 -0.7666296649344472 
4.989877 0.5812624652807469 
5.150841 -0.55643748790278 
5.311805 0.35419271892566967 
5.472768 -0.2534758096660179 
5.633732 0.4713713825980273 
5.794696 0.07500721061738222 
5.95566 0.4201833166977819 
6.116623 0.4949160733070162 
6.277587 0.18790966030846493 
6.438551 0.8597234444521366 
6.599515 -0.5115267235614417 
6.760478 1.0722778559484465 
6.921442 -0.8624483137968642 
7.082406 0.27483488338210044 
7.24337 -0.5428736783226803 
7.404334 0.03583242344125007 
7.565297 -0.6115980151506076 
7.726261 0.20521433340234338 
7.887225 -0.3305959858196979 
8.048189 0.2924410043403582 
8.209152 -0.21216245924379412 
8.370116 0.719011660691167 
8.53108 -0.1343490034663908 
8.692043 0.4908669031010804 
8.853007 0.2602759752903553 
9.013971 -0.5465996105252259 
9.174935 0.942040914772209 
9.335899 -0.5725826155579096 
9.496862 -0.37758109911810084 
9.657826 0.1737912681981251 
9.81879 -0.703049808690798 
9.979753 -0.20656531754763208 
10.14072 -0.22240883326326333 
10.30168 -0.40890953087145454 
10.46265 -0.19227796623258106 
10.62361 -0.18685019227651697 
10.78457 -0.10974443865895421 
10.94554 -0.16779278240214315 
11.1065 -0.08772734173243922 
11.26746 -0.03018013748684141 
11.42843 0.08964705916203937 
11.58939 -0.2346765667684003 
11.75036 -0.1058443702672733 
11.91132 0.22573166237138353 
12.07228 -0.446499001541733 
12.23325 0.19682758746044157 
12.39421 -0.36168296132228456 
12.55517 -0.2507471283713438 
12.71614 0.2421372307937034 
12.8771 -0.4969377609050393 
13.03807 -0.21533513613927224 
13.19903 0.06624975408906872 
13.35999 -0.45799007521214896 
13.52096 -0.003376500838528293 
13.68192 -0.41771257430764314 
13.84288 -0.034474331179000596 
14.00385 -0.07889806261868981 
14.16481 0.13402414538034327 
14.32578 0.18158427899657345 
14.48674 0.05162355265634292 
14.6477 0.23291793500961505 
14.80867 0.24938869063673136 
14.96963 0.2590010903925472 
15.13059 -0.11378203793090845 
15.29156 0.6686125367538477 
15.45252 0.014261965175404194 
15.61349 -0.19378320006194943 
15.77445 0.10241724466848906 
15.93541 0.7736918535756034 
16.09638 0.5190696958246354 
16.25734 -0.6415320408675942 
16.4183 0.5983335401915889 
16.57927 -0.5546938363342061 
16.74023 1.2084785614699418 
16.9012 -0.17507864222462274 
17.06216 0.6194175822566489 
17.22312 -0.8491783894276108 
17.38409 1.3538494379444415 
17.54505 -0.8901335652796736 
17.70601 -0.5900206406321936 
17.86698 0.7190445377256853 
18.02794 1.4115596484916324 
18.18891 0.22230876960712254 
18.34987 -0.9422425304507065 
18.51083 1.3788142941914123 
18.6718 -0.9042628521987416 
18.83276 1.5716250783142554 
18.99372 -1.5580941616350457 
19.15469 0.977774915422725 
19.31565 -0.060225987005331244 
19.47662 1.604575123969801 
19.63758 -1.0721595600548273 
19.79854 -0.8627520932354318 
19.95951 1.8267050583716833 
20.12047 -2.141704066232286 
20.28144 3.3900264829601774 
20.4424 -0.3716258884054378 
20.60336 -1.8995025390982578 
20.76433 1.8404798368704156 
20.92529 -1.3152054421332577 
21.08625 -0.4286983220131916 
21.24722 1.4151968925675151 
21.40818 0.22375367603704668 
21.56915 2.085546991368539 
21.73011 -3.561541693204054 
21.89107 2.0892362848572317 
22.05204 0.394108446813111 
22.213 -1.809593794522929 
22.37396 2.135177262537357 
22.53493 -1.2720495322505552 
22.69589 0.988626175980672 
22.85686 0.4567690365642078 
23.01782 -1.6297170334984017 
23.17878 1.7740804877433132 
23.33975 -0.6748021947675644 
23.50071 -0.11713642327046606 
23.66167 -0.9758528518973403 
23.82264 4.094048914653239 
23.9836 -4.03776675749333 
24.14457 2.2256519690669823 
24.30553 -1.0748150122066054 
24.46649 1.6890553119919234 
24.62746 -1.372791714538622 
24.78842 -0.09053162690366391 
24.94938 1.2784907527371279 
25.11035 -1.8739949750633524 
25.27131 2.416452387930238 
25.43228 -2.1009217944787975 
25.59324 1.8876968986672398 
25.7542 -1.337554896620304 
25.91517 2.8867877337901016 
26.07613 -2.864612595623353 
26.23709 3.132458976107416 
26.39806 -2.5155660505080055 
26.55902 3.348446678540531 
26.71999 -3.232507861586729 
26.88095 4.644522662944957 
27.04191 -1.7735729675863752 
27.20288 3.7385268712505346 
27.36384 -1.7123845860508233 
27.52481 0.14941985012618594 
27.68577 0.6183216667181936 
27.84673 2.2516294155935754 
28.0077 -1.4311249508141533 
28.16866 1.6758339951818029 
28.32962 -0.12422485966067012 
28.49059 -0.27125375258997925 
28.65155 2.2034136768774073 
28.81252 -0.2508862670985429 
28.97348 -0.1780569039271514 
29.13444 0.3934381282500538 
29.29541 -0.6558671540032622 
29.45637 2.690149272774623 
29.61733 -2.0678561057066243 
29.7783 1.8214368052787977 
29.93926 -0.26940028201446853 
30.10023 -0.4509379515505759 
30.26119 1.2576468436024755 
30.42215 0.17212766675034805 
30.58312 -1.5493341562606464 
30.74408 1.084070104074893 
30.90504 0.7916512217444365 
31.06601 -0.7028656722358687 
31.22697 0.2284719660910283 
31.38794 0.8569873138013361 
31.5489 -2.107167973338737 
31.70986 0.627609655801433 
31.87083 1.4134288234754726 
32.03179 -1.4981886400611957 
32.19276 0.2824741431716865 
32.35372 -0.03279873228645622 
32.51468 -0.4908291179622728 
32.67565 0.4248913733675808 
32.83661 -1.60684957853729 
32.99757 0.7946527179511235 
33.15854 0.17350400661839108 
33.3195 -0.7454019555988813 
33.48046 -1.5621034660618358 
33.64143 0.6836232515411363 
33.80239 0.19059439875809758 
33.96336 -0.07796138436027866 
34.12432 -2.727701757028068 
34.28528 2.275487820537998 
34.44625 -0.9579399115358878 
34.60721 -0.2598006037756752 
34.76817 -0.9855973061656004 
34.92914 -0.7210759520365998 
35.0901 0.030949541401555702 
35.25107 -1.5929798502418338 
35.41203 1.3705148628140238 
35.57299 -1.834643891502434 
35.73396 0.07642526429091678 
35.89492 -1.6238577482351233 
36.05589 -0.4142359252042925 
36.21685 -0.9069419160183012 
36.37781 -2.0599615240578273 
36.53878 2.1463228108330727 
36.69974 -1.9685732657853567 
36.8607 -2.2407589919291397 
37.02167 0.6576614658105363 
37.18263 -2.1983823991893954 
37.3436 0.6154651197341072 
37.50456 -1.8638501130456107 
37.66552 -0.4490382168264387 
37.82649 -1.4190425784598533 
37.98745 0.8207798791471989 
38.14841 -2.611601007792583 
38.30938 0.39561102476286236 
38.47034 -0.4575202904265974 
38.63131 -1.2167043883898798 
38.79227 -1.3974815785821526 
38.95323 -0.19332860262622167 
39.1142 0.17559659468996125 
39.27516 -1.0951758039235282 
39.43612 -0.1770361172513639 
39.59709 -0.958281439959597 
39.75805 -0.4532369727844967 
39.91901 0.4745110364630439 
40.07998 -1.6351878551691585 
40.24094 0.5217841782945103 
40.40191 -1.1817195774776326 
40.56287 -0.09009325863231436 
40.72383 -0.02774585562834514 
40.8848 -1.3234804387623351 
41.04576 1.062113148993801 
41.20673 -0.8593578121676071 
41.36769 0.35759319207897144 
41.52865 -1.6225582971603782 
41.68962 -0.4448659898873407 
41.85058 0.5059121079099039 
42.01154 0.8381084952386935 
42.17251 0.9792999280169047 
42.33347 1.3307759580675687 
42.49444 0.3470908972456357 
42.6554 -0.005255965241654708 
42.81636 0.14916152046935516 
42.97733 0.05827843838959853 
43.13829 -0.008590644475995137 
43.29926 0.12474374975436668 
43.46022 0.03814524889073728 
43.62118 -0.04132642806624192 
43.78215 0.0885456579618672 
43.94311 0.04363196755421145 
44.10407 0.0632318836716256 
44.26504 -0.07807765148037821 
44.426 0.17954245901077392 
44.58696 -0.09734632572696374 
44.74793 0.1029784708270807 
44.90889 -0.05588070851070849 
45.06985 0.0954152565562886 
45.23082 -0.05918864885837192 
45.39178 0.11326322963489073 
45.55275 -0.09855123625068497 
45.71371 0.12713770022299456 
45.87468 -0.09214597825970236 
46.03564 0.11574229589048433 
46.1966 -0.11342245399650538 
46.35757 0.09016790570421447 
46.51853 -0.025944066410130355 
46.67949 -0.12233012680643492 
46.84046 -0.1019648174174363 
47.00142 -0.003204637068693922 
47.16238 0.10962376512620321 
47.32335 -0.2868704671720665 
47.48431 0.11308209911314616 
47.64528 -0.012866232736621654 
47.80624 -0.17674735132281014 
47.96721 0.2472132324655101 
48.12817 -0.3739309869389786 
48.28913 0.28570287700359603 
48.4501 -0.3648771434184246 
48.61106 0.16809769288356827 
48.77202 -0.09810400037596605 
48.93299 0.12158800275919623 
49.09395 -0.25196261138514725 
49.25491 -0.024239864671194888 
49.41588 0.030047119921048665 
49.57684 -0.046665049536014115 
49.7378 0.02938812044518273 
49.89877 -0.22682606754020312 
50.05973 0.15115457594613993 
50.2207 -0.042204479233473355 
50.38166 -0.020339447511201588 
50.54263 0.003538135356442896 
50.70359 -0.027388654237943795 
50.86455 0.07950092619088059 
51.02552 -0.020303710753610725 
51.18648 0.0363594986526805 
51.34744 0.007483629456760426 
51.50841 -0.008440389912064155 
51.66937 -0.01606712724535428 
51.83033 0.0878678067946953 
51.9913 0.04722866339788939 
52.15226 -0.094819672004107 
52.31322 0.209875335333142 
52.47419 0.34089433141690706 
52.63515 0.31212722719624336 
52.79612 1.0941326545622403 
52.95708 0.24860624946625748 
53.11805 0.05469004156956145 
53.27901 0.015886407825027926 
53.43997 -0.046545517046566315 
53.60094 -0.06264163951833991 
53.7619 0.08157746020914926 
53.92286 0.01223770485782448 
54.08383 0.02464116571287899 
54.24479 0.0007897148692651028 
54.40575 -0.009136690254627553 
54.56672 -0.0036981963245181545 
54.72768 -0.08774277794500292 
54.88865 0.09701779631633894 
55.04961 0.041200985578455085 
55.21058 0.02859913027038613 
55.37154 -0.0232898608447378 
55.5325 -0.0417707824697072 
55.69347 -0.5855017671734474 
55.85443 0.6455367444883472 
56.01539 0.009056230003942496 
56.17636 0.04893830601103241 
56.33732 0.005321656083491946 
56.49828 -0.021577210738001354 
56.65925 -0.012045887680476161 
56.82021 -0.002449210656844069 
56.98117 0.032380669223133485 
57.14214 0.028805252684247867 
57.3031 0.024473323774782684 
57.46407 -0.026642035372420065 
57.62503 3.618929230631531e-05 
57.786 -0.015170761008366474 
57.94696 -0.006382291276096123 
58.10792 0.046087811562894904 
58.26889 0.021402754918978292 
58.42985 0.0324674398587855 
58.59081 -0.056827808706999015 
58.75178 -0.0016172772025879834 
58.91274 -0.00700952179784106 
59.0737 -0.005434272658025457 
59.23467 0.06387098296104637 
59.39563 0.01797307428351789 
59.55659 -0.031022533124766178 
59.71756 -0.016320724409630526 
59.87852 -0.010517493592620915 
60.03949 -0.008543119401375157 
60.20045 0.005641644759106679 
60.36142 0.09035528443217622 
60.52238 0.011636141515224397 
60.68334 -0.05697381207858039 
60.84431 0.0033505098906175695 
61.00527 -0.005988804567941097 
61.16623 -0.007048886510439385 
61.3272 -0.000971165861448705 
61.48816 0.06785183657470828 
61.64912 -0.016912274514292593 
61.81009 -0.07759253169924164 
61.97105 -0.030630896199893884 
62.13202 0.009029138167833711 
62.29298 0.006106410688700226 
62.45395 -0.012382460060388336 
62.61491 0.004776610999790263 
62.77587 0.0169031971188683 
62.93684 0.0262247903578267 
63.0978 0.006199357014650369 
