0.0 0.159284366464419
0.176969695 0.1502043978440817
0.35393939 0.1312410734763661
0.530909086 0.1159926815537626
0.707878781 0.10523361429077796
0.884848476 0.09314827411855459
1.061818171 0.08024977325326794
1.238787866 0.06872804205500341
1.415757562 0.05782660651362579
1.592727257 0.04793347720022513
1.769696952 0.038808875961720134
1.946666647 0.0284980895936275
2.123636342 0.0207769724359391
2.300606038 0.011620118429557288
2.477575733 0.004376602864828017
2.654545428 -0.004049839974148001
2.831515123 -0.010142029461434098
3.008484818 -0.01694964398157163
3.185454514 -0.023559832468043183
3.362424209 -0.028925520214344854
3.539393904 -0.03559435009695246
3.716363599 -0.039403108775879915
3.893333294 -0.04520469756677152
4.07030299 -0.04894406392694216
4.247272685 -0.053172434373764135
4.42424238 -0.05803087404349028
4.601212075 -0.060170959216864155
4.77818177 -0.06382953076458213
4.955151466 -0.06684435009695008
5.132121161 -0.07277788202915232
5.309090856 -0.07733920529179496
5.486060551 -0.07064235785326038
5.663030246 -0.06448370811700999
5.839999942 -0.0721904907112028
6.016969637 -0.06268015940034602
6.193939332 -0.05250131617355859
6.370909027 -0.04693852817914293
6.547878722 -0.04184845499468682
6.724848418 -0.027904182564998003
6.901818113 -0.01950347678322244
7.078787808 -0.018867869206229175
7.255757503 -0.013392065949415864
7.432727198 -0.0001035997998370917
7.609696894 0.008286680844853404
7.786666589 0.07551285158774657
7.963636284 0.08013802881507863
8.140605979 0.0971326312003513
8.317575674 0.08160960207251823
8.49454537 0.08342357592627087
8.671515065 0.09494856497988353
8.848484935 0.07716621317320103
9.02545463 0.0862461817935425
9.202424326 0.09743333124830238
9.379394021 0.07799175371656954
9.556363716 0.09853578949562676
9.733333411 0.0758855502387402
9.910303106 0.09073876430849251
10.0872728 0.08757962198453627
10.2642425 0.07608818884093606
10.44121219 0.1254925877275203
10.61818189 0.06640323648381763
10.79515158 0.08903295125205168
10.97212128 0.08810055305352509
11.14909097 0.07688994704030935
11.32606067 -0.036713423406522436
11.50303036 -0.06725060465795256
11.68000006 -0.10357634327891796
11.85696975 -0.22441312993890072
12.03393945 -0.2911981870686614
12.21090914 -0.2732649965597089
12.38787884 -0.3117963032463872
12.56484853 -0.19687480452867887
12.74181823 -0.327421303246386
12.91878792 -0.2801420033985942
13.09575762 -0.28040295761139034
13.27272732 -0.3079093560392856
13.44969701 -0.22931164122933556
13.62666671 -0.3019653989699911
13.8036364 -0.28440295239882507
13.9806061 -0.2814128927670414
14.15757579 -0.28163116907487207
14.33454549 -0.28180644169220515
14.51151518 -0.28196737974604624
14.68848488 -0.2822361528116635
14.86545457 -0.17916379975396388
15.04242427 0.9508734961739754
15.21939396 1.2613363592293725
15.39636366 1.0477513630866766
15.57333335 0.11031586862242164
15.75030305 1.2705635827848888e-05
15.92727274 -1.1317691718271072
16.10424244 -2.3270701064406527
16.28121213 -1.2497950808990608
16.45818183 -0.15515829267530268
16.63515152 0.18412518765247016
16.81212122 0.45929374908780074
16.98909091 0.5364863508892637
17.16606061 0.6011248071349639