0.0 0.0
0.0 0.0
3.5575162999999997e-05 0.004654828871801376
7.115032599999999e-05 0.009309657743602751
0.00010672548899999999 0.013964486615404127
0.00014230065199999999 0.018619315487205503
0.00017787581499999997 0.023274144359006876
0.00021345097799999995 0.02792897323080825
0.00024902614099999994 0.032583802102609624
0.0002846013039999999 0.037238630974411
0.0003201764669999999 0.04189345984621237
0.0003557516299999999 0.046548288718013746
0.00039132679299999987 0.05120311758981512
0.00042690195599999985 0.055857946461616494
0.00046247711899999983 0.06051277533341787
0.0004980522819999999 0.06516760420521925
0.0005336274449999999 0.06982243307702063
0.0005692026079999999 0.07447726194882201
0.000604777771 0.07913209082062339
0.000640352934 0.08378691969242477
0.0006759280970000001 0.08844174856422615
0.00071150326 0.09309657743602752
0.000747078422 0.09537316855943767
0.0007826535840000001 0.09764975968284782
0.0008182287460000001 0.09992635080625797
0.0008538039080000002 0.10220294192966813
0.0008893790700000002 0.10447953305307828
0.0009249542320000002 0.10675612417648843
0.0009605293940000003 0.10903271529989858
0.0009961045560000002 0.11130930642330873
0.0010316797180000001 0.11358589754671888
0.00106725488 0.11586248867012904
0.001102830042 0.11813907979353919
0.001138405204 0.12041567091694934
0.0011739803659999999 0.12269226204035949
0.0012095555279999998 0.12496885316376964
0.0012451306899999997 0.1272454442871798
0.0012807058519999997 0.12952203541058993
0.0013162810139999996 0.13179862653400007
0.0013518561759999995 0.1340752176574102
0.0013874313379999995 0.13635180878082034
0.0014230065 0.1386283999042306
0.00145858167 0.13901021597187146
0.0014941568399999999 0.13939203203951234
0.0015297320099999998 0.1397738481071532
0.0015653071799999997 0.14015566417479408
0.0016008823499999996 0.14053748024243495
0.0016364575199999995 0.14091929631007583
0.0016720326899999994 0.1413011123777167
0.0017076078599999993 0.14168292844535757
0.0017431830299999992 0.14206474451299844
0.001778758199999999 0.14244656058063931
0.001814333369999999 0.1428283766482802
0.0018499085399999989 0.14321019271592106
0.0018854837099999988 0.14359200878356193
0.0019210588799999987 0.1439738248512028
0.0019566340499999986 0.14435564091884368
0.0019922092199999987 0.14473745698648455
0.002027784389999999 0.14511927305412542
0.002063359559999999 0.1455010891217663
0.002098934729999999 0.14588290518940716
0.0021345099 0.14626472125704804
0.00217008506 0.14605198247259651
0.0022056602200000003 0.145839243688145
0.0022412353800000005 0.14562650490369347
0.0022768105400000006 0.14541376611924195
0.002312385700000001 0.14520102733479043
0.002347960860000001 0.1449882885503389
0.002383536020000001 0.14477554976588738
0.0024191111800000013 0.14456281098143586
0.0024546863400000014 0.14435007219698434
0.0024902615000000016 0.14413733341253282
0.0025258366600000018 0.1439245946280813
0.002561411820000002 0.14371185584362978
0.002596986980000002 0.14349911705917825
0.0026325621400000022 0.14328637827472673
0.0026681373000000024 0.1430736394902752
0.0027037124600000025 0.1428609007058237
0.0027392876200000027 0.14264816192137217
0.002774862780000003 0.14243542313692065
0.002810437940000003 0.14222268435246913
0.0028460131 0.1420099455680174
0.0028815882600000003 0.14179921718942265
0.0029171634200000005 0.1415884888108279
0.0029527385800000006 0.14137776043223313
0.0029883137400000008 0.14116703205363837
0.003023888900000001 0.1409563036750436
0.003059464060000001 0.14074557529644885
0.0030950392200000012 0.1405348469178541
0.0031306143800000014 0.14032411853925933
0.0031661895400000016 0.14011339016066457
0.0032017647000000017 0.1399026617820698
0.003237339860000002 0.13969193340347505
0.003272915020000002 0.1394812050248803
0.003308490180000002 0.13927047664628553
0.0033440653400000023 0.13905974826769077
0.0033796405000000025 0.138849019889096
0.0034152156600000027 0.13863829151050125
0.003450790820000003 0.1384275631319065
0.003486365980000003 0.13821683475331173
0.003521941140000003 0.13800610637471697
0.0035575163 0.13779537799612213
0.00359309147 0.13754979820985253
0.00362866664 0.13730421842358292
0.00366424181 0.13705863863731332
0.0036998169800000003 0.13681305885104372
0.0037353921500000004 0.13656747906477412
0.0037709673200000005 0.13632189927850452
0.0038065424900000006 0.13607631949223492
0.0038421176600000008 0.13583073970596532
0.003877692830000001 0.13558515991969572
0.003913268000000001 0.13533958013342612
0.003948843170000001 0.13509400034715652
0.00398441834 0.13484842056088692
0.00401999351 0.13460284077461732
0.00405556868 0.13435726098834772
0.004091143849999999 0.13411168120207811
0.004126719019999999 0.1338661014158085
0.004162294189999999 0.1336205216295389
0.0041978693599999985 0.1333749418432693
0.004233444529999998 0.1331293620569997
0.0042690197 0.13288378227073025
0.004304594849999999 0.13333477844819805
0.004340169999999999 0.13378577462566585
0.004375745149999999 0.13423677080313365
0.004411320299999999 0.13468776698060145
0.004446895449999998 0.13513876315806925
0.004482470599999998 0.13558975933553705
0.004518045749999998 0.13604075551300485
0.004553620899999998 0.13649175169047265
0.0045891960499999974 0.13694274786794045
0.004624771199999997 0.13739374404540824
0.004660346349999997 0.13784474022287604
0.004695921499999997 0.13829573640034384
0.0047314966499999965 0.13874673257781164
0.004767071799999996 0.13919772875527944
0.004802646949999996 0.13964872493274724
0.004838222099999996 0.14009972111021504
0.0048737972499999956 0.14055071728768284
0.004909372399999995 0.14100171346515064
0.004944947549999995 0.14145270964261844
0.0049805227 0.14190370582008643
0.00501609787 0.14094030311431682
0.005051673039999999 0.1399769004085472
0.005087248209999999 0.1390134977027776
0.005122823379999999 0.138050094997008
0.0051583985499999985 0.13708669229123838
0.005193973719999998 0.13612328958546877
0.005229548889999998 0.13515988687969915
0.0052651240599999975 0.13419648417392954
0.005300699229999997 0.13323308146815993
0.005336274399999997 0.13226967876239032
0.005371849569999997 0.1313062760566207
0.005407424739999996 0.1303428733508511
0.005442999909999996 0.12937947064508148
0.005478575079999996 0.12841606793931187
0.005514150249999995 0.12745266523354226
0.005549725419999995 0.12648926252777265
0.005585300589999995 0.12552585982200304
0.005620875759999994 0.12456245711623343
0.005656450929999994 0.12359905441046382
0.0056920261 0.12263565170469391
0.005727601275 0.12201358766893712
0.00576317645 0.12139152363318033
0.005798751625 0.12076945959742354
0.0058343268 0.12014739556166674
0.005869901975 0.11952533152590995
0.00590547715 0.11890326749015316
0.0059410523250000005 0.11828120345439637
0.005976627500000001 0.11765913941863958
0.006012202675000001 0.11703707538288279
0.006047777850000001 0.116415011347126
0.006083353025000001 0.1157929473113692
0.006118928200000001 0.11517088327561241
0.006154503375000001 0.11454881923985562
0.006190078550000001 0.11392675520409883
0.006225653725000001 0.11330469116834203
0.006261228900000001 0.11268262713258524
0.0062968040750000015 0.11206056309682845
0.0063323792500000016 0.11143849906107166
0.006367954425000002 0.11081643502531487
0.0064035296 0.11019437098955812
0.006439104745 0.11006878149520788
0.0064746798900000005 0.10994319200085764
0.006510255035000001 0.1098176025065074
0.006545830180000001 0.10969201301215717
0.006581405325000001 0.10956642351780693
0.006616980470000001 0.1094408340234567
0.0066525556150000015 0.10931524452910646
0.006688130760000002 0.10918965503475622
0.006723705905000002 0.10906406554040599
0.006759281050000002 0.10893847604605575
0.006794856195000002 0.10881288655170551
0.006830431340000003 0.10868729705735528
0.006866006485000003 0.10856170756300504
0.006901581630000003 0.1084361180686548
0.006937156775000003 0.10831052857430457
0.0069727319200000035 0.10818493907995433
0.007008307065000004 0.10805934958560409
0.007043882210000004 0.10793376009125386
0.007079457355000004 0.10780817059690362
0.0071150325 0.10768258110255337
0.007150607675 0.10758142973169828
0.00718618285 0.10748027836084319
0.007221758025 0.1073791269899881
0.0072573332 0.107277975619133
0.0072929083750000005 0.10717682424827792
0.007328483550000001 0.10707567287742283
0.007364058725000001 0.10697452150656774
0.007399633900000001 0.10687337013571264
0.007435209075000001 0.10677221876485755
0.007470784250000001 0.10667106739400246
0.007506359425000001 0.10656991602314737
0.007541934600000001 0.10646876465229228
0.007577509775000001 0.10636761328143719
0.007613084950000001 0.1062664619105821
0.0076486601250000015 0.10616531053972701
0.007684235300000002 0.10606415916887192
0.007719810475000002 0.10596300779801683
0.007755385650000002 0.10586185642716174
0.007790960825000002 0.10576070505630665
0.007826536 0.10565955368545162
0.00786211117 0.1055084924910129
0.00789768634 0.1053574312965742
0.00793326151 0.10520637010213549
0.007968836679999999 0.10505530890769678
0.008004411849999999 0.10490424771325807
0.008039987019999998 0.10475318651881936
0.008075562189999998 0.10460212532438065
0.008111137359999998 0.10445106412994194
0.008146712529999997 0.10430000293550323
0.008182287699999997 0.10414894174106452
0.008217862869999997 0.10399788054662581
0.008253438039999996 0.1038468193521871
0.008289013209999996 0.1036957581577484
0.008324588379999996 0.10354469696330969
0.008360163549999996 0.10339363576887098
0.008395738719999995 0.10324257457443227
0.008431313889999995 0.10309151337999356
0.008466889059999995 0.10294045218555485
0.008502464229999994 0.10278939099111614
0.0085380394 0.10263832979667746
0.008573614569999999 0.10251675534986358
0.008609189739999999 0.1023951809030497
0.008644764909999998 0.10227360645623583
0.008680340079999998 0.10215203200942195
0.008715915249999998 0.10203045756260808
0.008751490419999997 0.1019088831157942
0.008787065589999997 0.10178730866898032
0.008822640759999997 0.10166573422216645
0.008858215929999996 0.10154415977535257
0.008893791099999996 0.10142258532853869
0.008929366269999996 0.10130101088172482
0.008964941439999995 0.10117943643491094
0.009000516609999995 0.10105786198809706
0.009036091779999995 0.10093628754128318
0.009071666949999994 0.10081471309446931
0.009107242119999994 0.10069313864765543
0.009142817289999994 0.10057156420084155
0.009178392459999993 0.10044998975402768
0.009213967629999993 0.1003284153072138
0.0092495428 0.10020684086039987
0.009285117925 0.10102735160211432
0.009320693049999999 0.10184786234382877
0.009356268174999998 0.10266837308554322
0.009391843299999997 0.10348888382725767
0.009427418424999997 0.10430939456897212
0.009462993549999996 0.10512990531068657
0.009498568674999996 0.10595041605240102
0.009534143799999995 0.10677092679411547
0.009569718924999995 0.10759143753582992
0.009605294049999994 0.10841194827754437
0.009640869174999993 0.10923245901925882
0.009676444299999993 0.11005296976097327
0.009712019424999992 0.11087348050268772
0.009747594549999992 0.11169399124440217
0.009783169674999991 0.11251450198611662
0.00981874479999999 0.11333501272783107
0.00985431992499999 0.11415552346954552
0.00988989504999999 0.11497603421125997
0.009925470174999989 0.11579654495297442
0.0099610453 0.11661705569468923
0.009996620485 0.11515840085059952
0.010032195669999999 0.1136997460065098
0.010067770854999998 0.11224109116242008
0.010103346039999997 0.11078243631833036
0.010138921224999996 0.10932378147424064
0.010174496409999996 0.10786512663015092
0.010210071594999995 0.1064064717860612
0.010245646779999994 0.10494781694197149
0.010281221964999993 0.10348916209788177
0.010316797149999992 0.10203050725379205
0.010352372334999992 0.10057185240970233
0.01038794751999999 0.09911319756561261
0.01042352270499999 0.0976545427215229
0.01045909788999999 0.09619588787743318
0.010494673074999988 0.09473723303334346
0.010530248259999988 0.09327857818925374
0.010565823444999987 0.09181992334516402
0.010601398629999986 0.0903612685010743
0.010636973814999985 0.08890261365698458
0.010672549 0.08744395881289412
0.01070812415 0.08713062609327125
0.0107436993 0.0868172933736484
0.01077927445 0.08650396065402553
0.010814849599999999 0.08619062793440267
0.010850424749999999 0.08587729521477981
0.010885999899999999 0.08556396249515695
0.010921575049999998 0.08525062977553409
0.010957150199999998 0.08493729705591123
0.010992725349999998 0.08462396433628837
0.011028300499999998 0.08431063161666551
0.011063875649999997 0.08399729889704265
0.011099450799999997 0.08368396617741979
0.011135025949999997 0.08337063345779692
0.011170601099999997 0.08305730073817406
0.011206176249999996 0.0827439680185512
0.011241751399999996 0.08243063529892834
0.011277326549999996 0.08211730257930548
0.011312901699999996 0.08180396985968262
0.011348476849999995 0.08149063714005976