0.0 0.0
0.00071150326 0.09309657743602752
0.0014230065 0.1386283999042306
0.0021345099 0.14626472125704804
0.0028460131 0.1420099455680174
0.0035575163 0.13779537799612213
0.0042690197 0.13288378227073025
0.0049805227 0.14190370582008643
0.0056920261 0.12263565170469391
0.0064035296 0.11019437098955812
0.0071150325 0.10768258110255337
0.007826536 0.10565955368545162
0.0085380394 0.10263832979667746
0.0092495428 0.10020684086039987
0.0099610453 0.11661705569468923
0.010672549 0.08744395881289412
0.011384052 0.0811773044204368
0.012095556 0.07801356622059588
0.012807059 0.07739322149974587
0.013518562 0.07481882072294775
0.014230065 0.06399230467046475
0.014941568 0.05712100797080053
0.015653072 0.06772908158553062
0.016364574 0.056514775545744925
0.017076079 0.05278396157257801
0.017787581 0.050414685996629086
0.018499086 0.04958782472181732
0.019210588 0.04864965519845856
0.019922091 0.04876891403616824
0.020633595 0.03953827999704886
0.021345098 0.027016102036994324
0.022056602 0.016439830778982326
0.022768104 0.01783317153295882
0.023479607 0.02706380557207146
0.024191111 0.03414181759045377
0.024902614 0.022408735606610792
0.025614118 0.011089084260197269
0.026325621 0.020969678964837736
0.027037123 0.008069848018713785
0.027748628 0.0019240425817879099
0.02846013 -0.0045556876006981155
0.029171634 -0.014152048742163074
0.029883137 -0.007513306776019254
0.030594639 -0.012985299779855165
0.031306144 0.010021717662631708
0.032017648 0.007570948547593521
0.032729149 -0.0027846938606387434
0.033440653 -0.013456372188818481
0.034152158 -0.022200032640608762
0.034863658 -0.03661047553114504
0.035575163 -0.027079706750443973
0.036286667 -0.017238864991684283
0.036998171 -0.021973440848940175
0.037709672 -0.03406827464052719
0.038421176 -0.03663830259328852
0.039132681 -0.02686305319525232
0.039844181 -0.019898337072724502
0.040555686 -0.028254406301928037
0.04126719 -0.04672561261665718
0.041978691 -0.026290610774205476
0.042690195 -0.02853466457059628
0.0434017 -0.03872930754785651
0.044113204 -0.05014039066990357
0.044824705 -0.06406584762038459
0.045536209 -0.038152889832275466
0.046247713 -0.0679258586677381
0.046959214 -0.04904320936294763
0.047670718 -0.03755460799637245
0.048382223 -0.03636003197193452
0.049093727 -0.04588682545807445
0.049805228 -0.062102052092688965
0.050516732 -0.0756776831192306
0.051228236 -0.061477930841970174
0.051939737 -0.04684487145435339
0.052651241 -0.043080267477194546
0.053362746 -0.049532170597564026
0.054074246 -0.06370807110721516
0.054785751 -0.07665958088309187
0.055497255 -0.04973689826896451
0.05620876 -0.06775492100035649
0.05692026 -0.07514499364410493
0.057631765 -0.07365425817264645
0.058343269 -0.06043640365927426
0.05905477 -0.05445159765328002
0.059766274 -0.06992145655219223
0.060477778 -0.075451091327562
0.061189279 -0.06264666745159232
0.061900783 -0.08337584109372341
0.062612288 -0.06319923339964491
0.063323788 -0.04767968331836152
0.064035296 -0.03985829121159788
0.064746797 -0.039075158177248236
0.065458298 -0.07562401664225787
0.066169806 -0.08328639696544451
0.066881306 -0.06428250117553584
0.067592807 -0.029460908210170597
0.068304315 -0.012275709695445565
0.069015816 -0.019425277016433477
0.069727316 -0.043008712174528334
0.070438825 -0.05298868924400543
0.071150325 -0.0484051745811369
0.071861833 -0.04046452363665012
0.072573334 -0.04995156417682846
0.073284835 -0.025048331214683684
0.073996343 -0.0021565973153722827
0.074707843 -0.0039315663499658576
0.075419344 -0.022011206147587524
0.076130852 -0.0310808407557618
0.076842353 -0.011423009005770887
0.077553853 -0.027536865628382687
0.078265361 -0.013072756260806343
0.078976862 0.009689780564318457
0.079688363 0.020506557145064046
0.080399871 0.004829982927437101
0.081111372 -0.012293598521085181
0.081822872 -0.012088870849684696
0.08253438 0.020810667181206877
0.083245881 0.045036112415714015
0.083957382 0.07081788548234924
0.08466889 0.09522023132607296
0.08538039 0.1035027576054038
0.086091898 0.07605732375258731
0.086803399 0.0671626021063962
0.0875149 0.06694197325661647
0.088226408 0.0658626807752732
0.088937908 0.08305384223191402
0.089649409 0.10853945585150175
0.090360917 0.11275923105936589
0.091072418 0.05974271475323044
0.091783918 0.057355550351614965
0.092495427 0.0670473185632746
0.093206927 0.05504192889997994
0.093918428 0.07790782338447558
0.094629936 0.11372920293942253
0.095341437 0.10888331883363311
0.096052937 0.04620882431988384
0.096764445 0.07244974391171814
0.097475946 0.10874617117027036
0.098187454 0.06604951962103407
0.098898955 0.07400010880203818
0.099610455 0.10969825422466044
0.100322 0.11595934320469445
0.1010335 0.091392022635451
0.101745 0.06992543184676685
0.1024565 0.061358672004247036
0.103168 0.041959234402683204
0.1038795 0.044861199453703905
0.104591 0.06507557244637588
0.1053025 0.0876751221933491
0.106014 0.10383469470367665
0.1067255 0.11748983162200675
0.107437 0.09530768780711843
0.1081485 0.07014407304923233
0.10886 0.0015304884173392508
0.1095715 0.02568040305457863
0.110283 0.17960380959850036
0.1109945 0.23082548039700757
0.111706 -0.05201672971655373
0.1124175 0.04062751071477477
0.113129 0.08729746920725275
0.1138405 0.007095900844069067
0.114552 0.01260168385182956
0.1152635 0.16759841993517877
0.115975 0.24805838244684342
0.1166865 0.0682558081187506
0.117398 0.08930499297540376
0.1181095 -0.004193935792967547
0.118821 -0.04207849324032553
0.1195325 -0.013655136918410927
0.120244 0.04601403488502762
0.1209556 0.05460067120039354
0.1216671 -0.0719329556150256
0.1223786 -0.026018303094686453
0.1230901 -0.1160189726236099
0.1238016 -0.17179235572814633
0.1245131 -0.13267545695775693
0.1252246 -0.061954966192781936
0.1259361 -0.11721156100073357
0.1266476 -0.24269173474957134
0.1273591 -0.38113136886356974
0.1280706 -0.20576124800394463
0.1287821 -0.2326739923815816
0.1294936 -0.20812654828526506
0.1302051 -0.20880234836569622
0.1309166 -0.4313592160143841
0.1316281 -0.09570521726616864
0.1323396 -0.27838988017222055
0.1330511 -0.3367869577066122
0.1337626 -0.2577779777205522
0.1344741 -0.2176275023565084
0.1351856 -0.23066646861343057
0.1358971 -0.23931273434768502
0.1366086 -0.22225872055446083
0.1373201 -0.3817077865791508
0.1380316 -0.231461527531531
0.1387431 -0.21848219069349734
0.1394546 -0.26994237916745084
0.1401661 -0.25998426621824183
0.1408776 -0.13629297503508955
0.1415891 -0.44672372960666507
0.1423007 -0.23303176889469715
0.1430122 -0.23307152184065874
0.1437237 -0.22903659783126817
0.1444352 -0.2121217193487479
0.1451467 -0.21247949586186346
0.1458582 -0.2571021776401211
0.1465697 -0.3873924578436307
0.1472812 -0.12474474424962587
0.1479927 -0.3782890332313567
0.1487042 -0.2672391788459417
0.1494157 -0.22070835566416772
0.1501272 -0.2610575957576962
0.1508387 -0.2909716875511771
0.1515502 -0.07207209092567567
0.1522617 -0.45759616031164374
0.1529732 -0.20548297738259064
0.1536847 -0.24813788833860495
0.1543962 -0.205423347963756
0.1551077 -0.21639516103350395
0.1558192 -0.29206489356353144
0.1565307 -0.1777354211409725
0.1572422 -0.29584142342449493
0.1579537 0.02144671431570337
0.1586652 0.42640997424925076
0.1593767 0.9923488133302797
0.1600882 1.2541259374088356
0.1607997 1.1387370489778872
0.1615112 1.0594338971921209
0.1622227 1.3545716934741354
0.1629342 1.1064596445503732
0.1636457 0.4365529383969333
0.1643573 0.09584037728216327
0.1650688 -0.017224951460578872
0.1657803 -0.012033216725424671
0.1664918 0.0032398650912362783
0.1672033 0.03288761214716775
0.1679148 -0.009691768211632697
0.1686263 -0.019476955846118894
0.1693378 -0.003633419255711875
0.1700493 0.005859584226382252
0.1707608 0.003237877443948974
0.1714723 -0.0007513306775911503
0.1721838 0.0
0.1728953 0.0
0.1736068 0.0
0.1743183 0.0
0.1750298 0.0
0.1757413 0.0
0.1764528 0.0
0.1771643 0.0
0.1778758 0.0
0.1785873 0.0
0.1792988 0.0
0.1800103 0.0
0.1807218 0.0
0.1814333 0.0
0.1821448 0.0
0.1828563 0.0
0.1835678 0.0
0.1842794 0.0
0.1849909 0.0
0.1857024 0.0
0.1864139 0.0
0.1871254 0.0
0.1878369 0.0
0.1885484 0.0
0.1892599 0.0
0.1899714 0.0
0.1906829 0.0
0.1913944 0.0
0.1921059 0.0
0.1928174 0.0
0.1935289 0.0
0.1942404 0.0
0.1949519 0.0
0.1956634 0.0
0.1963749 0.0
0.1970864 0.0
0.1977979 0.0
0.1985094 0.0
0.1992209 0.0
0.1999324 0.0
0.2006439 0.0
0.2013554 0.0
0.2020669 0.0
0.2027784 0.0
0.2034899 0.0
0.2042014 0.0
0.2049129 0.0
0.2056244 0.0
0.2063359 0.0
0.2070474 0.0
0.2077589 0.0
0.2084705 0.0
0.209182 0.0
0.2098935 0.0
0.210605 0.0
0.2113165 0.0
0.212028 0.0
0.2127395 0.0
0.213451 0.0
0.2141625 0.0
0.214874 0.0
0.2155855 0.0
0.216297 0.0
0.2170085 0.0
0.21772 0.0
0.2184315 0.0
0.219143 0.0
0.2198545 0.0
0.220566 0.0
0.2212775 0.0
0.221989 0.0
0.2227005 0.0
0.223412 0.0
0.2241235 0.0
0.224835 0.0
0.2255465 0.0
0.226258 0.0
0.2269695 0.0
0.227681 0.0