  0.0000000E+00  0.0000000E+00
  7.1150326E-04  9.2521057E-02
  1.4230065E-03  0.1377714    
  2.1345099E-03  0.1453605    
  2.8460131E-03  0.1411321    
  3.5575163E-03  0.1369435    
  4.2690197E-03  0.1320622    
  4.9805227E-03  0.1410265    
  5.6920261E-03  0.1218772    
  6.4035296E-03  0.1095133    
  7.1150325E-03  0.1070168    
  7.8265360E-03  0.1050064    
  8.5380394E-03  0.1020043    
  9.2495428E-03  9.9586390E-02
  9.9610453E-03  0.1158955    
  1.0672549E-02  8.6904086E-02
  1.1384052E-02  8.0675349E-02
  1.2095556E-02  7.7529542E-02
  1.2807059E-02  7.6915309E-02
  1.3518562E-02  7.4353196E-02
  1.4230065E-02  6.3599035E-02
  1.4941568E-02  5.6768138E-02
  1.5653072E-02  6.7310780E-02
  1.6364574E-02  5.6164488E-02
  1.7076079E-02  5.2460223E-02
  1.7787581E-02  5.0102849E-02
  1.8499086E-02  4.9276680E-02
  1.9210588E-02  4.8349641E-02
  1.9922091E-02  4.8471559E-02
  2.0633595E-02  3.9294865E-02
  2.1345098E-02  2.6847998E-02
  2.2056602E-02  1.6341720E-02
  2.2768104E-02  1.7721495E-02
  2.3479607E-02  2.6898302E-02
  2.4191111E-02  3.3933859E-02
  2.4902614E-02  2.2270327E-02
  2.5614118E-02  1.1023833E-02
  2.6325621E-02  2.0840364E-02
  2.7037123E-02  8.0199055E-03
  2.7748628E-02  1.9115644E-03
  2.8460130E-02 -4.5273658E-03
  2.9171634E-02 -1.4070838E-02
  2.9883137E-02 -7.4737854E-03
  3.0594639E-02 -1.2906586E-02
  3.1306144E-02  9.9602044E-03
  3.2017648E-02  7.5313156E-03
  3.2729149E-02 -2.7739098E-03
  3.3440653E-02 -1.3380881E-02
  3.4152158E-02 -2.2062156E-02
  3.4863658E-02 -3.6377024E-02
  3.5575163E-02 -2.6919860E-02
  3.6286667E-02 -1.7132128E-02
  3.6998171E-02 -2.1832192E-02
  3.7709672E-02 -3.3847447E-02
  3.8421176E-02 -3.6420144E-02
  3.9132681E-02 -2.6704552E-02
  3.9844181E-02 -1.9776683E-02
  4.0555686E-02 -2.8084040E-02
  4.1267190E-02 -4.6423949E-02
  4.1978691E-02 -2.6129369E-02
  4.2690195E-02 -2.8371492E-02
  4.3401700E-02 -3.8489796E-02
  4.4113204E-02 -4.9815916E-02
  4.4824705E-02 -6.3670576E-02
  4.5536209E-02 -3.7914891E-02
  4.6247713E-02 -6.7523129E-02
  4.6959214E-02 -4.8751824E-02
  4.7670718E-02 -3.7311245E-02
  4.8382223E-02 -3.6132690E-02
  4.9093727E-02 -4.5590330E-02
  4.9805228E-02 -6.1715901E-02
  5.0516732E-02 -7.5197391E-02
  5.1228236E-02 -6.1084144E-02
  5.1939737E-02 -4.6538446E-02
  5.2651241E-02 -4.2830318E-02
  5.3362746E-02 -4.9212262E-02
  5.4074246E-02 -6.3325629E-02
  5.4785751E-02 -7.6203473E-02
  5.5497255E-02 -4.9441710E-02
  5.6208760E-02 -6.7321911E-02
  5.6920260E-02 -7.4679978E-02
  5.7631765E-02 -7.3185228E-02
  5.8343269E-02 -6.0078055E-02
  5.9054770E-02 -5.4127172E-02
  5.9766274E-02 -6.9477096E-02
  6.0477778E-02 -7.4968211E-02
  6.1189279E-02 -6.2262058E-02
  6.1900783E-02 -8.2843609E-02
  6.2612288E-02 -6.2808871E-02
  6.3323788E-02 -4.7371555E-02
  6.4035296E-02 -3.9611273E-02
  6.4746797E-02 -3.8835142E-02
  6.5458298E-02 -7.5139105E-02
  6.6169806E-02 -8.2758233E-02
  6.6881306E-02 -6.3901201E-02
  6.7592807E-02 -2.9262284E-02
  6.8304315E-02 -1.2188083E-02
  6.9015816E-02 -1.9288218E-02
  6.9727316E-02 -4.2743631E-02
  7.0438825E-02 -5.2661721E-02
  7.1150325E-02 -4.8090179E-02
  7.1861833E-02 -4.0214926E-02
  7.2573334E-02 -4.9643442E-02
  7.3284835E-02 -2.4893062E-02
  7.3996343E-02 -2.1559109E-03
  7.4707843E-02 -3.9093853E-03
  7.5419344E-02 -2.1874851E-02
  7.6130852E-02 -3.0901391E-02
  7.6842353E-02 -1.1354464E-02
  7.7553853E-02 -2.7365122E-02
  7.8265361E-02 -1.2992957E-02
  7.8976862E-02  9.6297357E-03
  7.9688363E-02  2.0380117E-02
  8.0399871E-02  4.8004952E-03
  8.1111372E-02 -1.2216829E-02
  8.1822872E-02 -1.2015359E-02
  8.2534380E-02  2.0696746E-02
  8.3245881E-02  4.4756711E-02
  8.3957382E-02  7.0367455E-02
  8.4668890E-02  9.4630122E-02
  8.5380390E-02  0.1028492    
  8.6091898E-02  7.5600609E-02
  8.6803399E-02  6.6747002E-02
  8.7514900E-02  6.6515647E-02
  8.8226408E-02  6.5453455E-02
  8.8937908E-02  8.2557015E-02
  8.9649409E-02  0.1078795    
  9.0360917E-02  0.1120786    
  9.1072418E-02  5.9388161E-02
  9.1783918E-02  5.7001092E-02
  9.2495427E-02  6.6632025E-02
  9.3206927E-02  5.4702647E-02
  9.3918428E-02  7.7438697E-02
  9.4629936E-02  0.1130272    
  9.5341437E-02  0.1081980    
  9.6052937E-02  4.5934312E-02
  9.6764445E-02  7.2007425E-02
  9.7475946E-02  0.1080807    
  9.8187454E-02  6.5654673E-02
  9.8898955E-02  7.3559687E-02
  9.9610455E-02  0.1090179    
  0.1003220      0.1152406    
  0.1010335      9.0835713E-02
  0.1017450      6.9506571E-02
  0.1024565      6.0940418E-02
  0.1031680      4.1739307E-02
  0.1038795      4.4584241E-02
  0.1045910      6.4677328E-02
  0.1053025      8.7127551E-02
  0.1060140      0.1031963    
  0.1067255      0.1167641    
  0.1074370      9.4716355E-02
  0.1081485      6.9679044E-02
  0.1088600      1.5522559E-03
  0.1095715      2.5497241E-02
  0.1102830      0.1784807    
  0.1109945      0.2293889    
  0.1117060     -5.1685452E-02
  0.1124175      4.0358655E-02
  0.1131290      8.6753860E-02
  0.1138405      7.0713880E-03
  0.1145520      1.2533030E-02
  0.1152635      0.1665513    
  0.1159750      0.2465212    
  0.1166865      6.7839332E-02
  0.1173980      8.8708550E-02
  0.1181095     -4.1393493E-03
  0.1188210     -4.1853420E-02
  0.1195325     -1.3568150E-02
  0.1202440      4.5691919E-02
  0.1209556      5.4271467E-02
  0.1216671     -7.1518756E-02
  0.1223786     -2.5813442E-02
  0.1230901     -0.1153293    
  0.1238016     -0.1706907    
  0.1245131     -0.1318815    
  0.1252246     -6.1572816E-02
  0.1259361     -0.1164767    
  0.1266476     -0.2412321    
  0.1273591     -0.3788238    
  0.1280706     -0.2044953    
  0.1287821     -0.2312286    
  0.1294936     -0.2068525    
  0.1302051     -0.2074849    
  0.1309166     -0.4286526    
  0.1316281     -9.5090047E-02
  0.1323396     -0.2767040    
  0.1330511     -0.3347124    
  0.1337626     -0.2561797    
  0.1344741     -0.2162810    
  0.1351856     -0.2292165    
  0.1358971     -0.2378401    
  0.1366086     -0.2208803    
  0.1373201     -0.3793254    
  0.1380316     -0.2300213    
  0.1387431     -0.2171434    
  0.1394546     -0.2682528    
  0.1401661     -0.2583644    
  0.1408776     -0.1354487    
  0.1415891     -0.4438911    
  0.1423007     -0.2316311    
  0.1430122     -0.2316311    
  0.1437237     -0.2276067    
  0.1444352     -0.2108193    
  0.1451467     -0.2111643    
  0.1458582     -0.2554898    
  0.1465697     -0.3850169    
  0.1472812     -0.1239505    
  0.1479927     -0.3759909    
  0.1487042     -0.2655507    
  0.1494157     -0.2193280    
  0.1501272     -0.2594567    
  0.1508387     -0.2891220    
  0.1515502     -7.1633734E-02
  0.1522617     -0.4548110    
  0.1529732     -0.2042079    
  0.1536847     -0.2465787    
  0.1543962     -0.2041504    
  0.1551077     -0.2150737    
  0.1558192     -0.2902553    
  0.1565307     -0.1766410    
  0.1572422     -0.2940088    
  0.1579537      2.1300400E-02
  0.1586652      0.4237659    
  0.1593767      0.9862286    
  0.1600882       1.246375    
  0.1607997       1.131710    
  0.1615112       1.052889    
  0.1622227       1.346208    
  0.1629342       1.099630    
  0.1636457      0.4337284    
  0.1643573      9.5262520E-02
  0.1650688     -1.7132306E-02
  0.1657803     -1.1958119E-02
  0.1664918      3.2194937E-03
  0.1672033      3.2684978E-02
  0.1679148     -9.6297357E-03
  0.1686263     -1.9345708E-02
  0.1693378     -3.5931850E-03
  0.1700493      5.8065867E-03
  0.1707608      3.2194937E-03
  0.1714723     -7.4738247E-04
  0.1721838      0.0000000E+00
  0.1728953      0.0000000E+00
  0.1736068      0.0000000E+00
  0.1743183      0.0000000E+00
  0.1750298      0.0000000E+00
  0.1757413      0.0000000E+00
  0.1764528      0.0000000E+00
  0.1771643      0.0000000E+00
  0.1778758      0.0000000E+00
  0.1785873      0.0000000E+00
  0.1792988      0.0000000E+00
  0.1800103      0.0000000E+00
  0.1807218      0.0000000E+00
  0.1814333      0.0000000E+00
  0.1821448      0.0000000E+00
  0.1828563      0.0000000E+00
  0.1835678      0.0000000E+00
  0.1842794      0.0000000E+00
  0.1849909      0.0000000E+00
  0.1857024      0.0000000E+00
  0.1864139      0.0000000E+00
  0.1871254      0.0000000E+00
  0.1878369      0.0000000E+00
  0.1885484      0.0000000E+00
  0.1892599      0.0000000E+00
  0.1899714      0.0000000E+00
  0.1906829      0.0000000E+00
  0.1913944      0.0000000E+00
  0.1921059      0.0000000E+00
  0.1928174      0.0000000E+00
  0.1935289      0.0000000E+00
  0.1942404      0.0000000E+00
  0.1949519      0.0000000E+00
  0.1956634      0.0000000E+00
  0.1963749      0.0000000E+00
  0.1970864      0.0000000E+00
  0.1977979      0.0000000E+00
  0.1985094      0.0000000E+00
  0.1992209      0.0000000E+00
  0.1999324      0.0000000E+00
  0.2006439      0.0000000E+00
  0.2013554      0.0000000E+00
  0.2020669      0.0000000E+00
  0.2027784      0.0000000E+00
  0.2034899      0.0000000E+00
  0.2042014      0.0000000E+00
  0.2049129      0.0000000E+00
  0.2056244      0.0000000E+00
  0.2063359      0.0000000E+00
  0.2070474      0.0000000E+00
  0.2077589      0.0000000E+00
  0.2084705      0.0000000E+00
  0.2091820      0.0000000E+00
  0.2098935      0.0000000E+00
  0.2106050      0.0000000E+00
  0.2113165      0.0000000E+00
  0.2120280      0.0000000E+00
  0.2127395      0.0000000E+00
  0.2134510      0.0000000E+00
  0.2141625      0.0000000E+00
  0.2148740      0.0000000E+00
  0.2155855      0.0000000E+00
  0.2162970      0.0000000E+00
  0.2170085      0.0000000E+00
  0.2177200      0.0000000E+00
  0.2184315      0.0000000E+00
  0.2191430      0.0000000E+00
  0.2198545      0.0000000E+00
  0.2205660      0.0000000E+00
  0.2212775      0.0000000E+00
  0.2219890      0.0000000E+00
  0.2227005      0.0000000E+00
  0.2234120      0.0000000E+00
  0.2241235      0.0000000E+00
  0.2248350      0.0000000E+00
  0.2255465      0.0000000E+00
  0.2262580      0.0000000E+00
  0.2269695      0.0000000E+00
  0.2276810      0.0000000E+00
  0.2283925      0.0000000E+00
  0.2291041      0.0000000E+00
  0.2298156      0.0000000E+00
  0.2305271      0.0000000E+00
  0.2312386      0.0000000E+00
  0.2319501      0.0000000E+00
  0.2326616      0.0000000E+00
  0.2333731      0.0000000E+00
  0.2340846      0.0000000E+00
  0.2347961      0.0000000E+00
  0.2355076      0.0000000E+00
  0.2362191      0.0000000E+00
  0.2369306      0.0000000E+00
  0.2376421      0.0000000E+00
  0.2383536      0.0000000E+00
  0.2390651      0.0000000E+00
  0.2397766      0.0000000E+00
  0.2404881      0.0000000E+00
  0.2411996      0.0000000E+00
  0.2419111      0.0000000E+00
  0.2426226      0.0000000E+00
  0.2433341      0.0000000E+00
  0.2440456      0.0000000E+00
  0.2447571      0.0000000E+00
  0.2454686      0.0000000E+00
  0.2461801      0.0000000E+00
  0.2468916      0.0000000E+00
  0.2476031      0.0000000E+00
  0.2483146      0.0000000E+00
  0.2490261      0.0000000E+00
  0.2497377      0.0000000E+00
  0.2504492      0.0000000E+00
  0.2511607      0.0000000E+00
  0.2518722      0.0000000E+00
  0.2525837      0.0000000E+00
  0.2532952      0.0000000E+00
  0.2540067      0.0000000E+00
  0.2547182      0.0000000E+00
  0.2554297      0.0000000E+00
  0.2561412      0.0000000E+00
  0.2568527      0.0000000E+00
  0.2575642      0.0000000E+00
  0.2582757      0.0000000E+00
  0.2589872      0.0000000E+00
  0.2596987      0.0000000E+00
  0.2604102      0.0000000E+00
  0.2611217      0.0000000E+00
  0.2618332      0.0000000E+00
  0.2625447      0.0000000E+00
  0.2632562      0.0000000E+00
  0.2639677      0.0000000E+00
  0.2646792      0.0000000E+00
  0.2653907      0.0000000E+00
  0.2661022      0.0000000E+00
  0.2668137      0.0000000E+00
  0.2675252     -0.1592212    
  0.2682367      -1.433192    
  0.2689482      -3.409817    
  0.2696597      -1.659649    
  0.2703712      -1.186642    
  0.2710827     -0.8998236    
  0.2717943     -0.7024245    
  0.2725058     -0.5582085    
  0.2732173     -0.4468485    
  0.2739288     -0.3177238    
  0.2746403     -0.1874493    
  0.2753518     -5.1612508E-02
  0.2760633      2.4563013E-02
  0.2767748      9.6929759E-02
  0.2774863      0.2040210    
  0.2781978      0.3428545    
  0.2789093      0.5190356    
  0.2796208      0.6448761    
  0.2803323      0.7841479    
  0.2810438       1.009947    
  0.2817553       1.376935    
  0.2824668       2.031385    
  0.2831783       3.249129    
  0.2838898      0.0000000E+00
  0.2980843      0.0000000E+00
