0.0 0.0 
0.1609638 0.14857729494612157 
0.3219275 0.1671384246031469 
0.4828913 0.26403034028422845 
0.6438551 0.29660955622540114 
0.8048189 0.20705024217662624 
0.9657826 0.19957694449135677 
1.126746 0.2590235904427526 
1.28771 0.17615471139701824 
1.448674 0.17023196978575167 
1.609638 0.251258610992999 
1.770602 0.30426272845739016 
1.931565 0.11729149969390128 
2.092529 0.10102252407990238 
2.253493 0.095106854398924 
2.414457 0.06577602355388157 
2.57542 0.05803579586011408 
2.736384 0.06649736044265765 
2.897348 0.10923657110256899 
3.058312 0.08673722491004261 
3.219275 0.09225333053010379 
3.380239 0.31554952918762863 
3.541203 0.25045241094084497 
3.702167 0.11548462150681599 
3.863131 0.1449038514803814 
4.024095 0.11548462150681599 
4.185058 0.06926955711323717 
4.346022 0.06378881114460716 
4.506986 0.06979995188440655 
4.66795 -0.021145071543505055 
4.828913 0.0028641317642613294 
4.989877 0.026696536814950312 
5.150841 0.06835020617656029 
5.311805 0.04886703824937867 
5.472768 0.04214870448134819 
5.633732 0.10105788373132571 
5.794696 0.1600024226326716 
5.95566 0.14702543056502757 
6.116623 0.1750656341335777 
6.277587 0.35412690887653936 
6.438551 0.1562189399317648 
6.599515 0.14451489531484252 
6.760478 0.17446452005964017 
6.921442 -0.2775025442699344 
7.082406 -0.03857737968888718 
7.24337 -0.023514168188028175 
7.404334 -0.2021157674625886 
7.565297 -0.08836376887497412 
7.726261 -0.07475030308186716 
7.887225 -0.06435456556716063 
8.048189 -0.007849842613168822 
8.209152 0.028924194853842917 
8.370116 0.050635020819870036 
8.53108 0.16965560746779437 
8.692043 0.22403875133714 
8.853007 0.07181545201479057 
9.013971 -0.0015911843134453658 
9.174935 0.04246694134405611 
9.335899 -0.06460208312706898 
9.496862 -0.11131218264038602 
9.657826 -0.11916202525349202 
9.81879 -0.18153645034169982 
9.979753 -0.14833373766721192 
10.14072 -0.12344054307419984 
10.30168 -0.45829644193200336 
10.46265 -0.28354904466100794 
10.62361 -0.08839912852645242 
10.78457 -0.08861128643475687 
10.94554 -0.07337127667685187 
11.1065 -0.0563632843484241 
11.26746 -0.046215064393531714 
11.42843 -0.05410026665814742 
11.58939 -0.06746621489131462 
11.75036 -0.0748563820361136 
11.91132 -0.08557035641346523 
12.07228 -0.4457084060298511 
12.23325 -0.157739404942442 
12.39421 -0.13312908756059677 
12.55517 -0.16573068616127276 
12.71614 -0.15201114141388797 
12.8771 -0.1592952296044091 
13.03807 -0.21710825966077366 
13.19903 -0.15508743108656364 
13.35999 -0.16336158951671823 
13.52096 -0.22453378645689392 
13.68192 0.03217728278356461 
13.84288 1.1254977043974568 
14.00385 -0.10749334028811086 
14.16481 -0.023337369930887964 
14.32578 -0.051271494545285866 
14.48674 -0.01980140478990524 
14.6477 0.0010607895422759734 
14.80867 0.0010607895424015962 
14.96963 0.0007071930281211709 
15.13059 0.0035359651411083458 
15.29156 0.024044562959134756 
15.45252 0.6781981140541289 
15.61349 0.9784015545295982 
15.77445 -0.004596754683384319 
15.93541 -0.0035359651411083458 
16.09638 0.003889561655263148 
16.25734 0.0014143860563679647 
16.4183 -0.00954710588086063 
16.57927 -0.007071930282091068 
16.74023 0.0038895616551375255 
16.9012 0.010961491937291405 
17.06216 0.00954710588086063 
17.22312 0.9557713776267686 
17.38409 0.47240494284486423 
17.54505 0.043492371234885197 
17.70601 0.020155001304060043 
17.86698 0.028994914156611068 
18.02794 0.03712763398110373 
18.18891 0.05162509105937786 
18.34987 0.03960280957981048 
18.51083 0.03924921306565568 
18.6718 0.05021070500294708 
18.83276 0.05798982831334776 
18.99372 0.6039428460919842 
19.15469 0.06859772373635874 
19.31565 0.06400096905316285 
19.47662 0.040310002607994465 
19.63758 0.03394526535408738 
19.79854 0.03253087929771941 
19.95951 0.050564301516913455 
20.12047 0.033945265354213 
20.28144 0.03253087929771941 
20.4424 0.040310002607994465 
20.60336 0.20932913635037298 
20.76433 0.7163865375775086 
20.92529 0.03429886186817937 
21.08625 0.040310002607994465 
21.24722 0.018740615247629266 
21.40818 0.01732622919113568 
21.56915 0.03712763398104092 
21.73011 0.020155001304122854 
21.89107 0.020862194332181214 
22.05204 0.027934124614272283 
22.213 0.01485105359236612 
22.37396 0.4918527511206775 
22.53493 0.541002666581223 
22.69589 0.025812545529720336 
22.85686 0.006364737253781463 
23.01782 0.008486316338584656 
23.17878 0.01414386056430776 
23.33975 0.016619036162826076 
23.50071 0.003182368626953543 
23.66167 0.003889561655263148 
23.82264 0.016265439648734083 
23.9836 0.005303947711631112 
24.14457 0.0827415843006665 
24.30553 0.01909421176172126 
24.46649 0.008132719824367042 
24.62746 0.00742552679618306 
24.78842 0.0028287721129871745 
24.94938 -0.015558246620801347 
25.11035 -0.0077791233101494285 
25.27131 0.0007071930280583596 
25.43228 0.0067183337679990775 
25.59324 -0.03535965141045534 
25.7542 0.09052070761094155 
25.91517 5.655776243115585 
26.07613 0.07814482961721937 
26.23709 -0.0038895616551375255 
26.39806 0.03394526535408738 
26.55902 0.05869702134153174 
26.71999 0.15947202786139228 
26.88095 0.07354807493402349 
27.04191 0.08592395292762003 
27.20288 0.15204650106533485 
27.36384 0.09087430412503354 
27.52481 1.3083071021899881 
27.68577 3.2863260020952065 
27.84673 0.14108500912823188 
28.0077 0.05162509105944067 
28.16866 0.05056430151703908 
28.32962 0.06753693419420839 
28.49059 0.08238798778632327 
28.65155 0.03642044095310818 
28.81252 0.026519738557778696 
28.97348 0.05763623179913015 
29.13444 0.04349237123519925 
29.29541 0.820697509238289 
29.45637 0.6637006569759175 
29.61733 0.014143860564182136 
29.7783 -0.00035359651396636846 
29.93926 -0.00848631633871028 
30.10023 -0.07885202264540335 
30.26119 0.028287721128364272 
30.42215 -0.015558246620550102 
30.58312 -0.0820343912723569 
30.74408 0.03889561655137525 
30.90504 -0.058343424827314125 
31.06601 0.3016178265319001 
31.22697 0.1089077263443532 
31.38794 -0.11385807754164108 
31.5489 -0.07213368887778114 
31.70986 -0.0477355294040519 
31.87083 -0.2065003642377627 
32.03179 -0.09193509366718389 
32.19276 -0.09299588320983673 
32.35372 -0.21180431194901694 
32.51468 -0.09158149715321752 
32.67565 -0.11527246359851154 
32.83661 0.07814482961721937 
32.99757 -0.17644466053831034 
33.15854 -0.1573504487770916 
33.3195 -0.16300799300256344 
33.48046 -0.23761685747886288 
33.64143 -0.21038992589264896 
33.80239 -0.18740615247579018 
33.96336 -0.21852264571714164 
34.12432 -0.30020344047553216 
34.28528 -0.21498668057597048 
34.44625 -0.8896488294893679 
34.60721 -1.6318479125959686 
34.76817 -0.3306127406886996 
34.92914 -0.2719157193471679 
35.0901 -0.29136352762260426 
35.25107 -0.5275659990453504 
35.41203 -0.35218212804893917 
35.57299 -0.36597239209915494 
35.73396 -0.5381738944681101 
35.89492 -0.5523177550327948 
36.05589 -0.44694599382911027 
36.21685 -0.8864664608624143 
36.37781 -0.9465778682598115 
36.53878 -0.4847808208385864 
36.69974 -0.5021070500297221 
36.8607 -0.7004746944424897 
37.02167 -0.7149721515213918 
37.18263 -0.5144829280233186 
37.3436 -0.5052894186561732 
37.50456 -0.8744441793822817 
37.66552 -0.5555001236599996 
37.82649 -0.5392346840105118 
37.98745 -3.2028772247666075 
38.14841 -1.054071208548048 
38.30938 -0.4999854709454214 
38.47034 -0.49255994414835896 
38.63131 -0.8069072451883245 
38.79227 -0.5084717872841317 
38.95323 -0.41229353544608516 
39.1142 -0.40203923653829676 
39.27516 -0.38153063871970505 
39.43612 -0.28499879036894843 
39.59709 -0.5717655633084824 
39.75805 -1.9843836371591255 
39.91901 -0.2669653681493775 
40.07998 -0.22170501434459766 
40.24094 -0.2372632609641428 
40.40191 -0.19907483744170526 
40.56287 -0.09405667275223832 
40.72383 -0.0707193028204082 
40.8848 0.0060111407391869815 
41.04576 0.1584112383197444 
41.20673 0.25034633198617456 
41.36769 -3.3916977632987657 
41.52865 -4.2919544882108935 
41.68962 1.053364015519864 
41.85058 1.3832695631801284 
42.01154 3.653005587222671 
42.17251 3.5996125135928962 
42.33347 1.5802228215367793 
42.49444 0.3797626561493707 
42.6554 0.0477355294040519 
42.81636 0.031116493241351448 
42.97733 0.02510535250141073 
43.13829 -1.3588714037069016 
43.29926 -0.6025284600356162 
43.46022 0.006364737253907086 
43.62118 -0.006011140739689472 
43.78215 0.019447808275687626 
43.94311 -0.0017679825703343331 
44.10407 0.00388956165488628 
44.26504 0.03217728278375304 
44.426 0.01308307102178054 
44.58696 0.02404456295926038 
44.74793 0.03394526535408738 
44.90889 0.09052070761106717 
45.06985 0.03500605489623773 
45.23082 0.03076289672738508 
45.39178 0.036774037466823305 
45.55275 0.015204650106583733 
45.71371 0.018033422219319663 
45.87468 0.021922983874457187 
46.03564 0.01202228147963019 
46.1966 0.012375877993847803 
46.35757 0.005657544225471859 
46.51853 -0.11032211240072116 
46.67949 -0.3726907258670284 
46.84046 0.01732622919113568 
47.00142 0.026873335071745063 
47.16238 0.03040930021341871 
47.32335 0.03076289672688259 
47.48431 0.031470089755569065 
47.64528 0.04278517820676402 
47.80624 -0.020155001304122854 
47.96721 -0.0038895616551375255 
48.12817 0.0021215790845519468 
48.28913 -0.052685880601591024 
48.4501 -0.17290869539739043 
48.61106 -0.03606684443889057 
48.77202 0.005657544225723104 
48.93299 0.03394526535408738 
49.09395 -0.0714264958493459 
49.25491 -0.08132719824417291 
49.41588 0.05728263528491253 
49.57684 0.028641317642833133 
49.7378 0.010254298908793365 
49.89877 -0.00813271982424142 
50.05973 -0.1442673777550598 
50.2207 -0.05268588060184227 
50.38166 0.012022281479881436 
50.54263 0.03394526535383613 
50.70359 0.04738193289033678 
50.86455 0.00813271982424142 
51.02552 -0.02510535250141073 
51.18648 0.030055703698949852 
51.34744 -0.033238072325903395 
51.50841 -0.033238072325903395 
51.66937 0.0007071930284352278 
51.83033 -0.04879631894695599 
51.9913 0.010961491937479839 
52.15226 0.022630176902892415 
52.31322 0.31965124875096856 
52.47419 0.3376846709707907 
52.63515 0.40628239470714944 
52.79612 0.8054928591319566 
52.95708 0.15735044877684032 
53.11805 0.053039477115808635 
53.27901 0.005303947711756736 
53.43997 -0.03642044095310818 
53.60094 -0.021922983874457187 
53.7619 0.00848631633871028 
53.92286 0.02616614204356108 
54.08383 0.010607895423262225 
54.24479 -0.0042431581691038936 
54.40575 -0.010961491937479839 
54.56672 0.007425526796308682 
54.72768 -0.005657544225723104 
54.88865 0.006364737253907086 
55.04961 0.04172438866436243 
55.21058 0.023690966445042767 
55.37154 -0.016972632676918065 
55.5325 -0.030762896727133834 
55.69347 0.021569387360239573 
55.85443 0.004950351197539122 
56.01539 0.015558246620801347 
56.17636 0.04243158169254641 
56.33732 -0.0017679825705855785 
56.49828 -0.013790264050215769 
56.65925 -0.017326229190884435 
56.82021 0.0021215790843007016 
56.98117 0.026873335072247553 
57.14214 0.024751755987444363 
57.3031 0.030055703698698606 
57.46407 -0.0243981594729755 
57.62503 -0.004243158169606385 
57.786 -0.0017679825703343331 
57.94696 -0.013790264049964524 
58.10792 0.0410171956359272 
58.26889 0.029348510671017115 
58.42985 0.0243981594729755 
58.59081 -0.03783482700897366 
58.75178 -0.008839912852676646 
58.91274 -0.0038895616553887707 
59.0737 0.0017679825705855785 
59.23467 0.06470816208147245 
59.39563 0.01838701873328603 
59.55659 -0.024751755987193116 
59.71756 -0.007425526796308682 
59.87852 -0.009900702395078243 
60.03949 -0.007071930281839823 
60.20045 0.0053039477112542446 
60.36142 0.08521675989981292 
60.52238 0.010607895422759734 
60.68334 -0.04950351197463748 
60.84431 0.0028287721129871745 
61.00527 -0.004950351197539122 
61.16623 -0.00424315816935514 
61.3272 -0.00035359651396636846 
61.48816 0.06294017951063563 
61.64912 -0.015204650106583733 
61.81009 -0.07071930282091068 
61.97105 -0.027934124614397905 
62.13202 0.008132719824492665 
62.29298 0.005657544225471859 
62.45395 -0.011315088451194963 
62.61491 0.00424315816935514 
62.77587 0.01591184313451647 
62.93684 0.023337369931076397 
63.0978 0.005657544225723104 
63.25876 0.023690966445042767 
63.41973 0.028287721128364272 
63.58069 0.05162509105944067 
63.74165 0.03429886186805375 
63.90262 0.035359651410706586 
64.06358 0.0399564060940281 
