0.0 0.0 
0.00071150326 0.08476272949874927 
0.0014230065 0.12621862033543882 
0.0021345099 0.13317135113415343 
0.0028460131 0.12929745575862278 
0.0035575163 0.12546016913768077 
0.0042690197 0.12098825114300815 
0.0049805227 0.1292007264129916 
0.0056920261 0.11165751586830149 
0.0064035296 0.10032995753137214 
0.0071150325 0.09804301882091118 
0.007826536 0.09620108939184939 
0.0085380394 0.0934503203486448 
0.0092495428 0.09123649418380514 
0.0099610453 0.10617769437960242 
0.010672549 0.07961612372109338 
0.011384052 0.07391044961621004 
0.012095556 0.0710299239016933 
0.012807059 0.0704651113895951 
0.013518562 0.06812116661015297 
0.014230065 0.058263821938152716 
0.014941568 0.052007632081339655 
0.015653072 0.06166608891264542 
0.016364574 0.051455668556217915 
0.017076079 0.04805883073116462 
0.017787581 0.04590164869200585 
0.018499086 0.045148806638085855 
0.019210588 0.04429462046150946 
0.019922091 0.04440320345005237 
0.020633595 0.035998880136475474 
0.021345098 0.024597666338979356 
0.022056602 0.014968164971280949 
0.022768104 0.016236776220819624 
0.023479607 0.02464109953439039 
0.024191111 0.03108549990469724 
0.024902614 0.02040274354808968 
0.025614118 0.01009640821846358 
0.026325621 0.019092508819602404 
0.027037123 0.007347448891730621 
0.027748628 0.0017518055485576914 
0.02846013 -0.004147870162510861 
0.029171634 -0.012885181307652052 
0.029883137 -0.006840728278485408 
0.030594639 -0.011822877736363303 
0.031306144 0.009124590470946282 
0.032017648 0.006893210056294433 
0.032729149 -0.0025354127825842603 
0.033440653 -0.012251780541116995 
0.034152158 -0.02021272331813039 
0.034863658 -0.03333316776762746 
0.035575163 -0.02465557726620633 
0.036286667 -0.01569567099456137 
0.036998171 -0.020006415639880464 
0.037709672 -0.03101854039509067 
0.038421176 -0.03335850379829769 
0.039132681 -0.024458318170336002 
0.039844181 -0.01811707163917251 
0.040555686 -0.02572511970339385 
0.04126719 -0.04254281491293951 
0.041978691 -0.023937119825293243 
0.042690195 -0.025980289726515678 
0.0434017 -0.03526232553080319 
0.044113204 -0.045651907818363285 
0.044824705 -0.05833078144775315 
0.045536209 -0.0347375077528601 
0.046247713 -0.06184525084372896 
0.046959214 -0.04465294432374398 
0.047670718 -0.03419278309361567 
0.048382223 -0.03310514349166895 
0.049093727 -0.04177911456016522 
0.049805228 -0.05654278156967707 
0.050516732 -0.06890314509934924 
0.051228236 -0.05597453059626776 
0.051939737 -0.042651397901470156 
0.052651241 -0.039223794896353206 
0.053362746 -0.04509813457677605 
0.054074246 -0.05800503248208763 
0.054785751 -0.06979714503839954 
0.055497255 -0.04528453537377369 
0.05620876 -0.0616896152268195 
0.05692026 -0.06841814108383713 
0.057631765 -0.06706085372697104 
0.058343269 -0.0550262391629644 
0.05905477 -0.049577182854345855 
0.059766274 -0.06366220618544918 
0.060477778 -0.06869683742109932 
0.061189279 -0.0570386438840496 
0.061900783 -0.07591217701009761 
0.062612288 -0.05754174506429637 
0.063323788 -0.04341147882130732 
0.064035296 -0.03629024448909116 
0.064746797 -0.03557721619760829 
0.065458298 -0.06885428275450187 
0.066169806 -0.0758307397686935 
0.066881306 -0.05852804054358669 
0.067592807 -0.026823617604225518 
0.068304315 -0.011176808954499262 
0.069015816 -0.017686359117913462 
0.069727316 -0.03915864510319067 
0.070438825 -0.048245231528186786 
0.071150325 -0.04407202533498117 
0.071861833 -0.03684220801420984 
0.072573334 -0.045479984753138664 
0.073284835 -0.02280604702792936 
0.073996343 -0.0019635423762623533 
0.074707843 -0.0035796191890892885 
0.075419344 -0.02004080025295482 
0.076130852 -0.028298536531965065 
0.076842353 -0.010400440586371466 
0.077553853 -0.025071812055667827 
0.078265361 -0.011902505261262068 
0.078976862 0.008822367819482431 
0.079688363 0.018670844880759745 
0.080399871 0.004397611036165687 
0.081111372 -0.01119309640276537 
0.081822872 -0.011006695605767728 
0.08253438 0.018947731501528838 
0.083245881 0.04100455590853051 
0.083957382 0.06447838831603249 
0.08466889 0.08669627748932479 
0.08538039 0.09423736604398861 
0.086091898 0.06924880094619347 
0.086803399 0.061150319717054334 
0.0875149 0.060949441188234615 
0.088226408 0.0599667651418569 
0.088937908 0.07561900294103789 
0.089649409 0.09882318759359597 
0.090360917 0.10266521567175492 
0.091072418 0.054394648112910164 
0.091783918 0.05222117862546076 
0.092495427 0.061045356161460805 
0.093206927 0.050114668647666984 
0.093918428 0.07093364698516912 
0.094629936 0.10354835731192027 
0.095341437 0.09913626854395705 
0.096052937 0.04207228862922495 
0.096764445 0.06596416554263246 
0.097475946 0.09901139810713576 
0.098187454 0.06013687849058843 
0.098898955 0.06737574439377614 
0.099610455 0.09987825229901048 
0.100322 0.10557885919776468 
0.1010335 0.0832107635569686 
0.101745 0.06366582561838631 
0.1024565 0.05586594760771259 
0.103168 0.038203114804013054 
0.1038795 0.04084530085863487 
0.104591 0.059250117417461425 
0.1053025 0.0798265937472443 
0.106014 0.09453958869541568 
0.1067255 0.1069723408841001 
0.107437 0.0867759050143094 
0.1081485 0.06386489443071293 
0.10886 0.0013934816863599554 
0.1095715 0.023381536867237443 
0.110283 0.16352598075266211 
0.1109945 0.21016237433384716 
0.111706 -0.047360280171454765 
0.1124175 0.03699060476514695 
0.113129 0.0794827476168441 
0.1138405 0.00646068781861588 
0.114552 0.011473602456496111 
0.1152635 0.15259529323884377 
0.115975 0.22585261617901511 
0.1166865 0.06214566377871198 
0.117398 0.08131056125735117 
0.1181095 -0.003818501763920481 
0.118821 -0.03831169779249465 
0.1195325 -0.012432752188758004 
0.120244 0.04189493641466822 
0.1209556 0.04971291159000303 
0.1216671 -0.06549363925899149 
0.1223786 -0.023689188668045664 
0.1230901 -0.10563315069209131 
0.1238016 -0.15641379500276426 
0.1245131 -0.12079857475921806 
0.1252246 -0.05640886255041488 
0.1259361 -0.10671898057754495 
0.1266476 -0.22096638169427757 
0.1273591 -0.347013134233319 
0.1280706 -0.18734184957409572 
0.1287821 -0.21184541065632972 
0.1294936 -0.18949541218026833 
0.1302051 -0.19011071578208097 
0.1309166 -0.39274466957654425 
0.1316281 -0.08713784830946879 
0.1323396 -0.25346888959953645 
0.1330511 -0.30663835965837416 
0.1337626 -0.23470212974559954 
0.1344741 -0.19814585693452613 
0.1351856 -0.21001759701582265 
0.1358971 -0.21788986368545957 
0.1366086 -0.20236249632314893 
0.1373201 -0.3475379520112621 
0.1380316 -0.21074148360614142 
0.1387431 -0.19892403501914702 
0.1394546 -0.24577759457744242 
0.1401661 -0.23671091503369857 
0.1408776 -0.1240922587451464 
0.1415891 -0.40673377793444593 
0.1423007 -0.2121711596219462 
0.1430122 -0.21220735395151363 
0.1437237 -0.20853362950561766 
0.1444352 -0.1931329422966459 
0.1451467 -0.19345869126226237 
0.1458582 -0.2340868261437869 
0.1465697 -0.3527137411320977 
0.1472812 -0.11357780602071596 
0.1479927 -0.3444252396729257 
0.1487042 -0.243316380170388 
0.1494157 -0.20095091747202976 
0.1501272 -0.23768816193064607 
0.1508387 -0.26492439489134695 
0.1515502 -0.06562031941228133 
0.1522617 -0.41663292705701466 
0.1529732 -0.187088489267467 
0.1536847 -0.22592500483800285 
0.1543962 -0.18703419777321392 
0.1551077 -0.19702383271957863 
0.1558192 -0.2659197389530046 
0.1565307 -0.16182484726542037 
0.1572422 -0.26935820025700646 
0.1579537 0.01952684077379857 
0.1586652 0.38823847555184793 
0.1593767 0.9035154282714578 
0.1600882 1.141858707566323 
0.1607997 1.0367992369971202 
0.1615112 0.9645951690459194 
0.1622227 1.2333127296705289 
0.1629342 1.0074112511467153 
0.1636457 0.3974734587278547 
0.1643573 0.08726090902974792 
0.1650688 -0.015683002979195598 
0.1657803 -0.010956023544451791 
0.1664918 0.002949837855528145 
0.1672033 0.029943568808485196 
0.1679148 -0.008824177535975518 
0.1686263 -0.01773341174629228 
0.1693378 -0.0033081617177504073 
0.1700493 0.005335044170633156 
0.1707608 0.0029480281390595834 
0.1714723 -0.0006840728278387303 
0.1721838 0.0 
0.1728953 0.0 
0.1736068 0.0 
0.1743183 0.0 
0.1750298 0.0 
0.1757413 0.0 
0.1764528 0.0 
0.1771643 0.0 
0.1778758 0.0 
0.1785873 0.0 
0.1792988 0.0 
0.1800103 0.0 
0.1807218 0.0 
0.1814333 0.0 
0.1821448 0.0 
0.1828563 0.0 
0.1835678 0.0 
0.1842794 0.0 
0.1849909 0.0 
0.1857024 0.0 
0.1864139 0.0 
0.1871254 0.0 
0.1878369 0.0 
0.1885484 0.0 
0.1892599 0.0 
0.1899714 0.0 
0.1906829 0.0 
0.1913944 0.0 
0.1921059 0.0 
0.1928174 0.0 
0.1935289 0.0 
0.1942404 0.0 
0.1949519 0.0 
0.1956634 0.0 
0.1963749 0.0 
0.1970864 0.0 
0.1977979 0.0 
0.1985094 0.0 
0.1992209 0.0 
0.1999324 0.0 
0.2006439 0.0 
0.2013554 0.0 
0.2020669 0.0 
0.2027784 0.0 
0.2034899 0.0 
0.2042014 0.0 
0.2049129 0.0 
0.2056244 0.0 
0.2063359 0.0 
0.2070474 0.0 
0.2077589 0.0 
0.2084705 0.0 
0.209182 0.0 
0.2098935 0.0 
0.210605 0.0 
0.2113165 0.0 
0.212028 0.0 
0.2127395 0.0 
0.213451 0.0 
0.2141625 0.0 
0.214874 0.0 
0.2155855 0.0 
0.216297 0.0 
0.2170085 0.0 
0.21772 0.0 
0.2184315 0.0 
0.219143 0.0 
0.2198545 0.0 
0.220566 0.0 
0.2212775 0.0 
0.221989 0.0 
0.2227005 0.0 
0.223412 0.0 
0.2241235 0.0 
0.224835 0.0 
0.2255465 0.0 
0.226258 0.0 
0.2269695 0.0 
0.227681 0.0 
0.2283925 0.0 
0.2291041 0.0 
0.2298156 0.0 
0.2305271 0.0 
0.2312386 0.0 
0.2319501 0.0 
0.2326616 0.0 
0.2333731 0.0 
0.2340846 0.0 
0.2347961 0.0 
0.2355076 0.0 
0.2362191 0.0 
0.2369306 0.0 
0.2376421 0.0 
0.2383536 0.0 
0.2390651 0.0 
0.2397766 0.0 
0.2404881 0.0 
0.2411996 0.0 
0.2419111 0.0 
0.2426226 0.0 
0.2433341 0.0 
0.2440456 0.0 
0.2447571 0.0 
0.2454686 0.0 
0.2461801 0.0 
0.2468916 0.0 
0.2476031 0.0 
0.2483146 0.0 
0.2490261 0.0 
0.2497377 0.0 
0.2504492 0.0 
0.2511607 0.0 
0.2518722 0.0 
0.2525837 0.0 
0.2532952 0.0 
0.2540067 0.0 
0.2547182 0.0 
0.2554297 0.0 
0.2561412 0.0 
0.2568527 0.0 
0.2575642 0.0 
0.2582757 0.0 
0.2589872 0.0 
0.2596987 0.0 
0.2604102 0.0 
0.2611217 0.0 
0.2618332 0.0 
0.2625447 0.0 
0.2632562 0.0 
0.2639677 0.0 
0.2646792 0.0 
0.2653907 0.0 
0.2661022 0.0 
0.2668137 0.0 
0.2675252 -0.14586857709834375 
0.2682367 -1.3130017849655737 
0.2689482 -3.1238656210042075 
0.2696597 -1.520456823451661 
0.2703712 -1.0871401202042403 
0.2710827 -0.8245701664479103 
0.2717943 -0.6435188913436989 
0.2725058 -0.511382442863691 
0.2732173 -0.4093759639891168 
0.2739288 -0.2910784173994822 
0.2746403 -0.17172218667152053 
0.2753518 -0.04729151094542868 
0.2760633 0.022509253525920248 
0.2767748 0.0888009777506868 
0.2774863 0.1869057079034126 
0.2781978 0.3141016304045342 
0.2789093 0.4755102428804992 
0.2796208 0.5907964212544231 
0.2803323 0.718390119436903 
0.2810438 0.925251751890543 
0.2817553 1.261463231394779 
0.2824668 1.8610291948447568 
0.2831783 2.976652026426724 
