-0.7021900264625174 5.382330644595101
-2.1174840211180026 13.666478130344016
-3.9878605806231917 24.342348022282906
-6.167802887053654 36.6451651767564
-7.522217651812639 44.60935653007222
-8.314509364974015 49.6192641579671
-9.478159818205995 56.58088016363211
-10.215713375280984 61.30311023702678
-10.537033938339277 63.83779489585706
-11.451920208154434 69.49201106401915
-12.988123931754899 78.41160498696874
-13.24788234060361 80.62274487619275
-12.678149688480516 78.47442890070968
-12.233817535420258 76.98516516436153
-11.708496712952638 75.07025381601376
-11.138517976579124 72.92064452529272
-10.716836297424834 71.55042214569168
-10.700091425464507 72.30837717753856
-10.694301005616012 73.12389894312726
-10.620103675946893 73.57990804030952
-12.122342679930057 82.32100294905773
-13.81780513609408 92.07759899029824
-14.002454154899965 93.89399554071669
-13.887209617017334 94.1342777892378
-13.805248231059522 94.54947701905786
-13.34252378154622 92.96355111429085
-12.773819511490842 90.82063988208617
-12.350095163044102 89.43968209249081
-11.398979576882539 85.2869726929228
-10.398092627715755 80.8726912148832
-9.826107464365691 78.71253698852448
-9.689075678818995 78.83831463407473
-9.555007734736478 78.97966372723234
-9.266907689439563 78.31149018762156
-9.377358869190175 79.73793412753362
-10.083814735999908 84.29672783062209
-10.779524713625051 88.79904040776901
-11.475953395896681 93.30513544959756
-13.414986272489728 104.34183509625056
-14.399597293353622 110.36249520718194
-14.349680836637276 110.9461090966515
-14.585222866544541 113.02997789138576
-11.853196247496953 99.51755498473715
-9.452508224669032 87.74650827182516
-8.627968803015278 84.25903516968546
-6.654376336944438 74.732617673221
-4.988299813047206 66.82237978390545
-4.100657852302106 63.00326629760418
-3.3485077823378333 59.89624115761123
-3.0336564872051213 59.08746905349744
-3.1433392075617803 60.509874294296985
-3.425082284920677 62.836556347359405
-4.48381375793781 69.2467571002357
-6.158532639464397 78.89433364462649
-6.665658657384483 82.40553356444408
-5.967131789606469 79.58032940391008
-5.461340648068926 77.76806309362
-4.511978198502561 73.6245674420606
-2.94995887797495 66.26121041359913
-1.4047174492105796 58.986030922046304
0.38578991404449425 50.42183166127266
1.9768617569658318 42.905802570717974
3.0850441718495176 37.927600265670485
6.343426283577173 21.648905978035852
9.325435350827888 6.822659524644886
9.829905197719654 5.017316360534124
9.70098742555274 6.54084447064914
9.729044736880951 7.239325060526208
9.723618155776762 8.113782894892534
9.697728598039134 9.095838076899547
9.78624299236185 9.47658168632632
10.062881775077358 8.868675252010371
10.462499801986496 7.614389119198307
10.957889445740648 5.856767680712648
13.956810774140877 -9.058309942731041
15.976109166645983 -18.8249543166017
16.34519850842537 -19.918794530594116
16.989874118107195 -22.460947612326745
17.714585580228686 -25.423788001351774
18.427573236035187 -28.32496044341292
19.566361891095312 -33.464016263961526
20.42738159637645 -37.14323540377662
21.051445117240974 -39.577060022785446
22.15782493807353 -44.54578865225368
21.666641314093795 -41.118396266784124
12.791379974974689 6.372232095166602
9.679270062079922 23.57410984734835
11.684588396075355 13.880991332269264
12.748183139763796 9.137123059052486
13.410149511459053 6.5040444544638705
13.646884315565785 6.105856535217624
13.767479715845298 6.31799588096559
13.889049977016043 6.525011768209436
13.988111755088653 6.850375324073322
13.93421621858829 7.979565586310107
9.31630940279797 33.09533059154242
0.7999156241604624 78.69984955537586
-0.6027761355215944 86.91774502747325
2.0458037134064853 73.84391475339233
3.6913858710447585 66.04136560427058
4.867556561415654 60.7058455410819
5.869330371933415 56.28693462655586
6.715225999505492 52.687201273109906
7.342521246190927 50.2363920634939
7.798746863052202 48.68460026532237
8.196310228087896 47.44111257046353
2.0482806821688655 80.59855858159695
-3.4984072008990097 110.59555337545477
-3.038957610044122 109.02681772701771
-1.0692309925468635 99.52075429248494
0.2954605155093759 93.1944481642665
1.222487503149182 89.16837508813997
1.8285947994421576 86.82886827150341
2.359307220594701 84.88560518317671
2.8686314377496274 83.05480204806844
3.234645440183499 81.97712452319601
3.4648966725334276 81.61295897223006
-0.10943537606476639 101.24413426559026
-1.5582486502869415 109.70442500451027
-0.4787257785997099 104.87689775083638
0.39256704244019147 101.14368743878241
1.1852229386661293 97.82375970347039
1.8547280724558277 95.15111309434191
2.2975421476730844 93.66980671382665
2.7288549686682018 92.24899864015333
3.1956202239106233 90.6418149390264
3.5614612662246827 89.56504641974009
2.700946145428361 94.93354224819373
-2.153515595658291 121.29248781361542
-3.4668450188329416 129.04073245968036
-1.800714837414489 121.13024410249368
-0.5717984686467616 115.51751495551439
0.46113719448442225 110.9348304603889
1.1666097406158542 108.07310171570751
1.8053717081344303 105.56197569220706
2.434932923024803 103.09925750750406
2.9394845032190915 101.29348478755796
3.4618297152244395 99.39419622855951
0.7060851183724708 114.7232204377247
-3.7990800697839404 139.24641034785316
-4.074985151961414 141.5424418890631
-2.177594833196622 132.41649503687444
-0.7842719801758449 125.93971461111
0.2525778488892456 121.33645890739874
1.0732431547654642 117.86932550476638
1.8676043688228674 114.54043533673908
2.618834027742878 111.43827902324732
3.2000306790307604 109.22969207129752
3.7623767021261756 107.12022864225692
3.7981852305387065 107.77797209780299
4.008020697580719 107.52110321583247
4.5802180390410285 105.35986540411179
5.129984050384451 103.31646466583356
5.659425328882321 101.37988216824778
6.29145080741921 98.904212851083
6.886451999293172 96.62307504445907
7.341058967646177 95.07984273731226
7.702842800850021 94.02439720133806
8.329767099517426 91.57548498257337
8.209574702551436 93.0531561933425
-30.711789249393178 298.45340024066866
-46.899356721418144 384.3743791644727
-36.54448683460919 330.7995322050362
-30.196875032877188 298.28509443838584
-26.1279736688233 277.746652126617
-23.881227248168443 266.7846366548681
-21.95236623643973 257.49329308719615
-20.10886155785022 248.65059903386117
-19.108284062621692 244.23792289314818
-18.098074855789378 239.77467908624504
-25.356963174167504 278.7702786637664
-49.89637587008326 408.5850406016512
-56.348431311754325 443.3403187494039
-48.46379451491248 402.74792457743365
-43.023545006280415 375.00220109377227
-39.180249634072084 355.649448912422
-36.355971779199194 341.6521713186142
-33.79142290860955 329.01997249611924
-31.37808234058673 317.18240830909224
-29.49592632545182 308.1365265443152
-27.874467777918426 300.4608134915153
-31.71910070690012 321.51252388055815
-36.85398782446157 349.3452671872757
-35.79692816224724 344.63579710731204
-32.34057970697006 327.3166224907531
-29.637001068036284 313.953741726651
-26.914742140945236 300.4926326751644
-25.056734609844057 291.5736651778197
-23.556239188506083 284.5336834001569
-21.526098380155986 274.7100558524254
-20.28827664817038 269.05052386484357
-18.95851166613693 262.9078294118179
-19.77990086395539 268.070643302305
-20.471682789882152 272.5523484821845
-18.552069788702852 263.30960856526093
-16.336282647256212 252.51030203356203
-14.82461399517581 245.41159845818507
-12.46137865448759 233.83736625559183
-10.516739073066788 224.46314972296977
-9.246581943419415 218.63367649598558
-7.179149682703496 208.61406077144508
-5.648211162600546 201.41408288087013
-4.557715391960073 196.52883413325097
-4.689741051801093 198.06864343700963
-3.661382907758025 193.51001645542937
-1.7311949419517987 184.21169897567012
-0.10276772264160172 176.49930896149445
1.9251668445975838 166.68732904417567
3.8758694000630385 157.28119551622834
5.3791467823504036 150.2265929228059
6.938413262280164 142.87768264347685
9.113037389061674 132.29471159040344
10.837090642499106 124.07980394783033
16.75025162120744 93.84865683670346
29.711011448623594 26.578296672326005
34.59558111443755 1.7530450999514442
33.28833717218504 9.469307019809136
32.964701456707644 12.016190678728014
34.88816754285324 2.753200569072218
36.54490828009216 -5.107993377529122
37.53238810879793 -9.451781140314901
39.907955007756414 -21.090822822541885
42.92605868997691 -36.10671482337361
44.97847290617949 -46.047402027390554
49.5625227409198 -69.2933004191036
55.86661966151314 -101.57898973110697
58.3812338473673 -113.94880542507369
59.11083881421007 -116.93736401512587
61.6828518262605 -129.60879122331048
65.08459985797913 -146.64100899621303
66.87110558022903 -155.18414052719172
67.82671578257236 -159.3604875042624
71.51859589478579 -177.9175173690163
74.18576873837503 -191.08906459681938
75.23523743354622 -195.7586923050062
94.81032911011823 -297.7911965449799
107.29842182212349 -362.5773647513674
105.13027317395893 -350.3365500717189
102.3631895319212 -334.9479326139208
103.10333554207625 -337.9918904906561
103.42717501000027 -338.84791641437147
102.12763682649938 -331.17210016319166
100.98314675000597 -324.3112040549393
100.1394756152987 -319.0312856831424
98.89374111509028 -311.63823894414713
99.61105813652216 -314.56221726539644
111.24373405237634 -374.8527274115008
114.80305159968759 -392.71301167795457
110.49642000162453 -369.2332307500274
107.66465989918925 -353.5047010401814
105.45735497344367 -341.0580974473403
102.9005668678708 -326.77475736679037
100.28036300888903 -312.15807822367447
97.53274390529157 -296.87181074263987
93.87915097467669 -276.8240736161173
89.55935809321863 -253.2751225225513
110.6408498021035 -363.2246312541317
148.87226518131877 -563.3068674460278
146.70455584866568 -551.0683616237894
121.80210155619943 -419.34560586694755
86.50151572993423 -232.97459502406974
48.95931813795403 -34.82266884204964
31.956068179607655 55.38524644623539
32.96753932950571 50.91531784196762
38.89322563053793 20.618342908901553
43.6977132077036 -3.7860309139199244
46.91338849282363 -19.8403286529761
58.69764824250535 -80.9274470687841
68.59074458388397 -132.07545920027692
69.23112731762171 -134.59510328880867
67.80258041179457 -126.24127149580389
66.91128901752711 -120.71108108421447
66.37135631998581 -117.0274840877059
66.0389180718804 -114.43433802248155
65.56212536391979 -111.08257823414215
65.18818562533465 -108.27137035967392
64.87705033210761 -105.7901836583893
64.48511755250559 -102.88441193401806
63.71139053288516 -97.97209039003938
63.20229368845571 -94.45050110218016
63.012584914475156 -92.60753363064575
62.778139362742195 -90.5293959301876
62.66873709800234 -89.10848566837652
62.61397522634525 -87.97468975742608
62.49708716692044 -86.51443730969282
62.43010731898187 -85.31648141402353
62.393352958042556 -84.27732539963228
62.38837413918236 -83.40522081514757
63.19653133518909 -86.80661685725597
66.13000365938706 -101.37772206359553
66.90965463333725 -104.6293014014949
65.91295662350501 -98.54513818655317
65.19624977902083 -93.93243812620355
64.64623080645083 -90.19583191368697
64.2017243555241 -87.01370254650452
63.7504994772238 -83.79631650877569
63.753879262423766 -82.96808867311228
63.88457737808312 -82.8090449469375
63.85765615258617 -81.82162030923058
64.18639095626077 -82.70332150130093
65.50936009108761 -88.81035239772746
66.14085411108488 -91.28328114830121
65.82631287226809 -88.78419423063684
65.2796368562872 -85.06515719082729
65.48703809144365 -85.30923277463081
66.17530402177124 -88.08047823351465
65.81774402776023 -85.35535540191853
65.18031443846257 -81.15935578100985
64.94825562898495 -79.09376179321127
64.95646654488655 -78.2909769027738
65.96652557212508 -82.75343142894634
66.71473739820169 -85.83977983907862
66.50490075244807 -83.89097618999644
65.97578592699892 -80.26423337571471
65.40594560174179 -76.42345447673544
65.17122331203427 -74.34386235796823
65.36628648504131 -74.52309428048798
65.26533014515951 -73.14657224464756
65.38547161602344 -72.93199468117021
65.75482675429873 -74.02723180966458
65.81775368578792 -73.51201126593259
66.08597907807598 -74.07570046155094
66.12005621540084 -73.40885754322935
65.83419306592862 -71.06054314768754
63.53473587239273 -58.129573468546475
60.32058681500837 -40.39142092353717
57.150612421275014 -22.8853792607598
51.40743078935293 8.14430396836269
49.37063961309161 19.69481162284308
50.87859081180534 12.615592861809274
52.476437969375866 5.0639187802896934
54.066396766529465 -2.446244843479079
55.348718403038106 -8.33964959820648
56.103631133962494 -11.46121514365482
56.49543681495629 -12.674390318939862
56.886530897772104 -13.883878189520884
57.40464277477031 -15.76091812162895
57.95987521421898 -17.83299554929233
58.34230886175715 -18.996967817429034
58.704068951398995 -20.05223601144511
59.01048239741306 -20.816678099012357
59.0018468814269 -19.925302897830125
59.010644603379546 -19.125602012996843
59.405561240892325 -20.35517962206391
60.00793425488257 -22.675008066971195
60.214139725882546 -22.9127992176942
60.31552972942859 -22.599724390706022
60.43866161079677 -22.4008631661062
60.33855915404149 -21.028828780560513
60.47959969258659 -20.924140475710395
60.884033398121915 -22.20368323256159
61.29993319162054 -23.54353947720011
61.54439444942125 -23.98238694061101
61.5266140433846 -23.04295004661658
61.462750668167814 -21.861373019778927
61.41497619602501 -20.76429993951892
61.74962835369627 -21.67715280923682
62.12474401957661 -22.802612290295354
62.34355308459146 -23.106642626018875
62.627401072301154 -23.752490163055874
62.562626336795574 -22.566070854361524
62.39500883651249 -20.83920581865875
62.37540497895873 -19.890238186814067
62.82365684340357 -21.40007074282781
63.25833342263536 -22.838609869701934
63.472337381026136 -23.117386587588
63.62498269213688 -23.073635526837847
63.327261396796985 -20.662999707980788
63.17654701401432 -19.024970342951608
63.570914612094725 -20.251609876073964
63.95436585717812 -21.420930208578778
64.2249178016416 -21.996846783131836
64.46799703004262 -22.428430881745612
64.60141310678682 -22.28361905919006
64.14189739326957 -19.022659881363705
63.98466995066394 -17.35040061540088
64.60582957958923 -19.76896360069172
64.9943346136871 -20.96484452100029
65.16104974629468 -20.995091075518527
65.36522653399027 -21.222167764921636
65.53338043091003 -21.259975859055874
65.249671346078 -18.922982320567474
65.32689030643314 -18.48282210892275
66.12383132569857 -21.8252706472237
66.71192335334842 -24.07004423912032
66.79227182771001 -23.646383991599325
66.7806050006385 -22.739077495301398
66.94656195216794 -22.76533936920863
67.07714360115301 -22.605683543217395
67.06670064460195 -21.7048091952192
66.99081018224422 -20.460022860843583
67.04726436725969 -19.91078428617254
67.062653763085 -19.145673908837043
66.98455379567395 -17.889275345932933
66.76123116442375 -15.869647589430757
66.61699368699101 -14.265605556853522
66.57438041990451 -13.195710153690808