0.0000000E+00  0.0000000E+00
  0.1609638      2.4332963E-03
  0.3219275      9.0684807E-03
  0.4828913      2.0430475E-02
  0.6438551      3.9259467E-02
  0.8048189      6.6476777E-02
  0.9657826      9.9549681E-02
   1.126746      0.1382668    
   1.287710      0.1843093    
   1.448674      0.2353337    
   1.609638      0.2911722    
   1.770602      0.3531581    
   1.931565      0.4211219    
   2.092529      0.4924030    
   2.253493      0.5665411    
   2.414457      0.6433687    
   2.575420      0.7220566    
   2.736384      0.8023858    
   2.897348      0.8845960    
   3.058312      0.9698948    
   3.219275       1.057647    
   3.380239       1.148008    
   3.541203       1.243146    
   3.702167       1.341758    
   3.863131       1.443636    
   4.024095       1.549613    
   4.185058       1.658855    
   4.346022       1.770056    
   4.506986       1.883061    
   4.667950       1.998040    
   4.828913       2.112421    
   4.989877       2.226884    
   5.150841       2.342100    
   5.311805       2.456956    
   5.472768       2.572628    
   5.633732       2.689491    
   5.794696       2.809212    
   5.955660       2.933459    
   6.116623       3.061864    
   6.277587       3.195219    
   6.438551       3.338590    
   6.599515       3.486378    
   6.760478       3.638253    
   6.921442       3.795485    
   7.082406       3.950535    
   7.243370       4.104494    
   7.404334       4.257788    
   7.565297       4.405365    
   7.726261       4.550444    
   7.887225       4.693409    
   8.048189       4.834554    
   8.209152       4.975477    
   8.370116       5.117218    
   8.531080       5.260389    
   8.692043       5.406664    
   8.853007       5.555934    
   9.013971       5.707235    
   9.174935       5.858491    
   9.335899       6.010948    
   9.496862       6.161578    
   9.657826       6.309060    
   9.818790       6.453171    
   9.979753       6.592149    
   10.14072       6.726933    
   10.30168       6.858225    
   10.46265       6.984353    
   10.62361       7.107570    
   10.78457       7.228287    
   10.94554       7.346498    
   11.10650       7.462634    
   11.26746       7.577177    
   11.42843       7.690412    
   11.58939       7.802117    
   11.75036       7.911914    
   11.91132       8.019594    
   12.07228       8.124854    
   12.23325       8.226713    
   12.39421       8.325466    
   12.55517       8.420454    
   12.71614       8.510756    
   12.87710       8.596758    
   13.03807       8.678256    
   13.19903       8.753613    
   13.35999       8.824583    
   13.52096       8.890932    
   13.68192       8.950934    
   13.84288       9.006140    
   14.00385       9.057803    
   14.16481       9.106427    
   14.32578       9.154395    
   14.48674       9.200914    
   14.64770       9.246866    
   14.80867       9.292853    
   14.96963       9.338870    
   15.13059       9.384899    
   15.29156       9.431041    
   15.45252       9.477858    
   15.61349       9.524949    
   15.77445       9.572078    
   15.93541       9.619088    
   16.09638       9.666002    
   16.25734       9.713017    
   16.41830       9.760070    
   16.57927       9.806863    
   16.74023       9.853453    
   16.90120       9.900153    
   17.06216       9.947153    
   17.22312       9.994439    
   17.38409       10.04172    
   17.54505       10.08926    
   17.70601       10.13804    
   17.86698       10.18739    
   18.02794       10.23756    
   18.18891       10.28878    
   18.34987       10.34146    
   18.51083       10.39526    
   18.67180       10.45016    
   18.83276       10.50649    
   18.99372       10.56446    
   19.15469       10.62345    
   19.31565       10.68338    
   19.47662       10.74511    
   19.63758       10.80799    
   19.79854       10.87183    
   19.95951       10.93659    
   20.12047       11.00278    
   20.28144       11.06992    
   20.44240       11.13799    
   20.60336       11.20720    
   20.76433       11.27721    
   20.92529       11.34798    
   21.08625       11.41974    
   21.24722       11.49264    
   21.40818       11.56607    
   21.56915       11.63998    
   21.73011       11.71494    
   21.89107       11.79048    
   22.05204       11.86661    
   22.21300       11.94351    
   22.37396       12.02086    
   22.53493       12.09864    
   22.69589       12.17690    
   22.85686       12.25588    
   23.01782       12.33503    
   23.17878       12.41444    
   23.33975       12.49424    
   23.50071       12.57452    
   23.66167       12.65488    
   23.82264       12.73535    
   23.98360       12.81629    
   24.14457       12.89736    
   24.30553       12.97835    
   24.46649       13.05903    
   24.62746       13.13994    
   24.78842       13.22105    
   24.94938       13.30225    
   25.11035       13.38301    
   25.27131       13.46354    
   25.43228       13.54410    
   25.59324       13.62485    
   25.75420       13.70460    
   25.91517       13.78522    
   26.07613       13.86701    
   26.23709       13.95100    
   26.39806       14.03488    
   26.55902       14.11972    
   26.71999       14.20621    
   26.88095       14.29722    
   27.04191       14.39032    
   27.20288       14.48584    
   27.36384       14.58565    
   27.52481       14.68805    
   27.68577       14.79246    
   27.84673       14.89890    
   28.00770       15.00934    
   28.16866       15.12124    
   28.32962       15.23457    
   28.49059       15.34980    
   28.65155       15.46738    
   28.81252       15.58597    
   28.97348       15.70531    
   29.13444       15.82629    
   29.29541       15.94851    
   29.45637       16.07144    
   29.61733       16.19441    
   29.77830       16.31777    
   29.93926       16.44112    
   30.10023       16.56424    
   30.26119       16.68512    
   30.42215       16.80680    
   30.58312       16.92805    
   30.74408       17.04696    
   30.90504       17.16699    
   31.06601       17.28536    
   31.22697       17.40179    
   31.38794       17.51888    
   31.54890       17.63275    
   31.70986       17.74459    
   31.87083       17.85507    
   32.03179       17.95971    
   32.19276       18.06175    
   32.35372       18.16118    
   32.51468       18.25460    
   32.67565       18.34543    
   32.83661       18.43227    
   32.99757       18.51275    
   33.15854       18.58824    
   33.31950       18.65929    
   33.48046       18.72572    
   33.64143       18.78542    
   33.80239       18.83920    
   33.96336       18.88766    
   34.12432       18.92994    
   34.28528       18.96374    
   34.44625       18.99145    
   34.60721       19.01249    
   34.76817       19.02214    
   34.92914       19.02242    
   35.09010       19.01502    
   35.25107       18.99937    
   35.41203       18.96882    
   35.57299       18.92830    
   35.73396       18.87743    
   35.89492       18.81134    
   36.05589       18.72962    
   36.21685       18.63526    
   36.37781       18.52780    
   36.53878       18.40103    
   36.69974       18.26054    
   36.86070       18.10588    
   37.02167       17.93138    
   37.18263       17.73667    
   37.34360       17.52741    
   37.50456       17.30387    
   37.66552       17.05559    
   37.82649       16.79160    
   37.98745       16.51238    
   38.14841       16.21369    
   38.30938       15.89471    
   38.47034       15.56161    
   38.63131       15.21457    
   38.79227       14.84469    
   38.95323       14.46046    
   39.11420       14.06456    
   39.27516       13.65728    
   39.43612       13.23923    
   39.59709       12.81309    
   39.75805       12.37897    
   39.91901       11.93523    
   40.07998       11.48391    
   40.24094       11.02634    
   40.40191       10.56204    
   40.56287       10.09214    
   40.72383       9.619567    
   40.88480       9.144987    
   41.04576       8.670585    
   41.20673       8.200655    
   41.36769       7.737809    
   41.52865       7.286889    
   41.68962       6.865432    
   41.85058       6.473780    
   42.01154       6.121235    
   42.17251       5.872015    
   42.33347       5.724578    
   42.49444       5.621847    
   42.65540       5.529845    
   42.81636       5.439198    
   42.97733       5.349428    
   43.13829       5.260365    
   43.29926       5.171496    
   43.46022       5.083407    
   43.62118       4.995499    
   43.78215       4.907425    
   43.94311       4.819901    
   44.10407       4.732325    
   44.26504       4.644863    
   44.42600       4.558307    
   44.58696       4.472120    
   44.74793       4.386613    
   44.90889       4.302065    
   45.06985       4.218628    
   45.23082       4.136097    
   45.39178       4.054438    
   45.55275       3.973816    
   45.71371       3.893626    
   45.87468       3.813953    
   46.03564       3.734894    
   46.19660       3.656186    
   46.35757       3.577817    
   46.51853       3.499607    
   46.67949       3.421178    
   46.84046       3.342540    
   47.00142       3.264398    
   47.16238       3.187020    
   47.32335       3.110490    
   47.48431       3.034838    
   47.64528       2.960073    
   47.80624       2.886519    
   47.96721       2.812394    
   48.12817       2.738163    
   48.28913       2.663998    
   48.45010       2.591008    
   48.61106       2.515963    
   48.77202       2.439905    
   48.93299       2.364001    
   49.09395       2.289061    
   49.25491       2.212098    
   49.41588       2.132837    
   49.57684       2.055190    
   49.73780       1.978354    
   49.89877       1.901809    
   50.05973       1.825048    
   50.22070       1.750040    
   50.38166       1.675470    
   50.54263       1.601237    
   50.70359       1.527975    
   50.86455       1.456042    
   51.02552       1.384339    
   51.18648       1.311926    
   51.34744       1.240362    
   51.50841       1.167859    
   51.66937       1.094427    
   51.83033       1.021034    
   51.99130      0.9476488    
   52.15226      0.8745870    
   52.31322      0.8021619    
   52.47419      0.7387744    
   52.63515      0.6849310    
   52.79612      0.6425940    
   52.95708      0.6230257    
   53.11805      0.6078969    
   53.27901      0.5942881    
   53.43997      0.5808222    
   53.60094      0.5666035    
   53.76190      0.5524763    
   53.92286      0.5385935    
   54.08383      0.5254387    
   54.24479      0.5125867    
   54.40575      0.4996229    
   54.56672      0.4863427    
   54.72768      0.4732714    
   54.88865      0.4600385    
   55.04961      0.4469884    
   55.21058      0.4351252    
   55.37154      0.4239143    
   55.53250      0.4122441    
   55.69347      0.3996900    
   55.85443      0.3877498    
   56.01539      0.3759549    
   56.17636      0.3645941    
   56.33732      0.3544304    
   56.49828      0.3442155    
   56.65925      0.3336167    
   56.82021      0.3225327    
   56.98117      0.3115005    
   57.14214      0.3012317    
   57.30310      0.2916639    
   57.46407      0.2829370    
   57.62503      0.2735333    
   57.78600      0.2639971    
   57.94696      0.2544166    
   58.10792      0.2444548    
   58.26889      0.2356402    
   58.42985      0.2276562    
   58.59081      0.2203659    
   58.75178      0.2120117    
   58.91274      0.2034031    
   59.07370      0.1946845    
   59.23467      0.1860037    
   59.39563      0.1791636    
   59.55659      0.1728476    
   59.71756      0.1658344    
   59.87852      0.1585959    
   60.03949      0.1510922    
   60.20045      0.1433748    
   60.36142      0.1358235    
   60.52238      0.1306738    
   60.68334      0.1258155    
   60.84431      0.1195705    
   61.00527      0.1134005    
   61.16623      0.1070924    
   61.32720      0.1006564    
   61.48816      9.4218247E-02
   61.64912      8.9563295E-02
   61.81009      8.4472373E-02
   61.97105      7.7381246E-02
   62.13202      6.9500506E-02
   62.29298      6.1852522E-02
   62.45395      5.4361951E-02
   62.61491      4.6552181E-02
   62.77587      3.8865544E-02
   62.93684      3.1614643E-02
   63.09780      2.5039773E-02
   63.25876      1.8624712E-02
   63.41973      1.2867073E-02

