0.16096379999999044 0.0
-0.7021900264625174 0.0007874660782143528
-2.1174840211180026 0.001999484730116169
-3.9878605806231917 0.003561426191994573
-6.167802887053654 0.005361399440637366
-7.522217651812639 0.006526606661312688
-8.314509364974015 0.007259585099922034
-9.478159818205995 0.008278109753274632
-10.215713375280984 0.008968999303149492
-10.537033938339277 0.009339838316877404
-11.451920208154434 0.010167082818437331
-12.988123931754899 0.011472070956396303
-13.24788234060361 0.01179557350054027
-12.678149688480516 0.01148126245804092
-12.233817535420258 0.011263374566841483
-11.708496712952638 0.010983211970155634
-11.138517976579124 0.010668711708162797
-10.716836297424834 0.01046824025540478
-10.700091425464507 0.010579133456845436
-10.694301005616012 0.010698449004115181
-10.620103675946893 0.010765165770345211
-12.122342679930057 0.012044038470966748
-13.81780513609408 0.013471484855932442
-14.002454154899965 0.013737234168356502
-13.887209617017334 0.013772388849925063
-13.805248231059522 0.013833134896716585
-13.34252378154622 0.013601104771659232
-12.773819511490842 0.013287584474335942
-12.350095163044102 0.013085542369054983
-11.398979576882539 0.012477976985065515
-10.398092627715755 0.01183214209435014
-9.826107464365691 0.0115160990473335
-9.689075678818995 0.011534501043756362
-9.555007734736478 0.011555181232952792
-9.266907689439563 0.01145742358268055
-9.377358869190175 0.011666120574620867
-10.083814735999908 0.012333098439008353
-10.779524713625051 0.012991812788261742
-11.475953395896681 0.013651080533957215
-13.414986272489728 0.015265813474213689
-14.399597293353622 0.01614667084230899
-14.349680836637276 0.016232056927088734
-14.585222866544541 0.016536938974599232
-11.853196247496953 0.014559993414006898
-9.452508224669032 0.012837821254107559
-8.627968803015278 0.012327583784884485
-6.654376336944438 0.010933813851239356
-4.988299813047206 0.009776500334148565
-4.100657852302106 0.009217741960146917
-3.3485077823378333 0.008763166226424467
-3.0336564872051213 0.008644838193635325
-3.1433392075617803 0.008852944300555521
-3.425082284920677 0.009193351330996255
-4.48381375793781 0.010131200746193957
-6.158532639464397 0.011542696948738329
-6.665658657384483 0.012056405788506815
-5.967131789606469 0.011643062092744709
-5.461340648068926 0.01137791705832041
-4.511978198502561 0.010771699698911572
-2.94995887797495 0.009694398012231036
-1.4047174492105796 0.008629997208785121
0.38578991404449425 0.007377005363756059
1.9768617569658318 0.006277366872087487
3.0850441718495176 0.005549027105438257
6.343426283577173 0.0031673600553088297
9.325435350827888 0.0009981945171389738
9.829905197719654 0.0007340623790101133
9.70098742555274 0.0009569633461081404
9.729044736880951 0.001059155092981157
9.723618155776762 0.0011870933277092221
9.697728598039134 0.0013307736762106141
9.78624299236185 0.001386478666616872
10.062881775077358 0.0012975384421375817
10.462499801986496 0.0011140291322894378
10.957889445740648 0.0008568789584071175
13.956810774140877 -0.0013252830933037367
15.976109166645983 -0.0027541996074033214
16.34519850842537 -0.0029142347520986272
16.989874118107195 -0.0032861664392577535
17.714585580228686 -0.0037196471106586354
18.427573236035187 -0.004144105405034809
19.566361891095312 -0.004895978970586909
20.42738159637645 -0.005434269993237252
21.051445117240974 -0.005790352600261221
22.15782493807353 -0.006517306313424093
21.666641314093795 -0.0060158590002610274
12.791379974974689 0.0009322943811509294
9.679270062079922 0.003449028507293102
11.684588396075355 0.0020308692512464176
12.748183139763796 0.0013368139076887324
13.410149511459053 0.0009515792910700615
13.646884315565785 0.0008933220973251827
13.767479715845298 0.0009243593095779941
13.889049977016043 0.000954646930242785
13.988111755088653 0.0010022494987671283
13.93421621858829 0.0011674565598112812
9.31630940279797 0.004842038126048635
0.7999156241604624 0.011514242802542188
-0.6027761355215944 0.012716568401971214
2.0458037134064853 0.010803791478184686
3.6913858710447585 0.009662233446125908
4.867556561415654 0.008881616026493329
5.869330371933415 0.00823510382246611
6.715225999505492 0.007708442029716153
7.342521246190927 0.0073498744789310755
7.798746863052202 0.0071228383709323155
8.196310228087896 0.006940908934961745
2.0482806821688655 0.011792034905866415
-3.4984072008990097 0.0161807685991887
-3.038957610044122 0.015951253507976257
-1.0692309925468635 0.014560461491219449
0.2954605155093759 0.013634886344442796
1.222487503149182 0.013045848586414041
1.8285947994421576 0.012703565218947097
2.359307220594701 0.012419254598855407
2.8686314377496274 0.012151397519834446
3.234645440183499 0.01199372706996284
3.4648966725334276 0.011940447545315298
-0.10943537606476639 0.014812601940832518
-1.5582486502869415 0.016050391368618914
-0.4787257785997099 0.015344096232748556
0.39256704244019147 0.014797905989580454
1.1852229386661293 0.014312181375782062
1.8547280724558277 0.013921157731432612
2.2975421476730844 0.013704434047377709
2.7288549686682018 0.013496561615238234
3.1956202239106233 0.013261421351722955
3.5614612662246827 0.013103883894621813
2.700946145428361 0.013889325859282185
-2.153515595658291 0.01774579192591301
-3.4668450188329416 0.018879404895344603
-1.800714837414489 0.017722054733356793
-0.5717984686467616 0.016900880022752654
0.46113719448442225 0.016230406797423394
1.1666097406158542 0.015811719343922094
1.8053717081344303 0.015444327094690133
2.434932923024803 0.015084017192026929
2.9394845032190915 0.01481982220739692
3.4618297152244395 0.014541945315078202
0.7060851183724708 0.016784670144509833
-3.7990800697839404 0.020372554549795634
-4.074985151961414 0.020708477233220644
-2.177594833196622 0.01937329846918426
-0.7842719801758449 0.018425708063073885
0.2525778488892456 0.0177522251510459
1.0732431547654642 0.01724496349740547
1.8676043688228674 0.01675792762790623
2.618834027742878 0.016304064231638233
3.2000306790307604 0.015980935196971108
3.7623767021261756 0.015672308506548195
3.7981852305387065 0.0157685401752455
4.008020697580719 0.015730958773347837
4.5802180390410285 0.01541475719153062
5.129984050384451 0.015115795854547705
5.659425328882321 0.014832462643489067
6.29145080741921 0.014470257915301097
6.886451999293172 0.01413651427131808
7.341058967646177 0.013910730466322203
7.702842800850021 0.013756312684906812
8.329767099517426 0.013398022674846142
8.209574702551436 0.013614214512559255
-30.711789249393178 0.04366545724077083
-46.899356721418144 0.05623619300138591
-36.54448683460919 0.048397883277986276
-30.196875032877188 0.04364083312924445
-26.1279736688233 0.04063594032576694
-23.881227248168443 0.03903213411190462
-21.95236623643973 0.037672756852552475
-20.10886155785022 0.03637901960992848
-19.108284062621692 0.035733419589341356
-18.098074855789378 0.035080421226956114
-25.356963174167504 0.04078570280376978
-49.89637587008326 0.05977835268495263
-56.348431311754325 0.06486325073144168
-48.46379451491248 0.058924348877459204
-43.023545006280415 0.054864989187091776
-39.180249634072084 0.05203356970189056
-36.355971779199194 0.049985687098553645
-33.79142290860955 0.04813752340835687
-31.37808234058673 0.04640561935758482
-29.49592632545182 0.04508215457853916
-27.874467777918426 0.043959153400368
-31.71910070690012 0.047039140289767106
-36.85398782446157 0.05111123148314202
-35.79692816224724 0.050422208794047116
-32.34057970697006 0.0478883134587788
-29.637001068036284 0.04593324677785677
-26.914742140945236 0.04396380873082142
-25.056734609844057 0.0426589122425486
-23.556239188506083 0.0416289222238708
-21.526098380155986 0.04019166874212515
-20.28827664817038 0.03936364650546358
-18.95851166613693 0.038464934807873864
-19.77990086395539 0.03922028431635771
-20.471682789882152 0.03987598368429913
-18.552069788702852 0.03852371741993576
-16.336282647256212 0.036943716464310467
-14.82461399517581 0.03590513510726921
-12.46137865448759 0.034211758047635966
-10.516739073066788 0.03284025599458226
-9.246581943419415 0.031987370372492406
-7.179149682703496 0.030521442687848586
-5.648211162600546 0.029468044313221673
-4.557715391960073 0.02875330418921009
-4.689741051801093 0.028978587189028477
-3.661382907758025 0.028311633716961136
-1.7311949419517987 0.02695123613396783
-0.10276772264160172 0.02582286890438836
1.9251668445975838 0.024387319538284664
3.8758694000630385 0.023011147844364057
5.3791467823504036 0.021979018715845778
6.938413262280164 0.020903830672052207
9.113037389061674 0.019355480847169485
10.837090642499106 0.018153592384466764
16.75025162120744 0.013730600853943446
29.711011448623594 0.0038885584012181423
34.59558111443755 0.00025648062910774605
33.28833717218504 0.0013854143408645408
32.964701456707644 0.0017580381388043913
34.88816754285324 0.000402809154216857
36.54490828009216 -0.0007473289506260603
37.53238810879793 -0.0013828502034111047
39.907955007756414 -0.0030857092644538237
42.92605868997691 -0.005282621042190725
44.97847290617949 -0.00673700102814785
49.5625227409198 -0.010138010302721814
55.86661966151314 -0.01486159323059356
58.3812338473673 -0.016671368752754014
59.11083881421007 -0.017108612145592665
61.6828518262605 -0.018962515175319748
65.08459985797913 -0.021454427066015073
66.87110558022903 -0.022704336580423076
67.82671578257236 -0.023315360278604595
71.51859589478579 -0.026030360990346203
74.18576873837503 -0.027957434469176208
75.23523743354622 -0.028640627989027976
94.81032911011823 -0.04356857301316458
107.29842182212349 -0.05304716382609618
105.13027317395893 -0.051256261897837434
102.3631895319212 -0.04900481823173676
103.10333554207625 -0.04945016686037397
103.42717501000027 -0.04957540840005435
102.12763682649938 -0.04845239212336381
100.98314675000597 -0.04744860337307086
100.1394756152987 -0.04667612080221542
98.89374111509028 -0.04559447533930463
99.61105813652216 -0.04602227026560299
111.24373405237634 -0.054843120323555344
114.80305159968759 -0.0574561831277183
110.49642000162453 -0.05402095548647073
107.66465989918925 -0.05171978069351593
105.45735497344367 -0.049898770657986875
102.9005668678708 -0.047809035459662086
100.28036300888903 -0.045670530830091365
97.53274390529157 -0.04343406155707972
93.87915097467669 -0.0405009617580274
89.55935809321863 -0.037055614121807065
110.6408498021035 -0.05314186265605438
148.87226518131877 -0.08241505010183289
146.70455584866568 -0.08062448597275632
121.80210155619943 -0.06135268556941442
86.50151572993423 -0.034085529630441806
48.95931813795403 -0.005094757694520795
31.956068179607655 0.008103181630758653
32.96753932950571 0.007449205243886997
38.89322563053793 0.0030165827225898394
43.6977132077036 -0.0005539182024754827
46.91338849282363 -0.002902754740742663
58.69764824250535 -0.011840153192214207
68.59074458388397 -0.019323402955417252
69.23112731762171 -0.01969204144678986
67.80258041179457 -0.01846982757802544
66.91128901752711 -0.017660728761406654
66.37135631998581 -0.01712179723302208
66.0389180718804 -0.01674240497768567
65.56212536391979 -0.016252023150569443
65.18818562533465 -0.015840727192344393
64.87705033210761 -0.015477715238974293
64.48511755250559 -0.015052584043016543
63.71139053288516 -0.014333883012441753
63.20229368845571 -0.013818654148087806
63.012584914475156 -0.01354901735634905
62.778139362742195 -0.013244973801051588
62.66873709800234 -0.013037086418197003
62.61397522634525 -0.01287120552412964
62.49708716692044 -0.012657562152113068
62.43010731898187 -0.012482294281495762
62.393352958042556 -0.012330259751226376
62.38837413918236 -0.012202665810555607
63.19653133518909 -0.012700309708450033
66.13000365938706 -0.01483214660769503
66.90965463333725 -0.015307871455961214
65.91295662350501 -0.014417723216759791
65.19624977902083 -0.01374285854077594
64.64623080645083 -0.013196171457744986
64.2017243555241 -0.012730607541551503
63.7504994772238 -0.012259885370706027
63.753879262423766 -0.01213871085195498
63.88457737808312 -0.012115441835689467
63.85765615258617 -0.011970975904788673
64.18639095626077 -0.012099973884608768
65.50936009108761 -0.01299346779776554
66.14085411108488 -0.013355271565223294
65.82631287226809 -0.012989640706750086
65.2796368562872 -0.012445524095219795
65.48703809144365 -0.012481233763662152
66.17530402177124 -0.01288668298954128
65.81774402776023 -0.012487981770580619
65.18031443846257 -0.011874082777031433
64.94825562898495 -0.011571874439387165
64.95646654488655 -0.011454422370559445
65.96652557212508 -0.012107305256612487
66.71473739820169 -0.01255885586526388
66.50490075244807 -0.012273734629114328
65.97578592699892 -0.01174312119615431
65.40594560174179 -0.011181193047071755
65.17122331203427 -0.01087693670197048
65.36628648504131 -0.01090315936803043
65.26533014515951 -0.010701766239158384
65.38547161602344 -0.010670372301561114
65.75482675429873 -0.010830611822920935
65.81775368578792 -0.010755232079873093
66.08597907807598 -0.01083770306679604
66.12005621540084 -0.01074014009410817
65.83419306592862 -0.0103965681269477
63.53473587239273 -0.008504692533803435
60.32058681500837 -0.005909498306296586
57.150612421275014 -0.0033482632422472277
51.40743078935293 0.0011915587371415788
49.37063961309161 0.0028814647582798944
50.87859081180534 0.001845734142181313
52.476437969375866 0.0007408805823393846
54.066396766529465 -0.00035789975764141614
55.348718403038106 -0.0012201389317054103
56.103631133962494 -0.0016768420107761259
56.49543681495629 -0.001854336549954625
56.886530897772104 -0.0020312916151457036
57.40464277477031 -0.002305913404773804
57.95987521421898 -0.0026090703071386
58.34230886175715 -0.0027793661766538458
58.704068951398995 -0.0029337580119158904
59.01048239741306 -0.003045600307097638
59.0018468814269 -0.002915186963837619
59.010644603379546 -0.0027981861028525006
59.405561240892325 -0.002978080412884259
60.00793425488257 -0.0033174847208443593
60.214139725882546 -0.003352274940408808
60.31552972942859 -0.0033064702839365064
60.43866161079677 -0.0032773757375429697
60.33855915404149 -0.003076639177843528
60.47959969258659 -0.0030613226738420477
60.884033398121915 -0.0032485271737471236
61.29993319162054 -0.0034445558854718523
61.54439444942125 -0.0035087618055027084
61.5266140433846 -0.0033713167588319795
61.462750668167814 -0.0031984452113795066
61.41497619602501 -0.003037937079666265
61.74962835369627 -0.0031714927299541797
62.12474401957661 -0.003336153956151478
62.34355308459146 -0.003380635351282937
62.627401072301154 -0.0034751265783549193
62.562626336795574 -0.0033015465770828856
62.39500883651249 -0.0030488962426713606
62.37540497895873 -0.00291005679397426
62.82365684340357 -0.003130954022359592
63.25833342263536 -0.0033414206100514897
63.472337381026136 -0.003382207254950695
63.62498269213688 -0.003375806221922143
63.327261396796985 -0.003023116270370269
63.17654701401432 -0.002783463107966585
63.570914612094725 -0.002962927560508261
63.95436585717812 -0.0031340058827474438
64.2249178016416 -0.00321826580587152
64.46799703004262 -0.0032814090536570023
64.60141310678682 -0.0032602222471382674
64.14189739326957 -0.0027831250740839365
63.98466995066394 -0.002538463879356383
64.60582957958923 -0.0028923136211692346
64.9943346136871 -0.003067277910899823
65.16104974629468 -0.003071703156623047
65.36522653399027 -0.003104925788576684
65.53338043091003 -0.0031104573312444586
65.249671346078 -0.002768541670895022
65.32689030643314 -0.0027041436882110827
66.12383132569857 -0.00319316322563624
66.71192335334842 -0.0035215865748530095
66.79227182771001 -0.0034596026322749563
66.7806050006385 -0.003326858448471309
66.94656195216794 -0.003330700712393362
67.07714360115301 -0.0033073421423873294
67.06670064460195 -0.003175539019051822
66.99081018224422 -0.0029934195846150085
67.04726436725969 -0.002913062807047921
67.062653763085 -0.0028011227372109794
66.98455379567395 -0.00261730436663247
66.76123116442375 -0.0023218211542693134
66.61699368699101 -0.0020871405350188035
66.57438041990451 -0.001930608654526819