0.0000000E+00  0.0000000E+00
  0.1609638      1.2515892E-02
  0.3219275      2.9233672E-02
  0.4828913      5.0678264E-02
  0.6438551      7.9589851E-02
  0.8048189      0.1168898    
  0.9657826      0.1600453    
   1.126746      0.2088450    
   1.287710      0.2649701    
   1.448674      0.3260770    
   1.609638      0.3919982    
   1.770602      0.4650252    
   1.931565      0.5466570    
   2.092529      0.6316059    
   2.253493      0.7194118    
   2.414457      0.8099074    
   2.575420      0.9022632    
   2.736384      0.9962603    
   2.897348       1.092138    
   3.058312       1.191105    
   3.219275       1.292525    
   3.380239       1.396554    
   3.541203       1.509507    
   3.702167       1.629543    
   3.863131       1.752845    
   4.024095       1.880245    
   4.185058       2.010911    
   4.346022       2.143536    
   4.506986       2.277965    
   4.667950       2.414368    
   4.828913       2.550173    
   4.989877       2.686059    
   5.150841       2.822700    
   5.311805       2.961274    
   5.472768       3.101230    
   5.633732       3.242378    
   5.794696       3.386384    
   5.955660       3.534915    
   6.116623       3.687604    
   6.277587       3.845244    
   6.438551       4.012899    
   6.599515       4.184972    
   6.760478       4.361132    
   6.921442       4.542226    
   7.082406       4.715472    
   7.243370       4.887627    
   7.404334       5.059117    
   7.565297       5.224891    
   7.726261       5.388166    
   7.887225       5.549327    
   8.048189       5.708668    
   8.209152       5.867787    
   8.370116       6.027724    
   8.531080       6.189093    
   8.692043       6.355260    
   8.853007       6.527763    
   9.013971       6.702297    
   9.174935       6.876786    
   9.335899       7.052476    
   9.496862       7.226339    
   9.657826       7.397054    
   9.818790       7.564399    
   9.979753       7.726610    
   10.14072       7.884626    
   10.30168       8.039151    
   10.46265       8.180715    
   10.62361       8.314260    
   10.78457       8.445305    
   10.94554       8.573844    
   11.10650       8.700308    
   11.26746       8.825178    
   11.42843       8.948741    
   11.58939       9.070774    
   11.75036       9.190899    
   11.91132       9.308907    
   12.07228       9.424495    
   12.23325       9.527478    
   12.39421       9.626000    
   12.55517       9.720757    
   12.71614       9.810827    
   12.87710       9.896598    
   13.03807       9.977864    
   13.19903       10.05299    
   13.35999       10.12373    
   13.52096       10.18985    
   13.68192       10.24962    
   13.84288       10.31030    
   14.00385       10.40281    
   14.16481       10.49228    
   14.32578       10.58109    
   14.48674       10.66845    
   14.64770       10.75525    
   14.80867       10.84208    
   14.96963       10.92894    
   15.13059       11.01582    
   15.29156       11.10280    
   15.45252       11.19046    
   15.61349       11.29730    
   15.77445       11.43181    
   15.93541       11.56619    
   16.09638       11.70047    
   16.25734       11.83486    
   16.41830       11.96929    
   16.57927       12.10345    
   16.74023       12.23741    
   16.90120       12.37148    
   17.06216       12.50586    
   17.22312       12.64051    
   17.38409       12.80219    
   17.54505       12.97723    
   17.70601       13.15350    
   17.86698       13.33034    
   18.02794       13.50800    
   18.18891       13.68671    
   18.34987       13.86688    
   18.51083       14.04817    
   18.67180       14.23057    
   18.83276       14.41439    
   18.99372       14.59985    
   19.15469       14.80239    
   19.31565       15.00687    
   19.47662       15.21316    
   19.63758       15.42059    
   19.79854       15.62898    
   19.95951       15.83829    
   20.12047       16.04903    
   20.28144       16.26073    
   20.44240       16.47335    
   20.60336       16.68711    
   20.76433       16.90679    
   20.92529       17.14673    
   21.08625       17.38764    
   21.24722       17.62969    
   21.40818       17.87227    
   21.56915       18.11534    
   21.73011       18.35946    
   21.89107       18.60415    
   22.05204       18.84943    
   22.21300       19.09550    
   22.37396       19.34199    
   22.53493       19.60239    
   22.69589       19.87809    
   22.85686       20.15452    
   23.01782       20.43113    
   23.17878       20.70798    
   23.33975       20.98523    
   23.50071       21.26295    
   23.66167       21.54076    
   23.82264       21.81868    
   23.98360       22.09706    
   24.14457       22.37559    
   24.30553       22.65646    
   24.46649       22.93787    
   24.62746       23.21951    
   24.78842       23.50136    
   24.94938       23.78329    
   25.11035       24.06478    
   25.27131       24.34605    
   25.43228       24.62734    
   25.59324       24.90882    
   25.75420       25.18930    
   25.91517       25.47234    
   26.07613       25.91533    
   26.23709       26.36053    
   26.39806       26.80562    
   26.55902       27.25167    
   26.71999       27.69938    
   26.88095       28.15160    
   27.04191       28.60590    
   27.20288       29.06263    
   27.36384       29.52366    
   27.52481       29.98726    
   27.68577       30.48786    
   27.84673       31.08140    
   28.00770       31.67893    
   28.16866       32.27792    
   28.32962       32.87834    
   28.49059       33.48067    
   28.65155       34.08533    
   28.81252       34.69102    
   28.97348       35.29746    
   29.13444       35.90553    
   29.29541       36.51483    
   29.45637       37.14734    
   29.61733       37.79862    
   29.77830       38.45030    
   29.93926       39.10197    
   30.10023       39.75340    
   30.26119       40.40260    
   30.42215       41.05260    
   30.58312       41.70216    
   30.74408       42.34940    
   30.90504       42.99774    
   31.06601       43.64443    
   31.22697       44.29965    
   31.38794       44.95795    
   31.54890       45.61303    
   31.70986       46.26607    
   31.87083       46.91776    
   32.03179       47.56361    
   32.19276       48.20686    
   32.35372       48.84748    
   32.51468       49.48211    
   32.67565       50.11415    
   32.83661       50.74293    
   32.99757       51.37392    
   33.15854       51.99992    
   33.31950       52.62147    
   33.48046       53.23841    
   33.64143       53.84863    
   33.80239       54.45290    
   33.96336       55.05187    
   34.12432       55.64466    
   34.28528       56.22896    
   34.44625       56.80718    
   34.60721       57.36024    
   34.76817       57.86715    
   34.92914       58.36471    
   35.09010       58.85458    
   35.25107       59.33621    
   35.41203       59.80292    
   35.57299       60.25967    
   35.73396       60.70607    
   35.89492       61.13725    
   36.05589       61.55281    
   36.21685       61.95573    
   36.37781       62.33358    
   36.53878       62.68466    
   36.69974       63.02203    
   36.86070       63.34520    
   37.02167       63.64856    
   37.18263       63.93170    
   37.34360       64.20029    
   37.50456       64.45459    
   37.66552       64.68416    
   37.82649       64.89802    
   37.98745       65.09663    
   38.14841       65.20466    
   38.30938       65.28288    
   38.47034       65.34696    
   38.63131       65.39711    
   38.79227       65.42444    
   38.95323       65.43739    
   39.11420       65.43868    
   39.27516       65.42860    
   39.43612       65.40773    
   39.59709       65.37880    
   39.75805       65.33370    
   39.91901       65.23248    
   40.07998       65.12371    
   40.24094       65.00867    
   40.40191       64.88692    
   40.56287       64.75954    
   40.72383       64.62950    
   40.88480       64.49746    
   41.04576       64.36559    
   41.20673       64.23820    
   41.36769       64.11789    
   41.52865       63.90166    
   41.68962       63.56405    
   41.85058       63.25623    
   42.01154       62.98753    
   42.17251       62.82214    
   42.33347       62.75855    
   42.49444       62.73965    
   42.65540       62.73149    
   42.81636       62.72468    
   42.97733       62.71875    
   43.13829       62.71353    
   43.29926       62.66988    
   43.46022       62.60919    
   43.62118       62.54868    
   43.78215       62.48800    
   43.94311       62.42787    
   44.10407       62.36769    
   44.26504       62.30762    
   44.42600       62.24846    
   44.58696       62.18967    
   44.74793       62.13156    
   44.90889       62.07441    
   45.06985       62.01982    
   45.23082       61.96622    
   45.39178       61.91349    
   45.55275       61.86180    
   45.71371       61.81054    
   45.87468       61.75979    
   46.03564       61.70966    
   46.19660       61.65987    
   46.35757       61.61043    
   46.51853       61.56115    
   46.67949       61.50875    
   46.84046       61.44581    
   47.00142       61.38336    
   47.16238       61.32167    
   47.32335       61.26084    
   47.48431       61.20088    
   47.64528       61.14181    
   47.80624       61.08395    
   47.96721       61.02552    
   48.12817       60.96698    
   48.28913       60.90850    
   48.45010       60.84853    
   48.61106       60.78367    
   48.77202       60.71779    
   48.93299       60.65207    
   49.09395       60.58731    
   49.25491       60.52053    
   49.41588       60.45145    
   49.57684       60.38399    
   49.73780       60.31734    
   49.89877       60.25098    
   50.05973       60.18439    
   50.22070       60.11372    
   50.38166       60.04156    
   50.54263       59.96974    
   50.70359       59.89888    
   50.86455       59.82936    
   51.02552       59.76007    
   51.18648       59.69007    
   51.34744       59.62092    
   51.50841       59.55083    
   51.66937       59.47980    
   51.83033       59.40879    
   51.99130       59.33640    
   52.15226       59.26432    
   52.31322       59.19288    
   52.47419       59.13048    
   52.63515       59.07763    
   52.79612       59.03627    
   52.95708       59.01769    
   53.11805       59.00356    
   53.27901       58.99093    
   53.43997       58.97845    
   53.60094       58.96494    
   53.76190       58.95081    
   53.92286       58.93692    
   54.08383       58.92377    
   54.24479       58.91092    
   54.40575       58.89795    
   54.56672       58.88467    
   54.72768       58.87160    
   54.88865       58.85837    
   55.04961       58.84532    
   55.21058       58.83345    
   55.37154       58.82225    
   55.53250       58.81057    
   55.69347       58.79802    
   55.85443       58.78608    
   56.01539       58.77428    
   56.17636       58.76292    
   56.33732       58.75276    
   56.49828       58.74255    
   56.65925       58.73195    
   56.82021       58.72086    
   56.98117       58.70983    
   57.14214       58.69956    
   57.30310       58.68999    
   57.46407       58.68127    
   57.62503       58.67186    
   57.78600       58.66233    
   57.94696       58.65275    
   58.10792       58.64278    
   58.26889       58.63397    
   58.42985       58.62599    
   58.59081       58.61870    
   58.75178       58.61034    
   58.91274       58.60173    
   59.07370       58.59301    
   59.23467       58.58434    
   59.39563       58.57750    
   59.55659       58.57118    
   59.71756       58.56416    
   59.87852       58.55693    
   60.03949       58.54942    
   60.20045       58.54171    
   60.36142       58.53415    
   60.52238       58.52900    
   60.68334       58.52415    
   60.84431       58.51790    
   61.00527       58.51173    
   61.16623       58.50542    
   61.32720       58.49899    
   61.48816       58.49255    
   61.64912       58.48789    
   61.81009       58.48280    
   61.97105       58.47571    
   62.13202       58.46783    
   62.29298       58.46018    
   62.45395       58.45269    
   62.61491       58.44488    
   62.77587       58.43719    
   62.93684       58.42995    
   63.09780       58.42337    
   63.25876       58.41695    
   63.41973       58.41120    
   63.58069       58.40625    
   63.74165       58.40276    
   63.90262       58.40024    
   64.06358       58.39872    
   64.22455       58.39833    
   67.43578       58.39833    
