  0.0000000E+00  0.0000000E+00
  0.1609638      1.0082596E-02
  0.3219275      2.0165192E-02
  0.4828913      3.0247789E-02
  0.6438551      4.0330384E-02
  0.8048189      5.0412983E-02
  0.9657826      6.0495578E-02
   1.126746      7.0578173E-02
   1.287710      8.0660768E-02
   1.448674      9.0743370E-02
   1.609638      0.1008260    
   1.770602      0.1118671    
   1.931565      0.1255350    
   2.092529      0.1392029    
   2.253493      0.1528708    
   2.414457      0.1665387    
   2.575420      0.1802066    
   2.736384      0.1938745    
   2.897348      0.2075423    
   3.058312      0.2212102    
   3.219275      0.2348781    
   3.380239      0.2485460    
   3.541203      0.2663613    
   3.702167      0.2877851    
   3.863131      0.3092089    
   4.024095      0.3306327    
   4.185058      0.3520565    
   4.346022      0.3734803    
   4.506986      0.3949041    
   4.667950      0.4163280    
   4.828913      0.4377518    
   4.989877      0.4591756    
   5.150841      0.4805994    
   5.311805      0.5043179    
   5.472768      0.5286024    
   5.633732      0.5528869    
   5.794696      0.5771715    
   5.955660      0.6014561    
   6.116623      0.6257406    
   6.277587      0.6500251    
   6.438551      0.6743097    
   6.599515      0.6985943    
   6.760478      0.7228788    
   6.921442      0.7467405    
   7.082406      0.7649367    
   7.243370      0.7831330    
   7.404334      0.8013293    
   7.565297      0.8195255    
   7.726261      0.8377218    
   7.887225      0.8559180    
   8.048189      0.8741143    
   8.209152      0.8923105    
   8.370116      0.9105068    
   8.531080      0.9287031    
   8.692043      0.9485958    
   8.853007      0.9718289    
   9.013971      0.9950620    
   9.174935       1.018295    
   9.335899       1.041528    
   9.496862       1.064761    
   9.657826       1.087994    
   9.818790       1.111227    
   9.979753       1.134460    
   10.14072       1.157693    
   10.30168       1.180927    
   10.46265       1.196362    
   10.62361       1.206690    
   10.78457       1.217018    
   10.94554       1.227346    
   11.10650       1.237673    
   11.26746       1.248001    
   11.42843       1.258329    
   11.58939       1.268657    
   11.75036       1.278985    
   11.91132       1.289312    
   12.07228       1.299640    
   12.23325       1.300765    
   12.39421       1.300534    
   12.55517       1.300303    
   12.71614       1.300071    
   12.87710       1.299840    
   13.03807       1.299609    
   13.19903       1.299377    
   13.35999       1.299146    
   13.52096       1.298915    
   13.68192       1.298683    
   13.84288       1.304159    
   14.00385       1.345004    
   14.16481       1.385849    
   14.32578       1.426694    
   14.48674       1.467538    
   14.64770       1.508383    
   14.80867       1.549228    
   14.96963       1.590073    
   15.13059       1.630918    
   15.29156       1.671763    
   15.45252       1.712608    
   15.61349       1.772355    
   15.77445       1.859728    
   15.93541       1.947099    
   16.09638       2.034472    
   16.25734       2.121844    
   16.41830       2.209215    
   16.57927       2.296588    
   16.74023       2.383959    
   16.90120       2.471331    
   17.06216       2.558704    
   17.22312       2.646075    
   17.38409       2.760474    
   17.54505       2.887967    
   17.70601       3.015458    
   17.86698       3.142951    
   18.02794       3.270442    
   18.18891       3.397933    
   18.34987       3.525426    
   18.51083       3.652917    
   18.67180       3.780409    
   18.83276       3.907901    
   18.99372       4.035392    
   19.15469       4.178938    
   19.31565       4.323490    
   19.47662       4.468042    
   19.63758       4.612595    
   19.79854       4.757146    
   19.95951       4.901698    
   20.12047       5.046251    
   20.28144       5.190803    
   20.44240       5.335356    
   20.60336       5.479908    
   20.76433       5.629587    
   20.92529       5.798743    
   21.08625       5.967897    
   21.24722       6.137053    
   21.40818       6.306208    
   21.56915       6.475362    
   21.73011       6.644518    
   21.89107       6.813672    
   22.05204       6.982826    
   22.21300       7.151982    
   22.37396       7.321136    
   22.53493       7.503751    
   22.69589       7.701200    
   22.85686       7.898646    
   23.01782       8.096094    
   23.17878       8.293541    
   23.33975       8.490987    
   23.50071       8.688436    
   23.66167       8.885881    
   23.82264       9.083330    
   23.98360       9.280777    
   24.14457       9.478223    
   24.30553       9.678113    
   24.46649       9.878844    
   24.62746       10.07958    
   24.78842       10.28031    
   24.94938       10.48104    
   25.11035       10.68177    
   25.27131       10.88251    
   25.43228       11.08324    
   25.59324       11.28397    
   25.75420       11.48470    
   25.91517       11.68711    
   26.07613       12.04833    
   26.23709       12.40953    
   26.39806       12.77075    
   26.55902       13.13195    
   26.71999       13.49316    
   26.88095       13.85437    
   27.04191       14.21558    
   27.20288       14.57679    
   27.36384       14.93800    
   27.52481       15.29921    
   27.68577       15.69540    
   27.84673       16.18250    
   28.00770       16.66959    
   28.16866       17.15668    
   28.32962       17.64377    
   28.49059       18.13086    
   28.65155       18.61796    
   28.81252       19.10505    
   28.97348       19.59215    
   29.13444       20.07924    
   29.29541       20.56633    
   29.45637       21.07590    
   29.61733       21.60421    
   29.77830       22.13253    
   29.93926       22.66085    
   30.10023       23.18917    
   30.26119       23.71748    
   30.42215       24.24580    
   30.58312       24.77412    
   30.74408       25.30244    
   30.90504       25.83076    
   31.06601       26.35907    
   31.22697       26.89787    
   31.38794       27.43907    
   31.54890       27.98028    
   31.70986       28.52148    
   31.87083       29.06268    
   32.03179       29.60389    
   32.19276       30.14510    
   32.35372       30.68630    
   32.51468       31.22751    
   32.67565       31.76872    
   32.83661       32.31066    
   32.99757       32.86117    
   33.15854       33.41168    
   33.31950       33.96218    
   33.48046       34.51269    
   33.64143       35.06320    
   33.80239       35.61370    
   33.96336       36.16421    
   34.12432       36.71472    
   34.28528       37.26522    
   34.44625       37.81573    
   34.60721       38.34775    
   34.76817       38.84501    
   34.92914       39.34229    
   35.09010       39.83956    
   35.25107       40.33684    
   35.41203       40.83410    
   35.57299       41.33138    
   35.73396       41.82865    
   35.89492       42.32591    
   36.05589       42.82318    
   36.21685       43.32046    
   36.37781       43.80578    
   36.53878       44.28363    
   36.69974       44.76149    
   36.86070       45.23932    
   37.02167       45.71717    
   37.18263       46.19503    
   37.34360       46.67287    
   37.50456       47.15071    
   37.66552       47.62857    
   37.82649       48.10641    
   37.98745       48.58426    
   38.14841       48.99097    
   38.30938       49.38816    
   38.47034       49.78535    
   38.63131       50.18254    
   38.79227       50.57974    
   38.95323       50.97693    
   39.11420       51.37412    
   39.27516       51.77132    
   39.43612       52.16851    
   39.59709       52.56570    
   39.75805       52.95473    
   39.91901       53.29726    
   40.07998       53.63980    
   40.24094       53.98233    
   40.40191       54.32487    
   40.56287       54.66740    
   40.72383       55.00994    
   40.88480       55.35247    
   41.04576       55.69500    
   41.20673       56.03754    
   41.36769       56.38008    
   41.52865       56.61478    
   41.68962       56.69862    
   41.85058       56.78246    
   42.01154       56.86629    
   42.17251       56.95013    
   42.33347       57.03397    
   42.49444       57.11781    
   42.65540       57.20164    
   42.81636       57.28548    
   42.97733       57.36932    
   43.13829       57.45316    
   43.29926       57.49838    
   43.46022       57.52578    
   43.62118       57.55318    
   43.78215       57.58057    
   43.94311       57.60797    
   44.10407       57.63536    
   44.26504       57.66276    
   44.42600       57.69016    
   44.58696       57.71755    
   44.74793       57.74495    
   44.90889       57.77234    
   45.06985       57.80120    
   45.23082       57.83012    
   45.39178       57.85905    
   45.55275       57.88798    
   45.71371       57.91691    
   45.87468       57.94584    
   46.03564       57.97476    
   46.19660       58.00369    
   46.35757       58.03262    
   46.51853       58.06155    
   46.67949       58.08757    
   46.84046       58.10327    
   47.00142       58.11896    
   47.16238       58.13465    
   47.32335       58.15035    
   47.48431       58.16604    
   47.64528       58.18174    
   47.80624       58.19743    
   47.96721       58.21312    
   48.12817       58.22882    
   48.28913       58.24451    
   48.45010       58.25752    
   48.61106       58.26770    
   48.77202       58.27789    
   48.93299       58.28807    
   49.09395       58.29825    
   49.25491       58.30844    
   49.41588       58.31862    
   49.57684       58.32880    
   49.73780       58.33899    
   49.89877       58.34917    
   50.05973       58.35935    
   50.22070       58.36367    
   50.38166       58.36609    
   50.54263       58.36850    
   50.70359       58.37091    
   50.86455       58.37332    
   51.02552       58.37573    
   51.18648       58.37815    
   51.34744       58.38056    
   51.50841       58.38297    
   51.66937       58.38538    
   51.83033       58.38776    
   51.99130       58.38875    
   52.15226       58.38974    
   52.31322       58.39072    
   52.47419       58.39171    
   52.63515       58.39270    
   52.79612       58.39368    
   52.95708       58.39467    
   53.11805       58.39566    
   53.27901       58.39664    
   53.43997       58.39763    
   53.60094       58.39833    
   53.76190       58.39833    
   53.92286       58.39833    
   54.08383       58.39833    
   54.24479       58.39833    
   54.40575       58.39833    
   54.56672       58.39833    
   54.72768       58.39833    
   54.88865       58.39833    
   55.04961       58.39833    
   55.21058       58.39833    
   55.37154       58.39833    
   55.53250       58.39833    
   55.69347       58.39833    
   55.85443       58.39833    
   56.01539       58.39833    
   56.17636       58.39833    
   56.33732       58.39833    
   56.49828       58.39833    
   56.65925       58.39833    
   56.82021       58.39833    
   56.98117       58.39833    
   57.14214       58.39833    
   57.30310       58.39833    
   57.46407       58.39833    
   57.62503       58.39833    
   57.78600       58.39833    
   57.94696       58.39833    
   58.10792       58.39833    
   58.26889       58.39833    
   58.42985       58.39833    
   58.59081       58.39833    
   58.75178       58.39833    
   58.91274       58.39833    
   59.07370       58.39833    
   59.23467       58.39833    
   59.39563       58.39833    
   59.55659       58.39833    
   59.71756       58.39833    
   59.87852       58.39833    
   60.03949       58.39833    
   60.20045       58.39833    
   60.36142       58.39833    
   60.52238       58.39833    
   60.68334       58.39833    
   60.84431       58.39833    
   61.00527       58.39833    
   61.16623       58.39833    
   61.32720       58.39833    
   61.48816       58.39833    
   61.64912       58.39833    
   61.81009       58.39833    
   61.97105       58.39833    
   62.13202       58.39833    
   62.29298       58.39833    
   62.45395       58.39833    
   62.61491       58.39833    
   62.77587       58.39833    
   62.93684       58.39833    
   63.09780       58.39833    
   63.25876       58.39833    
   63.41973       58.39833    
   63.58069       58.39833    
   63.74165       58.39833    
   63.90262       58.39833    
   64.06358       58.39833    
   64.22455       58.39833    
   67.43578       58.39833    
