0.0000000E+00  0.0000000E+00
  7.1150326E-04  7.0276746E-10
  1.4230065E-03  4.8243109E-08
  2.1345099E-03  1.6552842E-07
  2.8460131E-03  3.5640059E-07
  3.5575163E-03  6.1871901E-07
  4.2690197E-03  9.5036330E-07
  4.9805227E-03  1.3488624E-06
  5.6920261E-03  1.8187543E-06
  6.4035296E-03  2.3503451E-06
  7.1150325E-03  2.9373755E-06
  7.8265360E-03  3.5785818E-06
  8.5380394E-03  4.2729462E-06
  9.2495428E-03  5.0189487E-06
  9.9610453E-03  5.8153660E-06
  1.0672549E-02  6.6704542E-06
  1.1384052E-02  7.5695361E-06
  1.2095556E-02  8.5094589E-06
  1.2807059E-02  9.4886309E-06
  1.3518562E-02  1.0506740E-05
  1.4230065E-02  1.1562491E-05
  1.4941568E-02  1.2650437E-05
  1.5653072E-02  1.3767121E-05
  1.6364574E-02  1.4917880E-05
  1.7076079E-02  1.6097072E-05
  1.7787581E-02  1.7302820E-05
  1.8499086E-02  1.8533932E-05
  1.9210588E-02  1.9789992E-05
  1.9922091E-02  2.1070528E-05
  2.0633595E-02  2.2375600E-05
  2.1345098E-02  2.3700564E-05
  2.2056602E-02  2.5039120E-05
  2.2768104E-02  2.6385947E-05
  2.3479607E-02  2.7741746E-05
  2.4191111E-02  2.9111161E-05
  2.4902614E-02  3.0497753E-05
  2.5614118E-02  3.1895619E-05
  2.6325621E-02  3.3299064E-05
  2.7037123E-02  3.4713059E-05
  2.7748628E-02  3.6131114E-05
  2.8460130E-02  3.7550137E-05
  2.9171634E-02  3.8966868E-05
  2.9883137E-02  4.0376479E-05
  3.0594639E-02  4.1782310E-05
  3.1306144E-02  4.3181608E-05
  3.2017648E-02  4.4585948E-05
  3.2729149E-02  4.5994097E-05
  3.3440653E-02  4.7400845E-05
  3.4152158E-02  4.8800823E-05
  3.4863658E-02  5.0189632E-05
  3.5575163E-02  5.1560022E-05
  3.6286667E-02  5.2916788E-05
  3.6998171E-02  5.4264881E-05
  3.7709672E-02  5.5601919E-05
  3.8421176E-02  5.6921817E-05
  3.9132681E-02  5.8223282E-05
  3.9844181E-02  5.9511232E-05
  4.0555686E-02  6.0789171E-05
  4.1267190E-02  6.2052895E-05
  4.1978691E-02  6.3293111E-05
  4.2690195E-02  6.4520100E-05
  4.3401700E-02  6.5732733E-05
  4.4113204E-02  6.6925881E-05
  4.4824705E-02  6.8093803E-05
  4.5536209E-02  6.9229493E-05
  4.6247713E-02  7.0345988E-05
  4.6959214E-02  7.1428309E-05
  4.7670718E-02  7.2485956E-05
  4.8382223E-02  7.3524709E-05
  4.9093727E-02  7.4545169E-05
  4.9805228E-02  7.5542543E-05
  5.0516732E-02  7.6508673E-05
  5.1228236E-02  7.7436729E-05
  5.1939737E-02  7.8333855E-05
  5.2651241E-02  7.9207413E-05
  5.3362746E-02  8.0059297E-05
  5.4074246E-02  8.0886261E-05
  5.4785751E-02  8.1681173E-05
  5.5497255E-02  8.2437517E-05
  5.6208760E-02  8.3168838E-05
  5.6920260E-02  8.3866071E-05
  5.7631765E-02  8.4525498E-05
  5.8343269E-02  8.5147869E-05
  5.9054770E-02  8.5739834E-05
  5.9766274E-02  8.6304404E-05
  6.0477778E-02  8.6833796E-05
  6.1189279E-02  8.7325228E-05
  6.1900783E-02  8.7785142E-05
  6.2612288E-02  8.8203109E-05
  6.3323788E-02  8.8589280E-05
  6.4035296E-02  8.8951463E-05
  6.4746797E-02  8.9293593E-05
  6.5458298E-02  8.9616064E-05
  6.6169806E-02  8.9900488E-05
  6.6881306E-02  9.0143010E-05
  6.7592807E-02  9.0353191E-05
  6.8304315E-02  9.0548550E-05
  6.9015816E-02  9.0737733E-05
  6.9727316E-02  9.0917143E-05
  7.0438825E-02  9.1074915E-05
  7.1150325E-02  9.1206028E-05
  7.1861833E-02  9.1312788E-05
  7.2573334E-02  9.1399190E-05
  7.3284835E-02  9.1460461E-05
  7.3996343E-02  9.1509130E-05
  7.4707843E-02  9.1556714E-05
  7.5419344E-02  9.1602320E-05
  7.6130852E-02  9.1636852E-05
  7.6842353E-02  9.1655747E-05
  7.7553853E-02  9.1668895E-05
  7.8265361E-02  9.1668189E-05
  7.8976862E-02  9.1660906E-05
  7.9688363E-02  9.1658498E-05
  8.0399871E-02  9.1666407E-05
  8.1111372E-02  9.1676746E-05
  8.1822872E-02  9.1680900E-05
  8.2534380E-02  9.1678972E-05
  8.3245881E-02  9.1687514E-05
  8.3957382E-02  9.1718714E-05
  8.4668890E-02  9.1785543E-05
  8.5380390E-02  9.1900278E-05
  8.6091898E-02  9.2067086E-05
  8.6803399E-02  9.2272159E-05
  8.7514900E-02  9.2511022E-05
  8.8226408E-02  9.2783564E-05
  8.8937908E-02  9.3089242E-05
  8.9649409E-02  9.3436705E-05
  9.0360917E-02  9.3838775E-05
  9.1072418E-02  9.4297575E-05
  9.1783918E-02  9.4786432E-05
  9.2495427E-02  9.5304145E-05
  9.3206927E-02  9.5855590E-05
  9.3918428E-02  9.6434727E-05
  9.4629936E-02  9.7053060E-05
  9.5341437E-02  9.7728611E-05
  9.6052937E-02  9.8458942E-05
  9.6764445E-02  9.9212521E-05
  9.7475946E-02  1.0000255E-04
  9.8187454E-02  1.0084729E-04
  9.8898955E-02  1.0172526E-04
  9.9610455E-02  1.0264046E-04
  0.1003220      1.0361085E-04
  0.1010335      1.0463958E-04
  0.1017450      1.0571429E-04
  0.1024565      1.0682418E-04
  0.1031680      1.0796494E-04
  0.1038795      1.0912681E-04
  0.1045910      1.1031125E-04
  0.1053025      1.1152843E-04
  0.1060140      1.1278972E-04
  0.1067255      1.1410325E-04
  0.1074370      1.1547589E-04
  0.1081485      1.1689648E-04
  0.1088600      1.1835236E-04
  0.1095715      1.1980901E-04
  0.1102830      1.2127858E-04
  0.1109945      1.2283851E-04
  0.1117060      1.2451457E-04
  0.1124175      1.2616446E-04
  0.1131290      1.2783479E-04
  0.1138405      1.2954904E-04
  0.1145520      1.3126686E-04
  0.1152635      1.3299102E-04
  0.1159750      1.3479950E-04
  0.1166865      1.3673278E-04
  0.1173980      1.3870040E-04
  0.1181095      1.4071295E-04
  0.1188210      1.4272339E-04
  0.1195325      1.4471266E-04
  0.1202440      1.4669506E-04
  0.1209556      1.4870061E-04
  0.1216671      1.5073363E-04
  0.1223786      1.5273046E-04
  0.1230901      1.5471420E-04
  0.1238016      1.5663957E-04
  0.1245131      1.5847851E-04
  0.1252246      1.6025070E-04
  0.1259361      1.6199172E-04
  0.1266476      1.6367377E-04
  0.1273591      1.6523372E-04
  0.1280706      1.6660192E-04
  0.1287821      1.6786660E-04
  0.1294936      1.6901422E-04
  0.1302051      1.7005713E-04
  0.1309166      1.7099499E-04
  0.1316281      1.7171583E-04
  0.1323396      1.7238852E-04
  0.1330511      1.7292115E-04
  0.1337626      1.7328434E-04
  0.1344741      1.7351784E-04
  0.1351856      1.7364185E-04
  0.1358971      1.7364981E-04
  0.1366086      1.7353737E-04
  0.1373201      1.7331311E-04
  0.1380316      1.7289681E-04
  0.1387431      1.7236406E-04
  0.1394546      1.7172139E-04
  0.1401661      1.7094291E-04
  0.1408776      1.7003363E-04
  0.1415891      1.6905578E-04
  0.1423007      1.6785318E-04
  0.1430122      1.6653334E-04
  0.1437237      1.6509624E-04
  0.1444352      1.6354391E-04
  0.1451467      1.6188486E-04
  0.1458582      1.6011891E-04
  0.1465697      1.5822361E-04
  0.1472812      1.5613341E-04
  0.1479927      1.5398045E-04
  0.1487042      1.5163717E-04
  0.1494157      1.4915944E-04
  0.1501272      1.4657067E-04
  0.1508387      1.4385056E-04
  0.1515502      1.4098406E-04
  0.1522617      1.3808130E-04
  0.1529732      1.3494832E-04
  0.1536847      1.3171196E-04
  0.1543962      1.2835076E-04
  0.1551077      1.2488621E-04
  0.1558192      1.2131279E-04
  0.1565307      1.1759243E-04
  0.1572422      1.1378265E-04
  0.1579537      1.0982403E-04
  0.1586652      1.0587620E-04
  0.1593767      1.0214290E-04
  0.1600882      9.8908858E-05
  0.1607997      9.6305776E-05
  0.1615112      9.4275601E-05
  0.1622227      9.2778435E-05
  0.1629342      9.1962764E-05
  0.1636457      9.1703761E-05
  0.1643573      9.1664391E-05
  0.1650688      9.1673239E-05
  0.1657803      9.1673421E-05
  0.1664918      9.1667549E-05
  0.1672033      9.1663307E-05
  0.1679148      9.1675611E-05
  0.1686263      9.1683039E-05
  0.1693378      9.1680668E-05
  0.1700493      9.1676469E-05
  0.1707608      9.1675218E-05
  0.1714723      9.1675596E-05
  0.1721838      9.1675596E-05
  0.1728953      9.1675596E-05
  0.1736068      9.1675596E-05
  0.1743183      9.1675596E-05
  0.1750298      9.1675596E-05
  0.1757413      9.1675596E-05
  0.1764528      9.1675596E-05
  0.1771643      9.1675596E-05
  0.1778758      9.1675596E-05
  0.1785873      9.1675596E-05
  0.1792988      9.1675596E-05
  0.1800103      9.1675596E-05
  0.1807218      9.1675596E-05
  0.1814333      9.1675596E-05
  0.1821448      9.1675596E-05
  0.1828563      9.1675596E-05
  0.1835678      9.1675596E-05
  0.1842794      9.1675596E-05
  0.1849909      9.1675596E-05
  0.1857024      9.1675596E-05
  0.1864139      9.1675596E-05
  0.1871254      9.1675596E-05
  0.1878369      9.1675596E-05
  0.1885484      9.1675596E-05
  0.1892599      9.1675596E-05
  0.1899714      9.1675596E-05
  0.1906829      9.1675596E-05
  0.1913944      9.1675596E-05
  0.1921059      9.1675596E-05
  0.1928174      9.1675596E-05
  0.1935289      9.1675596E-05
  0.1942404      9.1675596E-05
  0.1949519      9.1675596E-05
  0.1956634      9.1675596E-05
  0.1963749      9.1675596E-05
  0.1970864      9.1675596E-05
  0.1977979      9.1675596E-05
  0.1985094      9.1675596E-05
  0.1992209      9.1675596E-05
  0.1999324      9.1675596E-05
  0.2006439      9.1675596E-05
  0.2013554      9.1675596E-05
  0.2020669      9.1675596E-05
  0.2027784      9.1675596E-05
  0.2034899      9.1675596E-05
  0.2042014      9.1675596E-05
  0.2049129      9.1675596E-05
  0.2056244      9.1675596E-05
  0.2063359      9.1675596E-05
  0.2070474      9.1675596E-05
  0.2077589      9.1675596E-05
  0.2084705      9.1675596E-05
  0.2091820      9.1675596E-05
  0.2098935      9.1675596E-05
  0.2106050      9.1675596E-05
  0.2113165      9.1675596E-05
  0.2120280      9.1675596E-05
  0.2127395      9.1675596E-05
  0.2134510      9.1675596E-05
  0.2141625      9.1675596E-05
  0.2148740      9.1675596E-05
  0.2155855      9.1675596E-05
  0.2162970      9.1675596E-05
  0.2170085      9.1675596E-05
  0.2177200      9.1675596E-05
  0.2184315      9.1675596E-05
  0.2191430      9.1675596E-05
  0.2198545      9.1675596E-05
  0.2205660      9.1675596E-05
  0.2212775      9.1675596E-05
  0.2219890      9.1675596E-05
  0.2227005      9.1675596E-05
  0.2234120      9.1675596E-05
  0.2241235      9.1675596E-05
  0.2248350      9.1675596E-05
  0.2255465      9.1675596E-05
  0.2262580      9.1675596E-05
  0.2269695      9.1675596E-05
  0.2276810      9.1675596E-05
  0.2283925      9.1675596E-05
  0.2291041      9.1675596E-05
  0.2298156      9.1675596E-05
  0.2305271      9.1675596E-05
  0.2312386      9.1675596E-05
  0.2319501      9.1675596E-05
  0.2326616      9.1675596E-05
  0.2333731      9.1675596E-05
  0.2340846      9.1675596E-05
  0.2347961      9.1675596E-05
  0.2355076      9.1675596E-05
  0.2362191      9.1675596E-05
  0.2369306      9.1675596E-05
  0.2376421      9.1675596E-05
  0.2383536      9.1675596E-05
  0.2390651      9.1675596E-05
  0.2397766      9.1675596E-05
  0.2404881      9.1675596E-05
  0.2411996      9.1675596E-05
  0.2419111      9.1675596E-05
  0.2426226      9.1675596E-05
  0.2433341      9.1675596E-05
  0.2440456      9.1675596E-05
  0.2447571      9.1675596E-05
  0.2454686      9.1675596E-05
  0.2461801      9.1675596E-05
  0.2468916      9.1675596E-05
  0.2476031      9.1675596E-05
  0.2483146      9.1675596E-05
  0.2490261      9.1675596E-05
  0.2497377      9.1675596E-05
  0.2504492      9.1675596E-05
  0.2511607      9.1675596E-05
  0.2518722      9.1675596E-05
  0.2525837      9.1675596E-05
  0.2532952      9.1675596E-05
  0.2540067      9.1675596E-05
  0.2547182      9.1675596E-05
  0.2554297      9.1675596E-05
  0.2561412      9.1675596E-05
  0.2568527      9.1675596E-05
  0.2575642      9.1675596E-05
  0.2582757      9.1675596E-05
  0.2589872      9.1675596E-05
  0.2596987      9.1675596E-05
  0.2604102      9.1675596E-05
  0.2611217      9.1675596E-05
  0.2618332      9.1675596E-05
  0.2625447      9.1675596E-05
  0.2632562      9.1675596E-05
  0.2639677      9.1675596E-05
  0.2646792      9.1675596E-05
  0.2653907      9.1675596E-05
  0.2661022      9.1675596E-05
  0.2668137      9.1675596E-05
  0.2675252      9.1675596E-05
  0.2682367      9.1594993E-05
  0.2689482      9.0788861E-05
  0.2696597      8.8256566E-05
  0.2703712      8.4884108E-05
  0.2710827      8.0910926E-05
  0.2717943      7.6482109E-05
  0.2725058      7.1697701E-05
  0.2732173      6.6630717E-05
  0.2739288      6.1337523E-05
  0.2746403      5.5883487E-05
  0.2753518      5.0334562E-05
  0.2760633      4.4759505E-05
  0.2767748      3.9196886E-05
  0.2774863      3.3683336E-05
  0.2781978      2.8273065E-05
  0.2789093      2.3036358E-05
  0.2796208      1.8062405E-05
  0.2803323      1.3414910E-05
  0.2810438      9.1643778E-06
  0.2817553      5.4251145E-06
  0.2824668      2.3829014E-06
  0.2831783      3.6904231E-07
  0.2838898      0.0000000E+00
  0.2980843      0.0000000E+00
