  0.0000000E+00  0.0000000E+00
  7.1150326E-04  7.0276746E-10
  1.4230065E-03  4.8243109E-08
  2.1345099E-03  1.6552842E-07
  2.8460131E-03  3.5640059E-07
  3.5575163E-03  6.1871901E-07
  4.2690197E-03  9.5036330E-07
  4.9805227E-03  1.3488624E-06
  5.6920261E-03  1.8187543E-06
  6.4035296E-03  2.3503451E-06
  7.1150325E-03  2.9373755E-06
  7.8265360E-03  3.5785818E-06
  8.5380394E-03  4.2729462E-06
  9.2495428E-03  5.0189487E-06
  9.9610453E-03  5.8153660E-06
  1.0672549E-02  6.6704542E-06
  1.1384052E-02  7.5695361E-06
  1.2095556E-02  8.5094589E-06
  1.2807059E-02  9.4886309E-06
  1.3518562E-02  1.0506740E-05
  1.4230065E-02  1.1562491E-05
  1.4941568E-02  1.2650437E-05
  1.5653072E-02  1.3767121E-05
  1.6364574E-02  1.4917880E-05
  1.7076079E-02  1.6097072E-05
  1.7787581E-02  1.7302820E-05
  1.8499086E-02  1.8533932E-05
  1.9210588E-02  1.9789992E-05
  1.9922091E-02  2.1070528E-05
  2.0633595E-02  2.2375600E-05
  2.1345098E-02  2.3700564E-05
  2.2056602E-02  2.5039120E-05
  2.2768104E-02  2.6385947E-05
  2.3479607E-02  2.7741746E-05
  2.4191111E-02  2.9111161E-05
  2.4902614E-02  3.0497753E-05
  2.5614118E-02  3.1895619E-05
  2.6325621E-02  3.3299064E-05
  2.7037123E-02  3.4713059E-05
  2.7748628E-02  3.6131114E-05
  2.8460130E-02  3.7550137E-05
  2.9171634E-02  3.8966868E-05
  2.9883137E-02  4.0376479E-05
  3.0594639E-02  4.1782310E-05
  3.1306144E-02  4.3181608E-05
  3.2017648E-02  4.4585948E-05
  3.2729149E-02  4.5994097E-05
  3.3440653E-02  4.7400845E-05
  3.4152158E-02  4.8800823E-05
  3.4863658E-02  5.0189632E-05
  3.5575163E-02  5.1560022E-05
  3.6286667E-02  5.2916788E-05
  3.6998171E-02  5.4264881E-05
  3.7709672E-02  5.5601919E-05
  3.8421176E-02  5.6921817E-05
  3.9132681E-02  5.8223282E-05
  3.9844181E-02  5.9511232E-05
  4.0555686E-02  6.0789171E-05
  4.1267190E-02  6.2052895E-05
  4.1978691E-02  6.3293111E-05
  4.2690195E-02  6.4520100E-05
  4.3401700E-02  6.5732733E-05
  4.4113204E-02  6.6925881E-05
  4.4824705E-02  6.8093803E-05
  4.5536209E-02  6.9229493E-05
  4.6247713E-02  7.0345988E-05
  4.6959214E-02  7.1428309E-05
  4.7670718E-02  7.2485956E-05
  4.8382223E-02  7.3524709E-05
  4.9093727E-02  7.4545169E-05
  4.9805228E-02  7.5542543E-05
  5.0516732E-02  7.6508673E-05
  5.1228236E-02  7.7436729E-05
  5.1939737E-02  7.8333855E-05
  5.2651241E-02  7.9207413E-05
  5.3362746E-02  8.0059297E-05
  5.4074246E-02  8.0886261E-05
  5.4785751E-02  8.1681173E-05
  5.5497255E-02  8.2437517E-05
  5.6208760E-02  8.3168838E-05
  5.6920260E-02  8.3866071E-05
  5.7631765E-02  8.4525498E-05
  5.8343269E-02  8.5147869E-05
  5.9054770E-02  8.5739834E-05
  5.9766274E-02  8.6304404E-05
  6.0477778E-02  8.6833796E-05
  6.1189279E-02  8.7325228E-05
  6.1900783E-02  8.7785142E-05
  6.2612288E-02  8.8203109E-05
  6.3323788E-02  8.8589280E-05
  6.4035296E-02  8.8951463E-05
  6.4746797E-02  8.9293593E-05
  6.5458298E-02  8.9616064E-05
  6.6169806E-02  8.9900488E-05
  6.6881306E-02  9.0143010E-05
  6.7592807E-02  9.0353191E-05
  6.8304315E-02  9.0548550E-05
  6.9015816E-02  9.0737733E-05
  6.9727316E-02  9.0917143E-05
  7.0438825E-02  9.1074915E-05
  7.1150325E-02  9.1206028E-05
  7.1861833E-02  9.1312788E-05
  7.2573334E-02  9.1399190E-05
  7.3284835E-02  9.1460461E-05
  7.3996343E-02  9.1509130E-05
  7.4707843E-02  9.1556714E-05
  7.5419344E-02  9.1602320E-05
  7.6130852E-02  9.1636852E-05
  7.6842353E-02  9.1655747E-05
  7.7553853E-02  9.1668895E-05
  7.8265361E-02  9.1668189E-05
  7.8976862E-02  9.1660906E-05
  7.9688363E-02  9.1658498E-05
  8.0399871E-02  9.1666407E-05
  8.1111372E-02  9.1676746E-05
  8.1822872E-02  9.1680900E-05
  8.2534380E-02  9.1678972E-05
  8.3245881E-02  9.1687514E-05
  8.3957382E-02  9.1718714E-05
  8.4668890E-02  9.1785543E-05
  8.5380390E-02  9.1900278E-05
  8.6091898E-02  9.2067086E-05
  8.6803399E-02  9.2272159E-05
  8.7514900E-02  9.2511022E-05
  8.8226408E-02  9.2783564E-05
  8.8937908E-02  9.3089242E-05
  8.9649409E-02  9.3436705E-05
  9.0360917E-02  9.3838775E-05
  9.1072418E-02  9.4297575E-05
  9.1783918E-02  9.4786432E-05
  9.2495427E-02  9.5304145E-05
  9.3206927E-02  9.5855590E-05
  9.3918428E-02  9.6434727E-05
  9.4629936E-02  9.7053060E-05
  9.5341437E-02  9.7728611E-05
  9.6052937E-02  9.8458942E-05
  9.6764445E-02  9.9212521E-05
  9.7475946E-02  1.0000255E-04
  9.8187454E-02  1.0084729E-04
  9.8898955E-02  1.0172526E-04
  9.9610455E-02  1.0264046E-04
  0.1003220      1.0361085E-04
  0.1010335      1.0463958E-04
  0.1017450      1.0571429E-04
  0.1024565      1.0682418E-04
  0.1031680      1.0796494E-04
  0.1038795      1.0912681E-04
  0.1045910      1.1031125E-04
  0.1053025      1.1152843E-04
  0.1060140      1.1278972E-04
  0.1067255      1.1410325E-04
  0.1074370      1.1547589E-04
  0.1081485      1.1689648E-04
  0.1088600      1.1835236E-04
  0.1095715      1.1980901E-04
  0.1102830      1.2127858E-04


