0.000000            0.000000    
       0.5714286E-02       0.3391136E-05
       0.1142857E-01       0.1356454E-04
       0.1714286E-01       0.3052022E-04
       0.2285714E-01       0.5425818E-04
       0.2857143E-01       0.8477840E-04
       0.3428571E-01       0.1220809E-03
       0.4000000E-01       0.1661657E-03
       0.4571429E-01       0.2170327E-03
       0.5142857E-01       0.2746820E-03
       0.5714286E-01       0.3391136E-03
       0.6285714E-01       0.4103275E-03
       0.6857143E-01       0.4883236E-03
       0.7428571E-01       0.5731020E-03
       0.8000000E-01       0.6646627E-03
       0.8571428E-01       0.7630056E-03
       0.9142857E-01       0.8681308E-03
       0.9714286E-01       0.9800383E-03
       0.1028571           0.1098728E-02
       0.1085714           0.1224200E-02
       0.1142857           0.1356454E-02
       0.1200000           0.1495491E-02
       0.1257143           0.1641310E-02
       0.1314286           0.1793911E-02
       0.1371429           0.1953294E-02
       0.1428571           0.2119460E-02
       0.1485714           0.2292408E-02
       0.1542857           0.2472138E-02
       0.1600000           0.2658651E-02
       0.1657143           0.2851945E-02
       0.1714286           0.3052022E-02
       0.1771429           0.3258882E-02
       0.1828571           0.3472523E-02
       0.1885714           0.3692947E-02
       0.1942857           0.3920153E-02
       0.2000000           0.4154142E-02
       0.2057143           0.4394912E-02
       0.2114286           0.4642465E-02
       0.2171429           0.4896801E-02
       0.2228571           0.5157918E-02
       0.2285714           0.5425818E-02
       0.2342857           0.5700500E-02
       0.2400000           0.5981964E-02
       0.2457143           0.6270211E-02
       0.2514286           0.6565239E-02
       0.2571429           0.6867051E-02
       0.2628571           0.7175644E-02
       0.2685714           0.7491020E-02
       0.2742857           0.7813178E-02
       0.2800000           0.8142118E-02
       0.2857143           0.8477840E-02
       0.2914286           0.8820345E-02
       0.2971429           0.9169632E-02
       0.3028571           0.9525701E-02
       0.3085714           0.9888553E-02
       0.3142857           0.1025819E-01
       0.3200000           0.1063460E-01
       0.3257143           0.1101780E-01
       0.3314286           0.1140778E-01
       0.3371429           0.1180454E-01
       0.3428571           0.1220809E-01
       0.3485714           0.1261842E-01
       0.3542857           0.1303553E-01
       0.3600000           0.1345942E-01
       0.3657143           0.1389009E-01
       0.3714286           0.1432755E-01
       0.3771429           0.1477179E-01
       0.3828571           0.1522281E-01
       0.3885714           0.1568061E-01
       0.3942857           0.1614520E-01
       0.4000000           0.1661657E-01
       0.4057143           0.1709472E-01
       0.4114286           0.1757965E-01
       0.4171429           0.1807136E-01
       0.4228571           0.1856986E-01
       0.4285714           0.1907514E-01
       0.4342857           0.1958720E-01
       0.4400000           0.2000000E-01
       0.4457143           0.2000000E-01
       0.4514286           0.2000000E-01
       0.4571429           0.2000000E-01
       0.4628571           0.2000000E-01
       0.4685714           0.2000000E-01
       0.4742857           0.2000000E-01
       0.4800000           0.2000000E-01
       0.4857143           0.2000000E-01
       0.4914286           0.2000000E-01
       0.4971429           0.2000000E-01
       0.5028571           0.2000000E-01
       0.5085714           0.2000000E-01
       0.5142857           0.2000000E-01
       0.5200000           0.2000000E-01
       0.5257143           0.2000000E-01
       0.5314286           0.2000000E-01
       0.5371429           0.2000000E-01
       0.5428571           0.2000000E-01
       0.5485714           0.2000000E-01
       0.5542857           0.2000000E-01
       0.5600000           0.2000000E-01
       0.5657143           0.2000000E-01
       0.5714286           0.2000000E-01
       0.5771429           0.2000000E-01
       0.5828571           0.2000000E-01
       0.5885714           0.2000000E-01
       0.5942857           0.2000000E-01
       0.6000000           0.2000000E-01
       0.6057143           0.2000000E-01
       0.6114286           0.2000000E-01
       0.6171429           0.2000000E-01
       0.6228571           0.2000000E-01
       0.6285714           0.2000000E-01
       0.6342857           0.2000000E-01
       0.6400000           0.2000000E-01
       0.6457143           0.2000000E-01
       0.6514286           0.2000000E-01
       0.6571429           0.2000000E-01
       0.6628571           0.2000000E-01
       0.6685714           0.2000000E-01
       0.6742857           0.2000000E-01
       0.6800000           0.2000000E-01
       0.6857143           0.2000000E-01
       0.6914286           0.2000000E-01
       0.6971428           0.2000000E-01
       0.7028571           0.2000000E-01
       0.7085714           0.2000000E-01
       0.7142857           0.2000000E-01
       0.7200000           0.2000000E-01
       0.7257143           0.2000000E-01
       0.7314286           0.2000000E-01
       0.7371428           0.2000000E-01
       0.7428571           0.2000000E-01
       0.7485714           0.2000000E-01
       0.7542857           0.2000000E-01
       0.7600000           0.2000000E-01
       0.7657143           0.2000000E-01
       0.7714286           0.2000000E-01
       0.7771428           0.2000000E-01
       0.7828571           0.2000000E-01
       0.7885714           0.2000000E-01
       0.7942857           0.2000000E-01
       0.8000000           0.2000000E-01
       0.8057143           0.2000000E-01
       0.8114286           0.2000000E-01
       0.8171428           0.2000000E-01
       0.8228571           0.2000000E-01
       0.8285714           0.2000000E-01
       0.8342857           0.2000000E-01
       0.8400000           0.2000000E-01
       0.8457143           0.2000000E-01
       0.8514286           0.2000000E-01
       0.8571428           0.2000000E-01
       0.8628571           0.2000000E-01
       0.8685714           0.2000000E-01
       0.8742857           0.2000000E-01
       0.8800000           0.2000000E-01
       0.8857143           0.2000000E-01
       0.8914286           0.2000000E-01
       0.8971428           0.2000000E-01
       0.9028571           0.2000000E-01
       0.9085714           0.2000000E-01
       0.9142857           0.2000000E-01
       0.9200000           0.2000000E-01
       0.9257143           0.2000000E-01
       0.9314286           0.2000000E-01
       0.9371428           0.2000000E-01
       0.9428571           0.2000000E-01
       0.9485714           0.2000000E-01
       0.9542857           0.2000000E-01
       0.9600000           0.2000000E-01
       0.9657143           0.2000000E-01
       0.9714286           0.2000000E-01
       0.9771428           0.2000000E-01
       0.9828571           0.2000000E-01
       0.9885714           0.2000000E-01
       0.9942857           0.2000000E-01
        1.000000           0.2000000E-01
        1.005714           0.2000000E-01
        1.011429           0.2000000E-01
        1.017143           0.2000000E-01
        1.022857           0.2000000E-01
        1.028571           0.2000000E-01
        1.034286           0.2000000E-01
        1.040000           0.2000000E-01
        1.045714           0.2000000E-01
        1.051429           0.2000000E-01
        1.057143           0.2000000E-01
        1.062857           0.2000000E-01
        1.068571           0.2000000E-01
        1.074286           0.2000000E-01
        1.080000           0.2000000E-01
        1.085714           0.2000000E-01
        1.091429           0.2000000E-01
        1.097143           0.2000000E-01
        1.102857           0.2000000E-01
        1.108571           0.2000000E-01
        1.114286           0.2000000E-01
        1.120000           0.2000000E-01
        1.125714           0.2000000E-01
        1.131429           0.2000000E-01
        1.137143           0.2000000E-01
        1.142857           0.2000000E-01
        1.148571           0.2000000E-01
        1.154286           0.2000000E-01
        1.160000           0.2000000E-01
        1.165714           0.2000000E-01
        1.171429           0.2000000E-01
        1.177143           0.2000000E-01
        1.182857           0.2000000E-01
        1.188571           0.2000000E-01
        1.194286           0.2000000E-01
        1.200000           0.2000000E-01
        1.205714           0.2000000E-01
        1.211429           0.2000000E-01
        1.217143           0.2000000E-01
        1.222857           0.2000000E-01
        1.228571           0.2000000E-01
        1.234286           0.2000000E-01
        1.240000           0.2000000E-01
        1.245714           0.2000000E-01
        1.251429           0.2000000E-01
        1.257143           0.2000000E-01
        1.262857           0.2000000E-01
        1.268571           0.2000000E-01
        1.274286           0.2000000E-01
        1.280000           0.2000000E-01
        1.285714           0.2000000E-01
        1.291429           0.2000000E-01
        1.297143           0.2000000E-01
        1.302857           0.2000000E-01
        1.308571           0.2000000E-01
        1.314286           0.2000000E-01
        1.320000           0.2000000E-01
        1.325714           0.2000000E-01
        1.331429           0.2000000E-01
        1.337143           0.2000000E-01
        1.342857           0.2000000E-01
        1.348571           0.2000000E-01
        1.354286           0.2000000E-01
        1.360000           0.2000000E-01
        1.365714           0.2000000E-01
        1.371429           0.2000000E-01
        1.377143           0.2000000E-01
        1.382857           0.2000000E-01
        1.388571           0.2000000E-01
        1.394286           0.2000000E-01
        1.400000           0.2000000E-01
        1.405714           0.2000000E-01
        1.411429           0.2000000E-01
        1.417143           0.2000000E-01
        1.422857           0.2000000E-01
        1.428571           0.2000000E-01
        1.434286           0.2000000E-01
        1.440000           0.2004058E-01
        1.445714           0.2024074E-01
        1.451429           0.2044189E-01
        1.457143           0.2064404E-01
        1.462857           0.2084719E-01
        1.468571           0.2105133E-01
        1.474286           0.2125646E-01
        1.480000           0.2146259E-01
        1.485714           0.2166971E-01
        1.491429           0.2187783E-01
        1.497143           0.2208694E-01
        1.502857           0.2229705E-01
        1.508571           0.2250815E-01
        1.514286           0.2272024E-01
        1.520000           0.2293334E-01
        1.525714           0.2314742E-01
        1.531429           0.2336250E-01
        1.537143           0.2357858E-01
        1.542857           0.2379564E-01
        1.548571           0.2401371E-01
        1.554286           0.2423277E-01
        1.560000           0.2445282E-01
        1.565714           0.2467387E-01
        1.571429           0.2489591E-01
        1.577143           0.2511895E-01
        1.582857           0.2534298E-01
        1.588571           0.2556800E-01
        1.594286           0.2579402E-01
        1.600000           0.2602104E-01
        1.605714           0.2624905E-01
        1.611429           0.2647805E-01
        1.617143           0.2670805E-01
        1.622857           0.2693905E-01
        1.628571           0.2717104E-01
        1.634286           0.2740402E-01
        1.640000           0.2763800E-01
        1.645714           0.2787297E-01
        1.651429           0.2810894E-01
        1.657143           0.2834590E-01
        1.662857           0.2858385E-01
        1.668571           0.2882280E-01
        1.674286           0.2906275E-01
        1.680000           0.2930369E-01
        1.685714           0.2954562E-01
        1.691429           0.2978855E-01
        1.697143           0.3003248E-01
        1.702857           0.3027739E-01
        1.708571           0.3052331E-01
        1.714286           0.3077022E-01
        1.720000           0.3101812E-01
        1.725714           0.3126701E-01
        1.731429           0.3151691E-01
        1.737143           0.3176779E-01
        1.742857           0.3201967E-01
        1.748571           0.3227255E-01
        1.754286           0.3252642E-01
        1.760000           0.3278128E-01
        1.765714           0.3303714E-01
        1.771429           0.3329400E-01
        1.777143           0.3355184E-01
        1.782857           0.3381069E-01
        1.788571           0.3407053E-01
        1.794286           0.3433136E-01
        1.800000           0.3459318E-01
        1.805714           0.3485601E-01
        1.811429           0.3511982E-01
        1.817143           0.3538463E-01
        1.822857           0.3565044E-01
        1.828571           0.3591724E-01
        1.834286           0.3618503E-01
        1.840000           0.3645382E-01
        1.845714           0.3672361E-01
        1.851429           0.3699439E-01
        1.857143           0.3726616E-01
        1.862857           0.3753893E-01
        1.868571           0.3781269E-01
        1.874286           0.3808745E-01
        1.880000           0.3836320E-01
        1.885714           0.3863994E-01
        1.891429           0.3891768E-01
        1.897143           0.3919642E-01
        1.902857           0.3947615E-01
        1.908571           0.3975687E-01
        1.914286           0.4000000E-01
        1.920000           0.4000000E-01
        1.925714           0.4000000E-01
        1.931429           0.4000000E-01
        1.937143           0.4000000E-01
        1.942857           0.4000000E-01
        1.948571           0.4000000E-01
        1.954286           0.4000000E-01
        1.960000           0.4000000E-01
        1.965714           0.4000000E-01
        1.971429           0.4000000E-01
        1.977143           0.4000000E-01
        1.982857           0.4000000E-01
        1.988571           0.4000000E-01
        1.994286           0.4000000E-01
        2.000000           0.4000000E-01
        2.005714           0.4000000E-01
        2.011429           0.4000000E-01
        2.017143           0.4000000E-01
        2.022857           0.4000000E-01
        2.028571           0.4000000E-01
        2.034286           0.4000000E-01
        2.040000           0.4000000E-01
        2.045714           0.4000000E-01
        2.051429           0.4000000E-01
        2.057143           0.4000000E-01
        2.062857           0.4000000E-01
        2.068571           0.4000000E-01
        2.074286           0.4000000E-01
        2.080000           0.4000000E-01
        2.085714           0.4000000E-01
        2.091429           0.4000000E-01
        2.097143           0.4000000E-01
        2.102857           0.4000000E-01
        2.108571           0.4000000E-01
        2.114286           0.4000000E-01
        2.120000           0.4000000E-01
        2.125714           0.4000000E-01
        2.131429           0.4000000E-01
        2.137143           0.4000000E-01
        2.142857           0.4000000E-01
        2.148571           0.4000000E-01
        2.154286           0.4000000E-01
        2.160000           0.4000000E-01
        2.165714           0.4000000E-01
        2.171429           0.4000000E-01
        2.177143           0.4000000E-01
        2.182857           0.4000000E-01
        2.188571           0.4000000E-01
        2.194286           0.4000000E-01
        2.200000           0.4000000E-01
        2.205714           0.4000000E-01
        2.211429           0.4000000E-01
        2.217143           0.4000000E-01
        2.222857           0.4000000E-01
        2.228571           0.4000000E-01
        2.234286           0.4000000E-01
        2.240000           0.4000000E-01
        2.245714           0.4000000E-01
        2.251429           0.4000000E-01
        2.257143           0.4000000E-01
        2.262857           0.4000000E-01
        2.268571           0.4000000E-01
        2.274286           0.4000000E-01
        2.280000           0.4000000E-01
        2.285714           0.4000000E-01
        2.291429           0.4000000E-01
        2.297143           0.4000000E-01
        2.302857           0.4000000E-01
        2.308571           0.4000000E-01
        2.314286           0.4000000E-01
        2.320000           0.4000000E-01
        2.325714           0.4000000E-01
        2.331429           0.4000000E-01
        2.337143           0.4000000E-01
        2.342857           0.4000000E-01
        2.348571           0.4000000E-01
        2.354286           0.4000000E-01
        2.360000           0.4000000E-01
        2.365714           0.4000000E-01
        2.371429           0.4000000E-01
        2.377143           0.4000000E-01
        2.382857           0.4000000E-01
        2.388571           0.4000000E-01
        2.394286           0.4000000E-01
        2.400000           0.4000000E-01
        2.405714           0.4000000E-01
        2.411429           0.4000000E-01
        2.417143           0.4000000E-01
        2.422857           0.4000000E-01
        2.428571           0.4000000E-01
        2.434286           0.4000000E-01
        2.440000           0.4000000E-01
        2.445714           0.4000000E-01
        2.451429           0.4000000E-01
        2.457143           0.4000000E-01
        2.462857           0.4000000E-01
        2.468571           0.4000000E-01
        2.474286           0.4000000E-01
        2.480000           0.4000000E-01
        2.485714           0.4000000E-01
        2.491429           0.4000000E-01
        2.497143           0.4000000E-01
        2.502857           0.4000000E-01
        2.508571           0.4000000E-01
        2.514286           0.4000000E-01
        2.520000           0.4000000E-01
        2.525714           0.4000000E-01
        2.531429           0.4000000E-01
        2.537143           0.4000000E-01
        2.542857           0.4000000E-01
        2.548571           0.4000000E-01
        2.554286           0.4000000E-01
        2.560000           0.4000000E-01
        2.565714           0.4000000E-01
        2.571429           0.4000000E-01
        2.577143           0.4000000E-01
        2.582857           0.4000000E-01
        2.588571           0.4000000E-01
        2.594286           0.4000000E-01
        2.600000           0.4000000E-01
        2.605714           0.4000000E-01
        2.611429           0.4000000E-01
        2.617143           0.4000000E-01
        2.622857           0.4000000E-01
        2.628571           0.4000000E-01
        2.634286           0.4000000E-01
        2.640000           0.4000000E-01
        2.645714           0.4000000E-01
        2.651429           0.4000000E-01
        2.657143           0.4000000E-01
        2.662857           0.4000000E-01
        2.668571           0.4000000E-01
        2.674286           0.4000000E-01
        2.680000           0.4000000E-01
        2.685714           0.4000000E-01
        2.691429           0.4000000E-01
        2.697143           0.4000000E-01
        2.702857           0.4000000E-01
        2.708571           0.4000000E-01
        2.714286           0.4000000E-01
        2.720000           0.4000000E-01
        2.725714           0.4000000E-01
        2.731429           0.4000000E-01
        2.737143           0.4000000E-01
        2.742857           0.4000000E-01
        2.748571           0.4000000E-01
        2.754286           0.4000000E-01
        2.760000           0.4000000E-01
        2.765714           0.4000000E-01
        2.771429           0.4000000E-01
        2.777143           0.4000000E-01
        2.782857           0.4000000E-01
        2.788571           0.4000000E-01
        2.794286           0.4000000E-01
        2.800000           0.4000000E-01
        2.805714           0.4000000E-01
        2.811429           0.4000000E-01
        2.817143           0.4000000E-01
        2.822857           0.4000000E-01
        2.828571           0.4000000E-01
        2.834286           0.4000000E-01
        2.840000           0.4000000E-01
        2.845714           0.4000000E-01
        2.851429           0.4000000E-01
        2.857143           0.4000000E-01
        2.862857           0.4000000E-01
        2.868571           0.4000000E-01
        2.874286           0.4000000E-01
        2.880000           0.4000000E-01
        2.885714           0.4000000E-01
        2.891429           0.4000000E-01
        2.897143           0.4000000E-01
        2.902857           0.4000000E-01
        2.908571           0.4000000E-01
        2.914286           0.4000000E-01
        2.920000           0.4000000E-01
        2.925714           0.4000000E-01
        2.931429           0.4000000E-01
        2.937143           0.4000000E-01
        2.942857           0.4000000E-01
        2.948571           0.4000000E-01
        2.954286           0.4000000E-01
        2.960000           0.4000000E-01
        2.965714           0.4000000E-01
        2.971429           0.4000000E-01
        2.977143           0.4000000E-01
        2.982857           0.4000000E-01
        2.988571           0.4000000E-01
        2.994286           0.4000000E-01
        3.000000           0.4000000E-01
        3.005714           0.4000000E-01
        3.011429           0.4000000E-01
        3.017143           0.4000000E-01
        3.022857           0.4000000E-01
        3.028571           0.4000000E-01
        3.034286           0.4000000E-01
        3.040000           0.4000000E-01
        3.045714           0.4000000E-01
        3.051429           0.4000000E-01
        3.057143           0.4000000E-01
        3.062857           0.4000000E-01
        3.068571           0.4000000E-01
        3.074286           0.4000000E-01
        3.080000           0.4000000E-01
        3.085714           0.4000000E-01
        3.091429           0.4000000E-01
        3.097143           0.4000000E-01
        3.102857           0.4000000E-01
        3.108571           0.4000000E-01
        3.114286           0.4000000E-01
        3.120000           0.4000000E-01
        3.125714           0.4000000E-01
        3.131429           0.4000000E-01
        3.137143           0.4000000E-01
        3.142857           0.4000000E-01
        3.148571           0.4000000E-01
        3.154286           0.4000000E-01
        3.160000           0.4000000E-01
        3.165714           0.4000000E-01
        3.171429           0.4000000E-01
        3.177143           0.4000000E-01
        3.182857           0.4000000E-01
        3.188571           0.4000000E-01
        3.194286           0.4000000E-01
        3.200000           0.4000000E-01
        3.205714           0.4000000E-01
        3.211429           0.4000000E-01
        3.217143           0.4000000E-01
        3.222857           0.4000000E-01
        3.228571           0.4000000E-01
        3.234286           0.4000000E-01
        3.240000           0.4000000E-01
        3.245714           0.4000000E-01
        3.251429           0.4000000E-01
        3.257143           0.4000000E-01
        3.262857           0.4000000E-01
        3.268571           0.4000000E-01
        3.274286           0.4000000E-01
        3.280000           0.4000000E-01
        3.285714           0.4000000E-01
        3.291429           0.4000000E-01
        3.297143           0.4000000E-01
        3.302857           0.4000000E-01
        3.308571           0.4000000E-01
        3.314286           0.4000000E-01
        3.320000           0.4000000E-01
        3.325714           0.4000000E-01
        3.331429           0.4000000E-01
        3.337143           0.4000000E-01
        3.342857           0.4000000E-01
        3.348571           0.4000000E-01
        3.354286           0.4000000E-01
        3.360000           0.4000000E-01
        3.365714           0.4000000E-01
        3.371429           0.4000000E-01
        3.377143           0.4000000E-01
        3.382857           0.4000000E-01
        3.388571           0.4000000E-01
        3.394286           0.4000000E-01
        3.400000           0.4000000E-01
        3.405714           0.4000000E-01
        3.411429           0.4000000E-01
        3.417143           0.4000000E-01
        3.422857           0.4000000E-01
        3.428571           0.4000000E-01
        3.434286           0.4000000E-01
        3.440000           0.4000000E-01
        3.445714           0.4000000E-01
        3.451429           0.4000000E-01
        3.457143           0.4000000E-01
        3.462857           0.4000000E-01
        3.468571           0.4000000E-01
        3.474286           0.4000000E-01
        3.480000           0.4000000E-01
        3.485714           0.4000000E-01
        3.491429           0.4000000E-01
        3.497143           0.4000000E-01
        3.502857           0.4000000E-01
        3.508571           0.4000000E-01
        3.514286           0.4000000E-01
        3.520000           0.4000000E-01
        3.525714           0.4000000E-01
        3.531429           0.4000000E-01
        3.537143           0.4000000E-01
        3.542857           0.4000000E-01
        3.548571           0.4000000E-01
        3.554286           0.4000000E-01
        3.560000           0.4000000E-01
        3.565714           0.4000000E-01
        3.571429           0.4000000E-01
        3.577143           0.4000000E-01
        3.582857           0.4000000E-01
        3.588571           0.4000000E-01
        3.594286           0.4000000E-01
        3.600000           0.4000000E-01
        3.605714           0.4000000E-01
        3.611429           0.4000000E-01
        3.617143           0.4000000E-01
        3.622857           0.4000000E-01
        3.628571           0.4000000E-01
        3.634286           0.4000000E-01
        3.640000           0.4000000E-01
        3.645714           0.4000000E-01
        3.651429           0.4000000E-01
        3.657143           0.4000000E-01
        3.662857           0.4000000E-01
        3.668571           0.4000000E-01
        3.674286           0.4000000E-01
        3.680000           0.4000000E-01
        3.685714           0.4000000E-01
        3.691429           0.4000000E-01
        3.697143           0.4000000E-01
        3.702857           0.4000000E-01
        3.708571           0.4000000E-01
        3.714286           0.4000000E-01
        3.720000           0.4000000E-01
        3.725714           0.4000000E-01
        3.731429           0.4000000E-01
        3.737143           0.4000000E-01
        3.742857           0.4000000E-01
        3.748571           0.4000000E-01
        3.754286           0.4000000E-01
        3.760000           0.4000000E-01
        3.765714           0.4000000E-01
        3.771429           0.4000000E-01
        3.777143           0.4000000E-01
        3.782857           0.4000000E-01
        3.788571           0.4000000E-01
        3.794286           0.4000000E-01
        3.800000           0.4000000E-01
        3.805714           0.4000000E-01
        3.811429           0.4000000E-01
        3.817143           0.4000000E-01
        3.822857           0.4000000E-01
        3.828571           0.4000000E-01
        3.834286           0.4000000E-01
        3.840000           0.4000000E-01
        3.845714           0.4000000E-01
        3.851429           0.4000000E-01
        3.857143           0.4000000E-01
        3.862857           0.4000000E-01
        3.868571           0.4000000E-01
        3.874286           0.4000000E-01
        3.880000           0.4000000E-01
        3.885714           0.4000000E-01
        3.891429           0.4000000E-01
        3.897143           0.4000000E-01
        3.902857           0.4000000E-01
        3.908571           0.4000000E-01
        3.914286           0.4000000E-01
        3.920000           0.4000000E-01
        3.925714           0.4000000E-01
        3.931429           0.4000000E-01
        3.937143           0.4000000E-01
        3.942857           0.4000000E-01
        3.948571           0.4000000E-01
        3.954286           0.4000000E-01
        3.960000           0.4000000E-01
        3.965714           0.4000000E-01
        3.971429           0.4000000E-01
        3.977143           0.4000000E-01
        3.982857           0.4000000E-01
        3.988571           0.4000000E-01
        3.994286           0.4000000E-01
        4.000000           0.4000000E-01
