        0.000000            0.000000    
       0.5714286E-02       0.5014457E-05
       0.1142857E-01       0.2005783E-04
       0.1714286E-01       0.4513012E-04
       0.2285714E-01       0.8023132E-04
       0.2857143E-01       0.1253614E-03
       0.3428571E-01       0.1805205E-03
       0.4000000E-01       0.2457084E-03
       0.4571429E-01       0.3209253E-03
       0.5142857E-01       0.4061710E-03
       0.5714286E-01       0.5014457E-03
       0.6285714E-01       0.6067493E-03
       0.6857143E-01       0.7220819E-03
       0.7428571E-01       0.8474433E-03
       0.8000000E-01       0.9828337E-03
       0.8571428E-01       0.1128253E-02
       0.9142857E-01       0.1283701E-02
       0.9714286E-01       0.1449178E-02
       0.1028571           0.1624684E-02
       0.1085714           0.1810219E-02
       0.1142857           0.2005783E-02
       0.1200000           0.2211376E-02
       0.1257143           0.2426997E-02
       0.1314286           0.2652648E-02
       0.1371429           0.2888327E-02
       0.1428571           0.3134036E-02
       0.1485714           0.3389773E-02
       0.1542857           0.3655539E-02
       0.1600000           0.3931335E-02
       0.1657143           0.4217159E-02
       0.1714286           0.4513012E-02
       0.1771429           0.4818894E-02
       0.1828571           0.5134804E-02
       0.1885714           0.5460744E-02
       0.1942857           0.5796713E-02
       0.2000000           0.6142710E-02
       0.2057143           0.6498737E-02
       0.2114286           0.6864792E-02
       0.2171429           0.7240876E-02
       0.2228571           0.7626990E-02
       0.2285714           0.8023132E-02
       0.2342857           0.8429303E-02
       0.2400000           0.8845503E-02
       0.2457143           0.9271732E-02
       0.2514286           0.9707990E-02
       0.2571429           0.1015428E-01
       0.2628571           0.1061059E-01
       0.2685714           0.1107694E-01
       0.2742857           0.1155331E-01
       0.2800000           0.1203971E-01
       0.2857143           0.1253614E-01
       0.2914286           0.1304260E-01
       0.2971429           0.1355909E-01
       0.3028571           0.1408561E-01
       0.3085714           0.1462216E-01
       0.3142857           0.1516873E-01
       0.3200000           0.1572534E-01
       0.3257143           0.1629197E-01
       0.3314286           0.1686863E-01
       0.3371429           0.1745533E-01
       0.3428571           0.1805205E-01
       0.3485714           0.1865880E-01
       0.3542857           0.1927557E-01
       0.3600000           0.1990238E-01
       0.3657143           0.2000000E-01
       0.3714286           0.2000000E-01
       0.3771429           0.2000000E-01
       0.3828571           0.2000000E-01
       0.3885714           0.2000000E-01
       0.3942857           0.2000000E-01
       0.4000000           0.2000000E-01
       0.4057143           0.2000000E-01
       0.4114286           0.2000000E-01
       0.4171429           0.2000000E-01
       0.4228571           0.2000000E-01
       0.4285714           0.2000000E-01
       0.4342857           0.2000000E-01
       0.4400000           0.2000000E-01
       0.4457143           0.2000000E-01
       0.4514286           0.2000000E-01
       0.4571429           0.2000000E-01
       0.4628571           0.2000000E-01
       0.4685714           0.2000000E-01
       0.4742857           0.2000000E-01
       0.4800000           0.2000000E-01
       0.4857143           0.2000000E-01
       0.4914286           0.2000000E-01
       0.4971429           0.2000000E-01
       0.5028571           0.2000000E-01
       0.5085714           0.2000000E-01
       0.5142857           0.2000000E-01
       0.5200000           0.2000000E-01
       0.5257143           0.2000000E-01
       0.5314286           0.2000000E-01
       0.5371429           0.2000000E-01
       0.5428571           0.2000000E-01
       0.5485714           0.2000000E-01
       0.5542857           0.2000000E-01
       0.5600000           0.2000000E-01
       0.5657143           0.2000000E-01
       0.5714286           0.2000000E-01
       0.5771429           0.2000000E-01
       0.5828571           0.2000000E-01
       0.5885714           0.2000000E-01
       0.5942857           0.2000000E-01
       0.6000000           0.2000000E-01
       0.6057143           0.2000000E-01
       0.6114286           0.2000000E-01
       0.6171429           0.2000000E-01
       0.6228571           0.2000000E-01
       0.6285714           0.2000000E-01
       0.6342857           0.2000000E-01
       0.6400000           0.2000000E-01
       0.6457143           0.2000000E-01
       0.6514286           0.2000000E-01
       0.6571429           0.2000000E-01
       0.6628571           0.2000000E-01
       0.6685714           0.2000000E-01
       0.6742857           0.2000000E-01
       0.6800000           0.2000000E-01
       0.6857143           0.2000000E-01
       0.6914286           0.2000000E-01
       0.6971428           0.2000000E-01
       0.7028571           0.2000000E-01
       0.7085714           0.2000000E-01
       0.7142857           0.2000000E-01
       0.7200000           0.2000000E-01
       0.7257143           0.2000000E-01
       0.7314286           0.2000000E-01
       0.7371428           0.2000000E-01
       0.7428571           0.2000000E-01
       0.7485714           0.2000000E-01
       0.7542857           0.2000000E-01
       0.7600000           0.2000000E-01
       0.7657143           0.2000000E-01
       0.7714286           0.2000000E-01
       0.7771428           0.2000000E-01
       0.7828571           0.2000000E-01
       0.7885714           0.2000000E-01
       0.7942857           0.2000000E-01
       0.8000000           0.2000000E-01
       0.8057143           0.2000000E-01
       0.8114286           0.2000000E-01
       0.8171428           0.2000000E-01
       0.8228571           0.2000000E-01
       0.8285714           0.2000000E-01
       0.8342857           0.2000000E-01
       0.8400000           0.2000000E-01
       0.8457143           0.2000000E-01
       0.8514286           0.2000000E-01
       0.8571428           0.2000000E-01
       0.8628571           0.2000000E-01
       0.8685714           0.2000000E-01
       0.8742857           0.2000000E-01
       0.8800000           0.2000000E-01
       0.8857143           0.2000000E-01
       0.8914286           0.2000000E-01
       0.8971428           0.2000000E-01
       0.9028571           0.2000000E-01
       0.9085714           0.2000000E-01
       0.9142857           0.2000000E-01
       0.9200000           0.2000000E-01
       0.9257143           0.2000000E-01
       0.9314286           0.2000000E-01
       0.9371428           0.2000000E-01
       0.9428571           0.2000000E-01
       0.9485714           0.2000000E-01
       0.9542857           0.2000000E-01
       0.9600000           0.2000000E-01
       0.9657143           0.2000000E-01
       0.9714286           0.2000000E-01
       0.9771428           0.2000000E-01
       0.9828571           0.2000000E-01
       0.9885714           0.2000000E-01
       0.9942857           0.2000000E-01
        1.000000           0.2000000E-01
        1.005714           0.2000000E-01
        1.011429           0.2000000E-01
        1.017143           0.2000000E-01
        1.022857           0.2000000E-01
        1.028571           0.2000000E-01
        1.034286           0.2000000E-01
        1.040000           0.2000000E-01
        1.045714           0.2000000E-01
        1.051429           0.2000000E-01
        1.057143           0.2000000E-01
        1.062857           0.2000000E-01
        1.068571           0.2000000E-01
        1.074286           0.2000000E-01
        1.080000           0.2000000E-01
        1.085714           0.2000000E-01
        1.091429           0.2000000E-01
        1.097143           0.2000000E-01
        1.102857           0.2000000E-01
        1.108571           0.2000000E-01
        1.114286           0.2000000E-01
        1.120000           0.2000000E-01
        1.125714           0.2000000E-01
        1.131429           0.2000000E-01
        1.137143           0.2000000E-01
        1.142857           0.2000000E-01
        1.148571           0.2000000E-01
        1.154286           0.2000000E-01
        1.160000           0.2000000E-01
        1.165714           0.2000000E-01
        1.171429           0.2000000E-01
        1.177143           0.2000000E-01
        1.182857           0.2000000E-01
        1.188571           0.2000000E-01
        1.194286           0.2000000E-01
        1.200000           0.2000000E-01
        1.205714           0.2000000E-01
        1.211429           0.2000000E-01
        1.217143           0.2000000E-01
        1.222857           0.2000000E-01
        1.228571           0.2000000E-01
        1.234286           0.2000000E-01
        1.240000           0.2000000E-01
        1.245714           0.2000000E-01
        1.251429           0.2000000E-01
        1.257143           0.2000000E-01
        1.262857           0.2000000E-01
        1.268571           0.2000000E-01
        1.274286           0.2000000E-01
        1.280000           0.2000000E-01
        1.285714           0.2000000E-01
        1.291429           0.2000000E-01
        1.297143           0.2000000E-01
        1.302857           0.2000000E-01
        1.308571           0.2000000E-01
        1.314286           0.2000000E-01
        1.320000           0.2000000E-01
        1.325714           0.2000000E-01
        1.331429           0.2000000E-01
        1.337143           0.2000000E-01
        1.342857           0.2000000E-01
        1.348571           0.2000000E-01
        1.354286           0.2000000E-01
        1.360000           0.2000000E-01
        1.365714           0.2018140E-01
        1.371429           0.2039696E-01
        1.377143           0.2061367E-01
        1.382857           0.2083152E-01
        1.388571           0.2105052E-01
        1.394286           0.2127066E-01
        1.400000           0.2149195E-01
        1.405714           0.2171438E-01
        1.411429           0.2193796E-01
        1.417143           0.2216268E-01
        1.422857           0.2238855E-01
        1.428571           0.2261556E-01
        1.434286           0.2284372E-01
        1.440000           0.2307302E-01
        1.445714           0.2330347E-01
        1.451429           0.2353506E-01
        1.457143           0.2376780E-01
        1.462857           0.2400168E-01
        1.468571           0.2423671E-01
        1.474286           0.2447289E-01
        1.480000           0.2471020E-01
        1.485714           0.2494867E-01
        1.491429           0.2518828E-01
        1.497143           0.2542903E-01
        1.502857           0.2567093E-01
        1.508571           0.2591397E-01
        1.514286           0.2615816E-01
        1.520000           0.2640350E-01
        1.525714           0.2664998E-01
        1.531429           0.2689760E-01
        1.537143           0.2714637E-01
        1.542857           0.2739629E-01
        1.548571           0.2764735E-01
        1.554286           0.2789955E-01
        1.560000           0.2815290E-01
        1.565714           0.2840740E-01
        1.571429           0.2866304E-01
        1.577143           0.2891982E-01
        1.582857           0.2917776E-01
        1.588571           0.2943683E-01
        1.594286           0.2969705E-01
        1.600000           0.2995842E-01
        1.605714           0.3022093E-01
        1.611429           0.3048459E-01
        1.617143           0.3074939E-01
        1.622857           0.3101533E-01
        1.628571           0.3128243E-01
        1.634286           0.3155066E-01
        1.640000           0.3182005E-01
        1.645714           0.3209057E-01
        1.651429           0.3236225E-01
        1.657143           0.3263506E-01
        1.662857           0.3290902E-01
        1.668571           0.3318413E-01
        1.674286           0.3346039E-01
        1.680000           0.3373778E-01
        1.685714           0.3401633E-01
        1.691429           0.3429601E-01
        1.697143           0.3457685E-01
        1.702857           0.3485883E-01
        1.708571           0.3514195E-01
        1.714286           0.3542622E-01
        1.720000           0.3571163E-01
        1.725714           0.3599819E-01
        1.731429           0.3628589E-01
        1.737143           0.3657474E-01
        1.742857           0.3686474E-01
        1.748571           0.3715588E-01
        1.754286           0.3744816E-01
        1.760000           0.3774159E-01
        1.765714           0.3803617E-01
        1.771429           0.3833188E-01
        1.777143           0.3862875E-01
        1.782857           0.3892676E-01
        1.788571           0.3922591E-01
        1.794286           0.3952622E-01
        1.800000           0.3982766E-01
        1.805714           0.4000000E-01
        1.811429           0.4000000E-01
        1.817143           0.4000000E-01
        1.822857           0.4000000E-01
        1.828571           0.4000000E-01
        1.834286           0.4000000E-01
        1.840000           0.4000000E-01
        1.845714           0.4000000E-01
        1.851429           0.4000000E-01
        1.857143           0.4000000E-01
        1.862857           0.4000000E-01
        1.868571           0.4000000E-01
        1.874286           0.4000000E-01
        1.880000           0.4000000E-01
        1.885714           0.4000000E-01
        1.891429           0.4000000E-01
        1.897143           0.4000000E-01
        1.902857           0.4000000E-01
        1.908571           0.4000000E-01
        1.914286           0.4000000E-01
        1.920000           0.4000000E-01
        1.925714           0.4000000E-01
        1.931429           0.4000000E-01
        1.937143           0.4000000E-01
        1.942857           0.4000000E-01
        1.948571           0.4000000E-01
        1.954286           0.4000000E-01
        1.960000           0.4000000E-01
        1.965714           0.4000000E-01
        1.971429           0.4000000E-01
        1.977143           0.4000000E-01
        1.982857           0.4000000E-01
        1.988571           0.4000000E-01
        1.994286           0.4000000E-01
        2.000000           0.4000000E-01
        2.005714           0.4000000E-01
        2.011429           0.4000000E-01
        2.017143           0.4000000E-01
        2.022857           0.4000000E-01
        2.028571           0.4000000E-01
        2.034286           0.4000000E-01
        2.040000           0.4000000E-01
        2.045714           0.4000000E-01
        2.051429           0.4000000E-01
        2.057143           0.4000000E-01
        2.062857           0.4000000E-01
        2.068571           0.4000000E-01
        2.074286           0.4000000E-01
        2.080000           0.4000000E-01
        2.085714           0.4000000E-01
        2.091429           0.4000000E-01
        2.097143           0.4000000E-01
        2.102857           0.4000000E-01
        2.108571           0.4000000E-01
        2.114286           0.4000000E-01
        2.120000           0.4000000E-01
        2.125714           0.4000000E-01
        2.131429           0.4000000E-01
        2.137143           0.4000000E-01
        2.142857           0.4000000E-01
        2.148571           0.4000000E-01
        2.154286           0.4000000E-01
        2.160000           0.4000000E-01
        2.165714           0.4000000E-01
        2.171429           0.4000000E-01
        2.177143           0.4000000E-01
        2.182857           0.4000000E-01
        2.188571           0.4000000E-01
        2.194286           0.4000000E-01
        2.200000           0.4000000E-01
        2.205714           0.4000000E-01
        2.211429           0.4000000E-01
        2.217143           0.4000000E-01
        2.222857           0.4000000E-01
        2.228571           0.4000000E-01
        2.234286           0.4000000E-01
        2.240000           0.4000000E-01
        2.245714           0.4000000E-01
        2.251429           0.4000000E-01
        2.257143           0.4000000E-01
        2.262857           0.4000000E-01
        2.268571           0.4000000E-01
        2.274286           0.4000000E-01
        2.280000           0.4000000E-01
        2.285714           0.4000000E-01
        2.291429           0.4000000E-01
        2.297143           0.4000000E-01
        2.302857           0.4000000E-01
        2.308571           0.4000000E-01
        2.314286           0.4000000E-01
        2.320000           0.4000000E-01
        2.325714           0.4000000E-01
        2.331429           0.4000000E-01
        2.337143           0.4000000E-01
        2.342857           0.4000000E-01
        2.348571           0.4000000E-01
        2.354286           0.4000000E-01
        2.360000           0.4000000E-01
        2.365714           0.4000000E-01
        2.371429           0.4000000E-01
        2.377143           0.4000000E-01
        2.382857           0.4000000E-01
        2.388571           0.4000000E-01
        2.394286           0.4000000E-01
        2.400000           0.4000000E-01
        2.405714           0.4000000E-01
        2.411429           0.4000000E-01
        2.417143           0.4000000E-01
        2.422857           0.4000000E-01
        2.428571           0.4000000E-01
        2.434286           0.4000000E-01
        2.440000           0.4000000E-01
        2.445714           0.4000000E-01
        2.451429           0.4000000E-01
        2.457143           0.4000000E-01
        2.462857           0.4000000E-01
        2.468571           0.4000000E-01
        2.474286           0.4000000E-01
        2.480000           0.4000000E-01
        2.485714           0.4000000E-01
        2.491429           0.4000000E-01
        2.497143           0.4000000E-01
        2.502857           0.4000000E-01
        2.508571           0.4000000E-01
        2.514286           0.4000000E-01
        2.520000           0.4000000E-01
        2.525714           0.4000000E-01
        2.531429           0.4000000E-01
        2.537143           0.4000000E-01
        2.542857           0.4000000E-01
        2.548571           0.4000000E-01
        2.554286           0.4000000E-01
        2.560000           0.4000000E-01
        2.565714           0.4000000E-01
        2.571429           0.4000000E-01
        2.577143           0.4000000E-01
        2.582857           0.4000000E-01
        2.588571           0.4000000E-01
        2.594286           0.4000000E-01
        2.600000           0.4000000E-01
        2.605714           0.4000000E-01
        2.611429           0.4000000E-01
        2.617143           0.4000000E-01
        2.622857           0.4000000E-01
        2.628571           0.4000000E-01
        2.634286           0.4000000E-01
        2.640000           0.4000000E-01
        2.645714           0.4000000E-01
        2.651429           0.4000000E-01
        2.657143           0.4000000E-01
        2.662857           0.4000000E-01
        2.668571           0.4000000E-01
        2.674286           0.4000000E-01
        2.680000           0.4000000E-01
        2.685714           0.4000000E-01
        2.691429           0.4000000E-01
        2.697143           0.4000000E-01
        2.702857           0.4000000E-01
        2.708571           0.4000000E-01
        2.714286           0.4000000E-01
        2.720000           0.4000000E-01
        2.725714           0.4000000E-01
        2.731429           0.4000000E-01
        2.737143           0.4000000E-01
        2.742857           0.4000000E-01
        2.748571           0.4000000E-01
        2.754286           0.4000000E-01
        2.760000           0.4000000E-01
        2.765714           0.4000000E-01
        2.771429           0.4000000E-01
        2.777143           0.4000000E-01
        2.782857           0.4000000E-01
        2.788571           0.4000000E-01
        2.794286           0.4000000E-01
        2.800000           0.4000000E-01
        2.805714           0.4000000E-01
        2.811429           0.4000000E-01
        2.817143           0.4000000E-01
        2.822857           0.4000000E-01
        2.828571           0.4000000E-01
        2.834286           0.4000000E-01
        2.840000           0.4000000E-01
        2.845714           0.4000000E-01
        2.851429           0.4000000E-01
        2.857143           0.4000000E-01
        2.862857           0.4000000E-01
        2.868571           0.4000000E-01
        2.874286           0.4000000E-01
        2.880000           0.4000000E-01
        2.885714           0.4000000E-01
        2.891429           0.4000000E-01
        2.897143           0.4000000E-01
        2.902857           0.4000000E-01
        2.908571           0.4000000E-01
        2.914286           0.4000000E-01
        2.920000           0.4000000E-01
        2.925714           0.4000000E-01
        2.931429           0.4000000E-01
        2.937143           0.4000000E-01
        2.942857           0.4000000E-01
        2.948571           0.4000000E-01
        2.954286           0.4000000E-01
        2.960000           0.4000000E-01
        2.965714           0.4000000E-01
        2.971429           0.4000000E-01
        2.977143           0.4000000E-01
        2.982857           0.4000000E-01
        2.988571           0.4000000E-01
        2.994286           0.4000000E-01
        3.000000           0.4000000E-01
        3.005714           0.4000000E-01
        3.011429           0.4000000E-01
        3.017143           0.4000000E-01
        3.022857           0.4000000E-01
        3.028571           0.4000000E-01
        3.034286           0.4000000E-01
        3.040000           0.4000000E-01
        3.045714           0.4000000E-01
        3.051429           0.4000000E-01
        3.057143           0.4000000E-01
        3.062857           0.4000000E-01
        3.068571           0.4000000E-01
        3.074286           0.4000000E-01
        3.080000           0.4000000E-01
        3.085714           0.4000000E-01
        3.091429           0.4000000E-01
        3.097143           0.4000000E-01
        3.102857           0.4000000E-01
        3.108571           0.4000000E-01
        3.114286           0.4000000E-01
        3.120000           0.4000000E-01
        3.125714           0.4000000E-01
        3.131429           0.4000000E-01
        3.137143           0.4000000E-01
        3.142857           0.4000000E-01
        3.148571           0.4000000E-01
        3.154286           0.4000000E-01
        3.160000           0.4000000E-01
        3.165714           0.4000000E-01
        3.171429           0.4000000E-01
        3.177143           0.4000000E-01
        3.182857           0.4000000E-01
        3.188571           0.4000000E-01
        3.194286           0.4000000E-01
        3.200000           0.4000000E-01
        3.205714           0.4000000E-01
        3.211429           0.4000000E-01
        3.217143           0.4000000E-01
        3.222857           0.4000000E-01
        3.228571           0.4000000E-01
        3.234286           0.4000000E-01
        3.240000           0.4000000E-01
        3.245714           0.4000000E-01
        3.251429           0.4000000E-01
        3.257143           0.4000000E-01
        3.262857           0.4000000E-01
        3.268571           0.4000000E-01
        3.274286           0.4000000E-01
        3.280000           0.4000000E-01
        3.285714           0.4000000E-01
        3.291429           0.4000000E-01
        3.297143           0.4000000E-01
        3.302857           0.4000000E-01
        3.308571           0.4000000E-01
        3.314286           0.4000000E-01
        3.320000           0.4000000E-01
        3.325714           0.4000000E-01
        3.331429           0.4000000E-01
        3.337143           0.4000000E-01
        3.342857           0.4000000E-01
        3.348571           0.4000000E-01
        3.354286           0.4000000E-01
        3.360000           0.4000000E-01
        3.365714           0.4000000E-01
        3.371429           0.4000000E-01
        3.377143           0.4000000E-01
        3.382857           0.4000000E-01
        3.388571           0.4000000E-01
        3.394286           0.4000000E-01
        3.400000           0.4000000E-01
        3.405714           0.4000000E-01
        3.411429           0.4000000E-01
        3.417143           0.4000000E-01
        3.422857           0.4000000E-01
        3.428571           0.4000000E-01
        3.434286           0.4000000E-01
        3.440000           0.4000000E-01
        3.445714           0.4000000E-01
        3.451429           0.4000000E-01
        3.457143           0.4000000E-01
        3.462857           0.4000000E-01
        3.468571           0.4000000E-01
        3.474286           0.4000000E-01
        3.480000           0.4000000E-01
        3.485714           0.4000000E-01
        3.491429           0.4000000E-01
        3.497143           0.4000000E-01
        3.502857           0.4000000E-01
        3.508571           0.4000000E-01
        3.514286           0.4000000E-01
        3.520000           0.4000000E-01
        3.525714           0.4000000E-01
        3.531429           0.4000000E-01
        3.537143           0.4000000E-01
        3.542857           0.4000000E-01
        3.548571           0.4000000E-01
        3.554286           0.4000000E-01
        3.560000           0.4000000E-01
        3.565714           0.4000000E-01
        3.571429           0.4000000E-01
        3.577143           0.4000000E-01
        3.582857           0.4000000E-01
        3.588571           0.4000000E-01
        3.594286           0.4000000E-01
        3.600000           0.4000000E-01
        3.605714           0.4000000E-01
        3.611429           0.4000000E-01
        3.617143           0.4000000E-01
        3.622857           0.4000000E-01
        3.628571           0.4000000E-01
        3.634286           0.4000000E-01
        3.640000           0.4000000E-01
        3.645714           0.4000000E-01
        3.651429           0.4000000E-01
        3.657143           0.4000000E-01
        3.662857           0.4000000E-01
        3.668571           0.4000000E-01
        3.674286           0.4000000E-01
        3.680000           0.4000000E-01
        3.685714           0.4000000E-01
        3.691429           0.4000000E-01
        3.697143           0.4000000E-01
        3.702857           0.4000000E-01
        3.708571           0.4000000E-01
        3.714286           0.4000000E-01
        3.720000           0.4000000E-01
        3.725714           0.4000000E-01
        3.731429           0.4000000E-01
        3.737143           0.4000000E-01
        3.742857           0.4000000E-01
        3.748571           0.4000000E-01
        3.754286           0.4000000E-01
        3.760000           0.4000000E-01
        3.765714           0.4000000E-01
        3.771429           0.4000000E-01
        3.777143           0.4000000E-01
        3.782857           0.4000000E-01
        3.788571           0.4000000E-01
        3.794286           0.4000000E-01
        3.800000           0.4000000E-01
        3.805714           0.4000000E-01
        3.811429           0.4000000E-01
        3.817143           0.4000000E-01
        3.822857           0.4000000E-01
        3.828571           0.4000000E-01
        3.834286           0.4000000E-01
        3.840000           0.4000000E-01
        3.845714           0.4000000E-01
        3.851429           0.4000000E-01
        3.857143           0.4000000E-01
        3.862857           0.4000000E-01
        3.868571           0.4000000E-01
        3.874286           0.4000000E-01
        3.880000           0.4000000E-01
        3.885714           0.4000000E-01
        3.891429           0.4000000E-01
        3.897143           0.4000000E-01
        3.902857           0.4000000E-01
        3.908571           0.4000000E-01
        3.914286           0.4000000E-01
        3.920000           0.4000000E-01
        3.925714           0.4000000E-01
        3.931429           0.4000000E-01
        3.937143           0.4000000E-01
        3.942857           0.4000000E-01
        3.948571           0.4000000E-01
        3.954286           0.4000000E-01
        3.960000           0.4000000E-01
        3.965714           0.4000000E-01
        3.971429           0.4000000E-01
        3.977143           0.4000000E-01
        3.982857           0.4000000E-01
        3.988571           0.4000000E-01
        3.994286           0.4000000E-01
        4.000000           0.4000000E-01
