0 0.0
1 1.3258876382543368e-06
2 5.303550553017347e-06
3 1.1932988744289031e-05
4 2.121420221206939e-05
5 3.314719095635841e-05
6 4.7731954977156124e-05
7 6.496849427446251e-05
8 8.485680884827756e-05
9 0.00010739689869860127
10 0.00013258876382543365
11 0.0001604324042287748
12 0.0001909278199086245
13 0.0002240750108649829
14 0.00025987397709785004
15 0.00029832471860722574
16 0.0003394272353931102
17 0.00038318152745550323
18 0.00042958759479440507
19 0.00047864543740981554
20 0.0005303550553017346
21 0.0005847164484701625
22 0.0006417296169150991
23 0.0007013945606365442
24 0.000763711279634498
25 0.0008286797739089604
26 0.0008963000434599316
27 0.0009665720882874115
28 0.0010394959083914002
29 0.0011150715037718968
30 0.001193298874428903
31 0.0012741780203624174
32 0.001357708941572441
33 0.001443891638058973
34 0.001532726109822013
35 0.0016242123568615623
36 0.0017183503791776203
37 0.0018151401767701873
38 0.0019145817496392622
39 0.0020166750977848465
40 0.0021214202212069383
41 0.0022288171199055405
42 0.00233886579388065
43 0.002451566243132269
44 0.0025669184676603966
45 0.0026849224674650313
46 0.0028055782425461767
47 0.0029288857929038294
48 0.003054845118537992
49 0.0031834562194486635
50 0.0033147190956358415
51 0.0034486337470995294
52 0.0035852001738397262
53 0.0037244183758564334
54 0.003866288353149646
55 0.004010810105719368
56 0.004157983633565601
57 0.00430780893668834
58 0.004460286015087587
59 0.004615414868763346
60 0.004773195497715612
61 0.004933627901944387
62 0.00509671208144967
63 0.005262448036231463
64 0.005430835766289764
65 0.005601875271624573
66 0.005775566552235892
67 0.005951909608123716
68 0.006130904439288052
69 0.0063125510457288985
70 0.006496849427446249
71 0.006683799584440112
72 0.006873401516710481
73 0.007065655224257362
74 0.007260560707080749
75 0.007458117965180643
76 0.007658326998557049
77 0.00786118780720996
78 0.008066700391139386
79 0.008274864750345315
80 0.008485680884827753
81 0.008699148794586702
82 0.008915268479622162
83 0.009134039939934125
84 0.0093554631755226
85 0.009579538186387581
86 0.009806264972529077
87 0.010035643533947074
88 0.010267673870641586
89 0.010502355982612602
90 0.010739689869860125
91 0.010979675532384164
92 0.011222312970184707
93 0.01146760218326176
94 0.011715543171615318
95 0.011966135935245387
96 0.012219380474151968
97 0.012475276788335056
98 0.012733824877794654
99 0.012995024742530755
100 0.013258876382543366
101 0.01352537979783249
102 0.013794534988398117
103 0.014066341954240252
104 0.014340800695358905
105 0.014617911211754063
106 0.014897673503425734
107 0.015180087570373904
108 0.015465153412598584
109 0.01575287103009978
110 0.016043240422877473
111 0.01633626159093168
112 0.016631934534262403
113 0.016930259252869624
114 0.01723123574675336
115 0.017534864015913598
116 0.01784114406035035
117 0.018150075880063617
118 0.018461659475053384
119 0.018775894845319663
120 0.019092781990862447
121 0.01941232091168174
122 0.019734511607777547
123 0.02005935407914985
124 0.02038684832579868
125 0.020716994347724012
126 0.02104979214492585
127 0.021385241717404208
128 0.021723343065159054
129 0.02206409618819042
130 0.02240750108649829
131 0.02275355776008267
132 0.023102266208943567
133 0.02345362643308096
134 0.023807638432494865
135 0.024164302207185292
136 0.024523617757152207
137 0.02488558508239564
138 0.025250204182915594
139 0.02561747505871204
140 0.025987397709784997
141 0.026359972136134464
142 0.026735198337760446
143 0.027113076314662938
144 0.027493606066841925
145 0.027876787594297438
146 0.02826262089702945
147 0.02865110597503797
148 0.029042242828322996
149 0.029436031456884528
150 0.029832471860722572
151 0.030231564039837136
152 0.030633307994228195
153 0.031037703723895763
154 0.03144475122883984
155 0.03185445050906043
156 0.032266801564557544
157 0.032681804395331145
158 0.03309945900138126
159 0.033519765382707886
160 0.03394068441878124
161 0.03431928787533828
162 0.03466968740425236
163 0.03500085654823457
164 0.035316380160427374
165 0.035618325777217776
166 0.0359080598667334
167 0.03618655419608122
168 0.03645453092671204
169 0.03671254131852039
170 0.03696101240533941
171 0.03720027643001979
172 0.03743059019727657
173 0.037652148114291274
174 0.037865091027616316
175 0.0380695120801679
176 0.03826546030251603
177 0.03845294233143812
178 0.03863192241939648
179 0.038802320703298164
180 0.03896400949435709
181 0.03911680708242028
182 0.03926046813964634
183 0.039394669113170966
184 0.03951898570229202
185 0.039632856886890167
186 0.03973552406484385
187 0.03982591871316504
188 0.039902425207291495
189 0.03996224944562126
190 0.03999842871021433
191 0.04
192 0.04
193 0.04
194 0.04
195 0.04
196 0.04
197 0.04
198 0.04
199 0.04
200 0.04
201 0.04
202 0.04
203 0.04
204 0.04
205 0.04
206 0.04
207 0.04
208 0.04
209 0.04
210 0.04
211 0.04
212 0.04
213 0.04
214 0.04
215 0.04
216 0.04
217 0.04
218 0.04
219 0.04
220 0.04
221 0.04
222 0.04
223 0.04
224 0.04
225 0.04
226 0.04
227 0.04
228 0.04
229 0.04
230 0.04
231 0.04
232 0.04
233 0.04
234 0.04
235 0.04
236 0.04
237 0.04
238 0.04
239 0.04
240 0.04
241 0.04
242 0.04
243 0.04
244 0.04
245 0.04
246 0.04
247 0.04
248 0.04
249 0.04
250 0.04
251 0.04
252 0.04
253 0.04
254 0.04
255 0.04
256 0.04
257 0.04
258 0.04
259 0.04
260 0.04
261 0.04
262 0.04
263 0.04
264 0.04
265 0.04
266 0.04
267 0.04
268 0.04
269 0.04
270 0.04
271 0.04
272 0.04
273 0.04
274 0.04
275 0.04
276 0.04
277 0.04
278 0.04
279 0.04
280 0.04
281 0.04
282 0.04
283 0.04
284 0.04
285 0.04
286 0.04
287 0.04
288 0.04
289 0.04
290 0.04
291 0.04
292 0.04
293 0.04
294 0.04
295 0.04
296 0.04
297 0.04
298 0.04
299 0.04
300 0.04
301 0.04
302 0.04
303 0.04
304 0.04
305 0.04
306 0.04
307 0.04
308 0.04
309 0.04
310 0.04
311 0.04
312 0.04
313 0.04
314 0.04
315 0.04
316 0.04
317 0.04
318 0.04
319 0.04
320 0.04
321 0.04
322 0.04
323 0.04
324 0.04
325 0.04
326 0.04
327 0.04
328 0.04
329 0.04
330 0.04
331 0.04
332 0.04
333 0.04
334 0.04
335 0.04
336 0.04
337 0.04
338 0.04
339 0.04
340 0.04
341 0.04
342 0.04
343 0.04
344 0.04
345 0.04
346 0.04
347 0.04
348 0.04
349 0.04
350 0.04
351 0.04
352 0.04
353 0.04
354 0.04
355 0.04
356 0.04
357 0.04
358 0.04
359 0.04
360 0.04
361 0.04
362 0.04
363 0.04
364 0.04
365 0.04
366 0.04
367 0.04
368 0.04
369 0.04
370 0.04
371 0.04
372 0.04
373 0.04
374 0.04
375 0.04
376 0.04
377 0.04
378 0.04
379 0.04
380 0.04
381 0.04
382 0.04
383 0.04
384 0.04
385 0.04
386 0.04
387 0.04
388 0.04
389 0.04
390 0.04
391 0.04
392 0.04
393 0.04
394 0.04
395 0.04
396 0.04
397 0.04
398 0.04
399 0.04
400 0.04
401 0.04
402 0.04
403 0.04
404 0.04
405 0.04
406 0.04
407 0.04
408 0.04
409 0.04
410 0.04
411 0.04
412 0.04
413 0.04
414 0.04
415 0.04
416 0.04
417 0.04
418 0.04
419 0.04
420 0.04
421 0.04
422 0.04
423 0.04
424 0.04
425 0.04
426 0.04
427 0.04
428 0.04
429 0.04
430 0.04
431 0.04
432 0.04
433 0.04
434 0.04
435 0.04
436 0.04
437 0.04
438 0.04
439 0.04
440 0.04
441 0.04
442 0.04
443 0.04
444 0.04
445 0.04
446 0.04
447 0.04
448 0.04
449 0.04
450 0.04
451 0.04
452 0.04
453 0.04
454 0.04
455 0.04
456 0.04
457 0.04
458 0.04
459 0.04
460 0.04
461 0.04
462 0.04
463 0.04
464 0.04
465 0.04
466 0.04
467 0.04
468 0.04
469 0.04
470 0.04
471 0.04
472 0.04
473 0.04
474 0.04
475 0.04
476 0.04
477 0.04
478 0.04
479 0.04
480 0.04
481 0.04
482 0.04
483 0.04
484 0.04
485 0.04
486 0.04
487 0.04
488 0.04
489 0.04
490 0.04
491 0.04
492 0.04
493 0.04
494 0.04
495 0.04
496 0.04
497 0.04
498 0.04
499 0.04
500 0.04
501 0.04
502 0.04
503 0.04
504 0.04
505 0.04
506 0.04
507 0.04
508 0.04
509 0.04
510 0.04
511 0.04
512 0.04
513 0.04
514 0.04
515 0.04
516 0.04
517 0.04
518 0.04
519 0.04
520 0.04
521 0.04
522 0.04
523 0.04
524 0.04
525 0.04
526 0.04
527 0.04
528 0.04
529 0.04
530 0.04
531 0.04
532 0.04
533 0.04
534 0.04
535 0.04
536 0.04
537 0.04
538 0.04
539 0.04
540 0.04
541 0.04
542 0.04
543 0.04
544 0.04
545 0.04
546 0.04
547 0.04
548 0.04
549 0.04
550 0.04
551 0.04
552 0.04
553 0.04
554 0.04
555 0.04
556 0.04
557 0.04
558 0.04
559 0.04
560 0.04
561 0.04
562 0.04
563 0.04
564 0.04
565 0.04
566 0.04
567 0.04
568 0.04
569 0.04
570 0.04
571 0.04
572 0.04
573 0.04
574 0.04
575 0.04
576 0.04
577 0.04
578 0.04
579 0.04
580 0.04
581 0.04
582 0.04
583 0.04
584 0.04
585 0.04
586 0.04
587 0.04
588 0.04
589 0.04
590 0.04
591 0.04
592 0.04
593 0.04
594 0.04
595 0.04
596 0.04
597 0.04
598 0.04
599 0.04
600 0.04
601 0.04
602 0.04
603 0.04
604 0.04
605 0.04
606 0.04
607 0.04
608 0.04
609 0.04
610 0.04
611 0.04
612 0.04
613 0.04
614 0.04
615 0.04
616 0.04
617 0.04
618 0.04
619 0.04
620 0.04
621 0.04
622 0.04
623 0.04
624 0.04
625 0.04
626 0.04
627 0.04
628 0.04
629 0.04
630 0.04
631 0.04
632 0.04
633 0.04
634 0.04
635 0.04
636 0.04
637 0.04
638 0.04
639 0.04
640 0.04
641 0.04
642 0.04
643 0.04
644 0.04
645 0.04
646 0.04
647 0.04
648 0.04
649 0.04
650 0.04
651 0.04
652 0.04
653 0.04
654 0.04
655 0.04
656 0.04
657 0.04
658 0.04
659 0.04
660 0.04
661 0.04
662 0.04
663 0.04
664 0.04
665 0.04
666 0.04
667 0.04
668 0.04
669 0.04
670 0.04
671 0.04
672 0.04
673 0.04
674 0.04
675 0.04
676 0.04
677 0.04
678 0.04
679 0.04
680 0.04
681 0.04
682 0.04
683 0.04
684 0.04
685 0.04
686 0.04
687 0.04
688 0.04
689 0.04
690 0.04
691 0.04
692 0.04
693 0.04
694 0.04
695 0.04
696 0.04
697 0.04
698 0.04
699 0.04
700 0.04