0		0
0.003		0
0.006		0
0.009		0
0.013		0
0.016		0
0.019		0
0.022		0
0.025		0
0.029		0
0.032		0
0.035		0
0.038		0
0.041		0
0.045		0
0.048		0
0.051		0
0.054		0
0.057		0.001
0.06		0.001
0.064		0.001
0.067		0.001
0.07		0.001
0.073		0.001
0.076		0.001
0.08		0.001
0.083		0.001
0.086		0.001
0.089		0.001
0.092		0.001
0.096		0.001
0.099		0.002
0.102		0.002
0.105		0.002
0.108		0.002
0.111		0.002
0.115		0.002
0.118		0.002
0.121		0.002
0.124		0.003
0.127		0.003
0.131		0.003
0.134		0.003
0.137		0.003
0.14		0.003
0.143		0.003
0.146		0.004
0.15		0.004
0.153		0.004
0.156		0.004
0.159		0.004
0.162		0.004
0.166		0.004
0.169		0.005
0.172		0.005
0.175		0.005
0.178		0.005
0.182		0.005
0.185		0.006
0.188		0.006
0.191		0.006
0.194		0.006
0.197		0.006
0.201		0.007
0.204		0.007
0.207		0.007
0.21		0.007
0.213		0.007
0.217		0.008
0.22		0.008
0.223		0.008
0.226		0.008
0.229		0.009
0.233		0.009
0.236		0.009
0.239		0.009
0.242		0.01
0.245		0.01
0.248		0.01
0.252		0.01
0.255		0.011
0.258		0.011
0.261		0.011
0.264		0.011
0.268		0.012
0.271		0.012
0.274		0.012
0.277		0.013
0.28		0.013
0.284		0.013
0.287		0.013
0.29		0.014
0.293		0.014
0.296		0.014
0.299		0.015
0.303		0.015
0.306		0.015
0.309		0.016
0.312		0.016
0.315		0.016
0.319		0.017
0.322		0.017
0.325		0.017
0.328		0.018
0.331		0.018
0.335		0.018
0.338		0.019
0.341		0.019
0.344		0.019
0.347		0.02
0.35		0.02
0.354		0.02
0.357		0.021
0.36		0.021
0.363		0.021
0.366		0.021
0.37		0.022
0.373		0.022
0.376		0.022
0.379		0.022
0.382		0.023
0.386		0.023
0.389		0.023
0.392		0.023
0.395		0.023
0.398		0.024
0.401		0.024
0.405		0.024
0.408		0.024
0.411		0.024
0.414		0.024
0.417		0.024
0.421		0.025
0.424		0.025
0.427		0.025
0.43		0.025
0.433		0.025
0.436		0.025
0.44		0.025
0.443		0.025
0.446		0.025
0.449		0.025
0.452		0.025
0.456		0.025
0.459		0.025
0.462		0.025
0.465		0.025
0.468		0.025
0.472		0.025
0.475		0.025
0.478		0.025
0.481		0.025
0.484		0.025
0.487		0.025
0.491		0.025
0.494		0.025
0.497		0.025
0.5		0.025
0.503		0.025
0.507		0.025
0.51		0.025
0.513		0.025
0.516		0.025
0.519		0.025
0.523		0.025
0.526		0.025
0.529		0.025
0.532		0.025
0.535		0.025
0.538		0.025
0.542		0.025
0.545		0.025
0.548		0.025
0.551		0.025
0.554		0.025
0.558		0.025
0.561		0.025
0.564		0.025
0.567		0.025
0.57		0.025
0.574		0.025
0.577		0.025
0.58		0.025
0.583		0.025
0.586		0.025
0.589		0.025
0.593		0.025
0.596		0.025
0.599		0.025
0.602		0.025
0.605		0.025
0.609		0.025
0.612		0.025
0.615		0.025
0.618		0.025
0.621		0.025
0.625		0.025
0.628		0.025
0.631		0.025
0.634		0.025
0.637		0.025
0.64		0.025
0.644		0.025
0.647		0.025
0.65		0.025
0.653		0.025
0.656		0.025
0.66		0.025
0.663		0.025
0.666		0.025
0.669		0.025
0.672		0.025
0.676		0.025
0.679		0.025
0.682		0.025
0.685		0.025
0.688		0.025
0.691		0.025
0.695		0.025
0.698		0.025
0.701		0.025
0.704		0.025
0.707		0.025
0.711		0.025
0.714		0.025
0.717		0.025
0.72		0.025
0.723		0.025
0.726		0.025
0.73		0.025
0.733		0.025
0.736		0.025
0.739		0.025
0.742		0.025
0.746		0.025
0.749		0.025
0.752		0.025
0.755		0.025
0.758		0.025
0.762		0.025
0.765		0.025
0.768		0.025
0.771		0.025
0.774		0.025
0.777		0.025
0.781		0.025
0.784		0.025
0.787		0.025
0.79		0.025
0.793		0.025
0.797		0.025
0.8		0.025
0.803		0.025
0.806		0.025
0.809		0.025
0.813		0.025
0.816		0.025
0.819		0.025
0.822		0.025
0.825		0.025
0.828		0.025
0.832		0.025
0.835		0.025
0.838		0.025
0.841		0.025
0.844		0.025
0.848		0.025
0.851		0.025
0.854		0.025
0.857		0.025
0.86		0.025
0.864		0.025
0.867		0.025
0.87		0.025
0.873		0.025
0.876		0.025
0.879		0.025
0.883		0.025
0.886		0.025
0.889		0.025
0.892		0.025
0.895		0.025
0.899		0.025
0.902		0.025
0.905		0.025
0.908		0.025
0.911		0.025
0.915		0.025
0.918		0.025
0.921		0.025
0.924		0.025
0.927		0.025
0.93		0.025
0.934		0.025
0.937		0.025
0.94		0.025
0.943		0.025
0.946		0.025
0.95		0.025
0.953		0.025
0.956		0.025
0.959		0.025
0.962		0.025
0.966		0.025
0.969		0.025
0.972		0.025
0.975		0.025
0.978		0.025
0.981		0.025
0.985		0.025
0.988		0.025
0.991		0.025
0.994		0.025
0.997		0.025
1.001		0.025
1.004		0.025
1.007		0.025
1.01		0.025
1.013		0.025
1.016		0.025
1.02		0.025
1.023		0.025
1.026		0.025
1.029		0.025
1.032		0.025
1.036		0.025
1.039		0.025
1.042		0.025
1.045		0.025
1.048		0.025
1.052		0.025
1.055		0.025
1.058		0.025
1.061		0.025
1.064		0.025
1.067		0.025
1.071		0.025
1.074		0.025
1.077		0.025
1.08		0.025
1.083		0.025
1.087		0.025
1.09		0.025
1.093		0.025
1.096		0.025
1.099		0.025
1.103		0.025
1.106		0.025
1.109		0.025
1.112		0.025
1.115		0.025
1.118		0.025
1.122		0.025
1.125		0.025
1.128		0.025
1.131		0.025
1.134		0.025
1.138		0.025
1.141		0.025
1.144		0.025
1.147		0.025
1.15		0.025
1.154		0.025
1.157		0.025
1.16		0.025
1.163		0.025
1.166		0.025
1.169		0.025
1.173		0.025
1.176		0.025
1.179		0.025
1.182		0.025
1.185		0.026
1.189		0.026
1.192		0.026
1.195		0.026
1.198		0.026
1.201		0.026
1.205		0.026
1.208		0.026
1.211		0.026
1.214		0.026
1.217		0.026
1.22		0.026
1.224		0.026
1.227		0.026
1.23		0.026
1.233		0.026
1.236		0.026
1.24		0.026
1.243		0.027
1.246		0.027
1.249		0.027
1.252		0.027
1.256		0.027
1.259		0.027
1.262		0.027
1.265		0.027
1.268		0.027
1.271		0.027
1.275		0.028
1.278		0.028
1.281		0.028
1.284		0.028
1.287		0.028
1.291		0.028
1.294		0.028
1.297		0.028
1.3		0.029
1.303		0.029
1.306		0.029
1.31		0.029
1.313		0.029
1.316		0.029
1.319		0.029
1.322		0.03
1.326		0.03
1.329		0.03
1.332		0.03
1.335		0.03
1.338		0.03
1.342		0.031
1.345		0.031
1.348		0.031
1.351		0.031
1.354		0.031
1.357		0.032
1.361		0.032
1.364		0.032
1.367		0.032
1.37		0.032
1.373		0.033
1.377		0.033
1.38		0.033
1.383		0.033
1.386		0.033
1.389		0.034
1.393		0.034
1.396		0.034
1.399		0.034
1.402		0.034
1.405		0.035
1.408		0.035
1.412		0.035
1.415		0.035
1.418		0.036
1.421		0.036
1.424		0.036
1.428		0.036
1.431		0.037
1.434		0.037
1.437		0.037
1.44		0.037
1.444		0.037
1.447		0.038
1.45		0.038
1.453		0.038
1.456		0.039
1.459		0.039
1.463		0.039
1.466		0.039
1.469		0.04
1.472		0.04
1.475		0.04
1.479		0.04
1.482		0.041
1.485		0.041
1.488		0.041
1.491		0.041
1.495		0.042
1.498		0.042
1.501		0.042
1.504		0.043
1.507		0.043
1.51		0.043
1.514		0.043
1.517		0.044
1.52		0.044
1.523		0.044
1.526		0.045
1.53		0.045
1.533		0.045
1.536		0.045
1.539		0.046
1.542		0.046
1.546		0.046
1.549		0.046
1.552		0.046
1.555		0.047
1.558		0.047
1.561		0.047
1.565		0.047
1.568		0.047
1.571		0.047
1.574		0.048
1.577		0.048
1.581		0.048
1.584		0.048
1.587		0.048
1.59		0.048
1.593		0.049
1.596		0.049
1.6		0.049
1.603		0.049
1.606		0.049
1.609		0.049
1.612		0.049
1.616		0.049
1.619		0.05
1.622		0.05
1.625		0.05
1.628		0.05
1.632		0.05
1.635		0.05
1.638		0.05
1.641		0.05
1.644		0.05
1.647		0.05
1.651		0.05
1.654		0.05
1.657		0.05
1.66		0.05
1.663		0.05
1.667		0.05
1.67		0.05
1.673		0.05
1.676		0.05
1.679		0.05
1.683		0.05
1.686		0.05
1.689		0.05
1.692		0.05
1.695		0.05
1.698		0.05
1.702		0.05
1.705		0.05
1.708		0.05
1.711		0.05
1.714		0.05
1.718		0.05
1.721		0.05
1.724		0.05
1.727		0.05
1.73		0.05
1.734		0.05
1.737		0.05
1.74		0.05
1.743		0.05
1.746		0.05
1.749		0.05
1.753		0.05
1.756		0.05
1.759		0.05
1.762		0.05
1.765		0.05
1.769		0.05
1.772		0.05
1.775		0.05
1.778		0.05
1.781		0.05
1.785		0.05
1.788		0.05
1.791		0.05
1.794		0.05
1.797		0.05
1.8		0.05
1.804		0.05
1.807		0.05
1.81		0.05
1.813		0.05
1.816		0.05
1.82		0.05
1.823		0.05
1.826		0.05
1.829		0.05
1.832		0.05
1.836		0.05
1.839		0.05
1.842		0.05
1.845		0.05
1.848		0.05
1.851		0.05
1.855		0.05
1.858		0.05
1.861		0.05
1.864		0.05
1.867		0.05
1.871		0.05
1.874		0.05
1.877		0.05
1.88		0.05
1.883		0.05
1.886		0.05
1.89		0.05
1.893		0.05
1.896		0.05
1.899		0.05
1.902		0.05
1.906		0.05
1.909		0.05
1.912		0.05
1.915		0.05
1.918		0.05
1.922		0.05
1.925		0.05
1.928		0.05
1.931		0.05
1.934		0.05
1.937		0.05
1.941		0.05
1.944		0.05
1.947		0.05
1.95		0.05
1.953		0.05
1.957		0.05
1.96		0.05
1.963		0.05
1.966		0.05
1.969		0.05
1.973		0.05
1.976		0.05
1.979		0.05
1.982		0.05
1.985		0.05
1.988		0.05
1.992		0.05
1.995		0.05
1.998		0.05
2.001		0.05
2.004		0.05
2.008		0.05
2.011		0.05
2.014		0.05
2.017		0.05
2.02		0.05
2.024		0.05
2.027		0.05
2.03		0.05
2.033		0.05
2.036		0.05
2.039		0.05
2.043		0.05
2.046		0.05
2.049		0.05
2.052		0.05
2.055		0.05
2.059		0.05
2.062		0.05
2.065		0.05
2.068		0.05
2.071		0.05
2.075		0.05
2.078		0.05
2.081		0.05
2.084		0.05
2.087		0.05
2.09		0.05
2.094		0.05
2.097		0.05
2.1		0.05
2.103		0.05
2.106		0.05
2.11		0.05
2.113		0.05
2.116		0.05
2.119		0.05
2.122		0.05
2.126		0.05
2.129		0.05
2.132		0.05
2.135		0.05
2.138		0.05
2.141		0.05
2.145		0.05
2.148		0.05
2.151		0.05
2.154		0.05
2.157		0.05
2.161		0.05
2.164		0.05
2.167		0.05
2.17		0.05
2.173		0.05
2.176		0.05
2.18		0.05
2.183		0.05
2.186		0.05
2.189		0.05
2.192		0.05
2.196		0.05
2.199		0.05
2.202		0.05
2.205		0.05
2.208		0.05
2.212		0.05
2.215		0.05
2.218		0.05
2.221		0.05
2.224		0.05
2.227		0.05
2.231		0.05
2.234		0.05
2.237		0.05
2.24		0.05
2.243		0.05
2.247		0.05
2.25		0.05
2.253		0.05
2.256		0.05
2.259		0.05
2.263		0.05
2.266		0.05
2.269		0.05
2.272		0.05
2.275		0.05
2.278		0.05
2.282		0.05
2.285		0.05
2.288		0.05
2.291		0.05
2.294		0.05
2.298		0.05
2.301		0.05
2.304		0.05
2.307		0.05
2.31		0.05
2.314		0.05
2.317		0.05
2.32		0.05
2.323		0.05
2.326		0.05
2.329		0.05
2.333		0.05
2.336		0.05
2.339		0.05
2.342		0.05
2.345		0.05
2.349		0.05
2.352		0.05
2.355		0.05
2.358		0.05
2.361		0.05
2.365		0.05
2.368		0.05
2.371		0.05
2.374		0.05
2.377		0.05
2.38		0.05
2.384		0.05
2.387		0.05
2.39		0.05
2.393		0.05
2.396		0.05
2.4		0.05
2.403		0.05
2.406		0.05
2.409		0.05
2.412		0.05
2.416		0.05
2.419		0.05
2.422		0.05
2.425		0.05
2.428		0.05
2.431		0.05
2.435		0.05
2.438		0.05
2.441		0.05
2.444		0.05
2.447		0.05
2.451		0.05
2.454		0.05
2.457		0.05
2.46		0.05
2.463		0.05
2.466		0.05
2.47		0.05
2.473		0.05
2.476		0.05
2.479		0.05
2.482		0.05
2.486		0.05
2.489		0.05
2.492		0.05
2.495		0.05
2.498		0.05
2.502		0.05
2.505		0.05
2.508		0.05
2.511		0.05
2.514		0.05
2.517		0.05
2.521		0.05
2.524		0.05
2.527		0.05
2.53		0.05
2.533		0.05
2.537		0.05
2.54		0.05
2.543		0.05
2.546		0.05
2.549		0.05
2.553		0.05
2.556		0.05
2.559		0.05
2.562		0.05
2.565		0.05
2.568		0.05
2.572		0.05
2.575		0.05
2.578		0.05
2.581		0.05
2.584		0.05
2.588		0.05
2.591		0.05
2.594		0.05
2.597		0.05
2.6		0.05
2.604		0.05
2.607		0.05
2.61		0.05
2.613		0.05
2.616		0.05
2.619		0.05
2.623		0.05
2.626		0.05
2.629		0.05
2.632		0.05
2.635		0.05
2.639		0.05
2.642		0.05
2.645		0.05
2.648		0.05
2.651		0.05
2.655		0.05
2.658		0.05
2.661		0.05
2.664		0.05
2.667		0.05
2.67		0.05
2.674		0.05
2.677		0.05
2.68		0.05
2.683		0.05
2.686		0.05
2.69		0.05
2.693		0.05
2.696		0.05
2.699		0.05
2.702		0.05
2.706		0.05
2.709		0.05
2.712		0.05
2.715		0.05
2.718		0.05
2.721		0.05
2.725		0.05
2.728		0.05
2.731		0.05
2.734		0.05
2.737		0.05
2.741		0.05
2.744		0.05
2.747		0.05
2.75		0.05
2.753		0.05
2.756		0.05
2.76		0.05
2.763		0.05
2.766		0.05
2.769		0.05
2.772		0.05
2.776		0.05
2.779		0.05
2.782		0.05
2.785		0.05
2.788		0.051
2.792		0.051
2.795		0.051
2.798		0.051
2.801		0.051
2.804		0.051
2.807		0.051
2.811		0.051
2.814		0.051
2.817		0.051
2.82		0.05
2.823		0.05
2.827		0.05
2.83		0.05
2.833		0.05
2.836		0.05
2.839		0.05
2.843		0.05
2.846		0.05
2.849		0.05
2.852		0.05
2.855		0.05
2.858		0.05
2.862		0.05
2.865		0.05
2.868		0.05
2.871		0.05
2.874		0.05
2.878		0.05
2.881		0.05
2.884		0.05
2.887		0.05
2.89		0.05
2.894		0.05
2.897		0.05
2.9		0.05
2.903		0.05
2.906		0.05
2.909		0.05
2.913		0.05
2.916		0.05
2.919		0.05
2.922		0.05
2.925		0.05
2.929		0.05
2.932		0.05
2.935		0.05
2.938		0.05
2.941		0.05
2.945		0.05
2.948		0.05
2.951		0.05
2.954		0.05
2.957		0.05
2.96		0.05
2.964		0.05
2.967		0.05
2.97		0.05
2.973		0.05
2.976		0.05
2.98		0.05
2.983		0.05
2.986		0.05
2.989		0.05
2.992		0.05
2.996		0.05
2.999		0.05
3.002		0.05
3.005		0.05
3.008		0.05
3.011		0.05
3.015		0.05
3.018		0.05
3.021		0.05
3.024		0.05
3.027		0.05
3.031		0.05
3.034		0.05
3.037		0.05
3.04		0.05
3.043		0.05
3.046		0.05
3.05		0.05
3.053		0.05
3.056		0.05
3.059		0.05
3.062		0.05
3.066		0.05
3.069		0.05
3.072		0.05
3.075		0.05
3.078		0.05
3.082		0.05
3.085		0.05
3.088		0.05
3.091		0.05
3.094		0.05
3.097		0.05
3.101		0.05
3.104		0.05
3.107		0.05
3.11		0.05
3.113		0.05
3.117		0.05
3.12		0.05
3.123		0.05
3.126		0.05
3.129		0.05
3.133		0.05
3.136		0.05
3.139		0.05
3.142		0.05
3.145		0.05
3.148		0.05
3.152		0.05
3.155		0.05
3.158		0.05
3.161		0.05
3.164		0.05
3.168		0.05
3.171		0.05
3.174		0.05
3.177		0.05
3.18		0.05
3.184		0.05
