0.0 0.0
0.005714285714285714 1.3258876382543368e-06
0.011428571428571429 5.303550553017347e-06
0.017142857142857144 1.1932988744289031e-05
0.022857142857142857 2.121420221206939e-05
0.02857142857142857 3.314719095635841e-05
0.03428571428571429 4.7731954977156124e-05
0.04 6.496849427446251e-05
0.045714285714285714 8.485680884827756e-05
0.05142857142857143 0.00010739689869860127
0.05714285714285714 0.00013258876382543365
0.06285714285714286 0.0001604324042287748
0.06857142857142857 0.0001909278199086245
0.07428571428571429 0.0002240750108649829
0.08 0.00025987397709785004
0.08571428571428572 0.00029832471860722574
0.09142857142857143 0.0003394272353931102
0.09714285714285714 0.00038318152745550323
0.10285714285714286 0.00042958759479440507
0.10857142857142857 0.00047864543740981554
0.11428571428571428 0.0005303550553017346
0.12 0.0005847164484701625
0.12571428571428572 0.0006417296169150991
0.13142857142857142 0.0007013945606365442
0.13714285714285715 0.000763711279634498
0.14285714285714285 0.0008286797739089604
0.14857142857142858 0.0008963000434599316
0.15428571428571428 0.0009665720882874115
0.16 0.0010394959083914002
0.1657142857142857 0.0011150715037718968
0.17142857142857143 0.001193298874428903
0.17714285714285713 0.0012741780203624174
0.18285714285714286 0.001357708941572441
0.18857142857142858 0.001443891638058973
0.19428571428571428 0.001532726109822013
0.2 0.0016242123568615623
0.2057142857142857 0.0017183503791776203
0.21142857142857144 0.0018151401767701873
0.21714285714285714 0.0019145817496392622
0.22285714285714286 0.0020166750977848465
0.22857142857142856 0.0021214202212069383
0.2342857142857143 0.0022288171199055405
0.24 0.00233886579388065
0.24571428571428572 0.002451566243132269
0.25142857142857145 0.0025669184676603966
0.2571428571428571 0.0026849224674650313
0.26285714285714284 0.0028055782425461767
0.26857142857142857 0.0029288857929038294
0.2742857142857143 0.003054845118537992
0.28 0.0031834562194486635
0.2857142857142857 0.0033147190956358415
0.2914285714285714 0.0034486337470995294
0.29714285714285715 0.0035852001738397262
0.3028571428571429 0.0037244183758564334
0.30857142857142855 0.003866288353149646
0.3142857142857143 0.004010810105719368
0.32 0.004157983633565601
0.32571428571428573 0.00430780893668834
0.3314285714285714 0.004460286015087587
0.33714285714285713 0.004615414868763346
0.34285714285714286 0.004773195497715612
0.3485714285714286 0.004933627901944387
0.35428571428571426 0.00509671208144967
0.36 0.005262448036231463
0.3657142857142857 0.005430835766289764
0.37142857142857144 0.005601875271624573
0.37714285714285717 0.005775566552235892
0.38285714285714284 0.005951909608123716
0.38857142857142857 0.006130904439288052
0.3942857142857143 0.0063125510457288985
0.4 0.006496849427446249
0.4057142857142857 0.006683799584440112
0.4114285714285714 0.006873401516710481
0.41714285714285715 0.007065655224257362
0.4228571428571429 0.007260560707080749
0.42857142857142855 0.007458117965180643
0.4342857142857143 0.007658326998557049
0.44 0.00786118780720996
0.44571428571428573 0.008066700391139386
0.4514285714285714 0.008274864750345315
0.45714285714285713 0.008485680884827753
0.46285714285714286 0.008699148794586702
0.4685714285714286 0.008915268479622162
0.4742857142857143 0.009134039939934125
0.48 0.0093554631755226
0.4857142857142857 0.009579538186387581
0.49142857142857144 0.009806264972529077
0.49714285714285716 0.010035643533947074
0.5028571428571429 0.010267673870641586
0.5085714285714286 0.010502355982612602
0.5142857142857142 0.010739689869860125
0.52 0.010979675532384164
0.5257142857142857 0.011222312970184707
0.5314285714285715 0.01146760218326176
0.5371428571428571 0.011715543171615318
0.5428571428571428 0.011966135935245387
0.5485714285714286 0.012219380474151968
0.5542857142857143 0.012475276788335056
0.56 0.012733824877794654
0.5657142857142857 0.012995024742530755
0.5714285714285714 0.013258876382543366
0.5771428571428572 0.01352537979783249
0.5828571428571429 0.013794534988398117
0.5885714285714285 0.014066341954240252
0.5942857142857143 0.014340800695358905
0.6 0.014617911211754063
0.6057142857142858 0.014897673503425734
0.6114285714285714 0.015180087570373904
0.6171428571428571 0.015465153412598584
0.6228571428571429 0.01575287103009978
0.6285714285714286 0.016043240422877473
0.6342857142857142 0.01633626159093168
0.64 0.016631934534262403
0.6457142857142857 0.016930259252869624
0.6514285714285715 0.01723123574675336
0.6571428571428571 0.017534864015913598
0.6628571428571428 0.01784114406035035
0.6685714285714286 0.018150075880063617
0.6742857142857143 0.018461659475053384
0.68 0.018775894845319663
0.6857142857142857 0.019092781990862447
0.6914285714285714 0.01941232091168174
0.6971428571428572 0.019734511607777547
0.7028571428571428 0.02005935407914985
0.7085714285714285 0.02038684832579868
0.7142857142857143 0.020716994347724012
0.72 0.02104979214492585
0.7257142857142858 0.021385241717404208
0.7314285714285714 0.021723343065159054
0.7371428571428571 0.02206409618819042
0.7428571428571429 0.02240750108649829
0.7485714285714286 0.02275355776008267
0.7542857142857143 0.023102266208943567
0.76 0.02345362643308096
0.7657142857142857 0.023807638432494865
0.7714285714285715 0.024164302207185292
0.7771428571428571 0.024523617757152207
0.7828571428571428 0.02488558508239564
0.7885714285714286 0.025250204182915594
0.7942857142857143 0.02561747505871204
0.8 0.025987397709784997
0.8057142857142857 0.026359972136134464
0.8114285714285714 0.026735198337760446
0.8171428571428572 0.027113076314662938
0.8228571428571428 0.027493606066841925
0.8285714285714286 0.027876787594297438
0.8342857142857143 0.02826262089702945
0.84 0.02865110597503797
0.8457142857142858 0.029042242828322996
0.8514285714285714 0.029436031456884528
0.8571428571428571 0.029832471860722572
0.8628571428571429 0.030231564039837136
0.8685714285714285 0.030633307994228195
0.8742857142857143 0.031037703723895763
0.88 0.03144475122883984
0.8857142857142857 0.03185445050906043
0.8914285714285715 0.032266801564557544
0.8971428571428571 0.032681804395331145
0.9028571428571428 0.03309945900138126
0.9085714285714286 0.033519765382707886
0.9142857142857143 0.03394068441878124
0.92 0.03431928787533828
0.9257142857142857 0.03466968740425236
0.9314285714285714 0.03500085654823457
0.9371428571428572 0.035316380160427374
0.9428571428571428 0.035618325777217776
0.9485714285714286 0.0359080598667334
0.9542857142857143 0.03618655419608122
0.96 0.03645453092671204
0.9657142857142857 0.03671254131852039
0.9714285714285714 0.03696101240533941
0.9771428571428571 0.03720027643001979
0.9828571428571429 0.03743059019727657
0.9885714285714285 0.037652148114291274
0.9942857142857143 0.037865091027616316
1.0 0.0380695120801679
1.0057142857142858 0.03826546030251603
1.0114285714285713 0.03845294233143812
1.0171428571428571 0.03863192241939648
1.022857142857143 0.038802320703298164
1.0285714285714285 0.03896400949435709
1.0342857142857143 0.03911680708242028
1.04 0.03926046813964634
1.0457142857142858 0.039394669113170966
1.0514285714285714 0.03951898570229202
1.0571428571428572 0.039632856886890167
1.062857142857143 0.03973552406484385
1.0685714285714285 0.03982591871316504
1.0742857142857143 0.039902425207291495
1.08 0.03996224944562126
1.0857142857142856 0.03999842871021433
1.0914285714285714 0.04
1.0971428571428572 0.04
1.1028571428571428 0.04
1.1085714285714285 0.04
1.1142857142857143 0.04
1.12 0.04
1.1257142857142857 0.04
1.1314285714285715 0.04
1.1371428571428572 0.04
1.1428571428571428 0.04
1.1485714285714286 0.04
1.1542857142857144 0.04
1.16 0.04
1.1657142857142857 0.04
1.1714285714285715 0.04
1.177142857142857 0.04
1.1828571428571428 0.04
1.1885714285714286 0.04
1.1942857142857144 0.04
1.2 0.04
1.2057142857142857 0.04
1.2114285714285715 0.04
1.217142857142857 0.04
1.2228571428571429 0.04
1.2285714285714286 0.04
1.2342857142857142 0.04
1.24 0.04
1.2457142857142858 0.04
1.2514285714285713 0.04
1.2571428571428571 0.04
1.262857142857143 0.04
1.2685714285714285 0.04
1.2742857142857142 0.04
1.28 0.04
1.2857142857142858 0.04
1.2914285714285714 0.04
1.2971428571428572 0.04
1.302857142857143 0.04
1.3085714285714285 0.04
1.3142857142857143 0.04
1.32 0.04
1.3257142857142856 0.04
1.3314285714285714 0.04
1.3371428571428572 0.04
1.3428571428571427 0.04
1.3485714285714285 0.04
1.3542857142857143 0.04
1.36 0.04
1.3657142857142857 0.04
1.3714285714285714 0.04
1.3771428571428572 0.04
1.3828571428571428 0.04
1.3885714285714286 0.04
1.3942857142857144 0.04
1.4 0.04
1.4057142857142857 0.04
1.4114285714285715 0.04
1.417142857142857 0.04
1.4228571428571428 0.04
1.4285714285714286 0.04
1.4342857142857144 0.04
1.44 0.04
1.4457142857142857 0.04
1.4514285714285715 0.04
1.457142857142857 0.04
1.4628571428571429 0.04
1.4685714285714286 0.04
1.4742857142857142 0.04
1.48 0.04
1.4857142857142858 0.04
1.4914285714285713 0.04
1.497142857142857 0.04
1.502857142857143 0.04
1.5085714285714287 0.04
1.5142857142857142 0.04
1.52 0.04
1.5257142857142858 0.04
1.5314285714285714 0.04
1.5371428571428571 0.04
1.542857142857143 0.04
1.5485714285714285 0.04
1.5542857142857143 0.04
1.56 0.04
1.5657142857142856 0.04
1.5714285714285714 0.04
1.5771428571428572 0.04
1.582857142857143 0.04
1.5885714285714285 0.04
1.5942857142857143 0.04
1.6 0.04
1.6057142857142856 0.04
1.6114285714285714 0.04
1.6171428571428572 0.04
1.6228571428571428 0.04
1.6285714285714286 0.04
1.6342857142857143 0.04
1.64 0.04
1.6457142857142857 0.04
1.6514285714285715 0.04
1.6571428571428573 0.04
1.6628571428571428 0.04
1.6685714285714286 0.04
1.6742857142857144 0.04
1.68 0.04
1.6857142857142857 0.04
1.6914285714285715 0.04
1.697142857142857 0.04
1.7028571428571428 0.04
1.7085714285714286 0.04
1.7142857142857142 0.04
1.72 0.04
1.7257142857142858 0.04
1.7314285714285713 0.04
1.737142857142857 0.04
1.7428571428571429 0.04
1.7485714285714287 0.04
1.7542857142857142 0.04
1.76 0.04
1.7657142857142858 0.04
1.7714285714285714 0.04
1.7771428571428571 0.04
1.782857142857143 0.04
1.7885714285714285 0.04
1.7942857142857143 0.04
1.8 0.04
1.8057142857142856 0.04
1.8114285714285714 0.04
1.8171428571428572 0.04
1.822857142857143 0.04
1.8285714285714285 0.04
1.8342857142857143 0.04
1.84 0.04
1.8457142857142856 0.04
1.8514285714285714 0.04
1.8571428571428572 0.04
1.8628571428571428 0.04
1.8685714285714285 0.04
1.8742857142857143 0.04
1.88 0.04
1.8857142857142857 0.04
1.8914285714285715 0.04
1.8971428571428572 0.04
1.9028571428571428 0.04
1.9085714285714286 0.04
1.9142857142857144 0.04
1.92 0.04
1.9257142857142857 0.04
1.9314285714285715 0.04
1.937142857142857 0.04
1.9428571428571428 0.04
1.9485714285714286 0.04
1.9542857142857142 0.04
1.96 0.04
1.9657142857142857 0.04
1.9714285714285715 0.04
1.977142857142857 0.04
1.9828571428571429 0.04
1.9885714285714287 0.04
1.9942857142857142 0.04
2.0 0.04
2.005714285714286 0.04
2.0114285714285716 0.04
2.0171428571428573 0.04
2.0228571428571427 0.04
2.0285714285714285 0.04
2.0342857142857143 0.04
2.04 0.04
2.045714285714286 0.04
2.0514285714285716 0.04
2.057142857142857 0.04
2.0628571428571427 0.04
2.0685714285714285 0.04
2.0742857142857143 0.04
2.08 0.04
2.085714285714286 0.04
2.0914285714285716 0.04
2.097142857142857 0.04
2.1028571428571428 0.04
2.1085714285714285 0.04
2.1142857142857143 0.04
2.12 0.04
2.125714285714286 0.04
2.1314285714285712 0.04
2.137142857142857 0.04
2.142857142857143 0.04
2.1485714285714286 0.04
2.1542857142857144 0.04
2.16 0.04
2.165714285714286 0.04
2.1714285714285713 0.04
2.177142857142857 0.04
2.182857142857143 0.04
2.1885714285714286 0.04
2.1942857142857144 0.04
2.2 0.04
2.2057142857142855 0.04
2.2114285714285713 0.04
2.217142857142857 0.04
2.222857142857143 0.04
2.2285714285714286 0.04
2.2342857142857144 0.04
2.24 0.04
2.2457142857142856 0.04
2.2514285714285713 0.04
2.257142857142857 0.04
2.262857142857143 0.04
2.2685714285714287 0.04
2.2742857142857145 0.04
2.28 0.04
2.2857142857142856 0.04
2.2914285714285714 0.04
2.297142857142857 0.04
2.302857142857143 0.04
2.3085714285714287 0.04
2.3142857142857145 0.04
2.32 0.04
2.3257142857142856 0.04
2.3314285714285714 0.04
2.337142857142857 0.04
2.342857142857143 0.04
2.3485714285714288 0.04
2.354285714285714 0.04
2.36 0.04
2.3657142857142857 0.04
2.3714285714285714 0.04
2.3771428571428572 0.04
2.382857142857143 0.04
2.388571428571429 0.04
2.394285714285714 0.04
2.4 0.04
2.4057142857142857 0.04
2.4114285714285715 0.04
2.4171428571428573 0.04
2.422857142857143 0.04
2.4285714285714284 0.04
2.434285714285714 0.04
2.44 0.04
2.4457142857142857 0.04
2.4514285714285715 0.04
2.4571428571428573 0.04
2.4628571428571426 0.04
2.4685714285714284 0.04
2.474285714285714 0.04
2.48 0.04
2.4857142857142858 0.04
2.4914285714285715 0.04
2.4971428571428573 0.04
2.5028571428571427 0.04
2.5085714285714285 0.04
2.5142857142857142 0.04
2.52 0.04
2.525714285714286 0.04
2.5314285714285716 0.04
2.537142857142857 0.04
2.5428571428571427 0.04
2.5485714285714285 0.04
2.5542857142857143 0.04
2.56 0.04
2.565714285714286 0.04
2.5714285714285716 0.04
2.577142857142857 0.04
2.5828571428571427 0.04
2.5885714285714285 0.04
2.5942857142857143 0.04
2.6 0.04
2.605714285714286 0.04
2.611428571428571 0.04
2.617142857142857 0.04
2.6228571428571428 0.04
2.6285714285714286 0.04
2.6342857142857143 0.04
2.64 0.04
2.645714285714286 0.04
2.6514285714285712 0.04
2.657142857142857 0.04
2.662857142857143 0.04
2.6685714285714286 0.04
2.6742857142857144 0.04
2.68 0.04
2.6857142857142855 0.04
2.6914285714285713 0.04
2.697142857142857 0.04
2.702857142857143 0.04
2.7085714285714286 0.04
2.7142857142857144 0.04
2.72 0.04
2.7257142857142855 0.04
2.7314285714285713 0.04
2.737142857142857 0.04
2.742857142857143 0.04
2.7485714285714287 0.04
2.7542857142857144 0.04
2.76 0.04
2.7657142857142856 0.04
2.7714285714285714 0.04
2.777142857142857 0.04
2.782857142857143 0.04
2.7885714285714287 0.04
2.7942857142857145 0.04
2.8 0.04
2.8057142857142856 0.04
2.8114285714285714 0.04
2.817142857142857 0.04
2.822857142857143 0.04
2.8285714285714287 0.04
2.834285714285714 0.04
2.84 0.04
2.8457142857142856 0.04
2.8514285714285714 0.04
2.857142857142857 0.04
2.862857142857143 0.04
2.8685714285714288 0.04
2.874285714285714 0.04
2.88 0.04
2.8857142857142857 0.04
2.8914285714285715 0.04
2.8971428571428572 0.04
2.902857142857143 0.04
2.9085714285714284 0.04
2.914285714285714 0.04
2.92 0.04
2.9257142857142857 0.04
2.9314285714285715 0.04
2.9371428571428573 0.04
2.942857142857143 0.04
2.9485714285714284 0.04
2.954285714285714 0.04
2.96 0.04
2.9657142857142857 0.04
2.9714285714285715 0.04
2.9771428571428573 0.04
2.9828571428571427 0.04
2.9885714285714284 0.04
2.994285714285714 0.04
3.0 0.04
3.005714285714286 0.04
3.0114285714285716 0.04
3.0171428571428573 0.04
3.0228571428571427 0.04
3.0285714285714285 0.04
3.0342857142857143 0.04
3.04 0.04
3.045714285714286 0.04
3.0514285714285716 0.04
3.057142857142857 0.04
3.0628571428571427 0.04
3.0685714285714285 0.04
3.0742857142857143 0.04
3.08 0.04
3.085714285714286 0.04
3.0914285714285716 0.04
3.097142857142857 0.04
3.1028571428571428 0.04
3.1085714285714285 0.04
3.1142857142857143 0.04
3.12 0.04
3.125714285714286 0.04
3.1314285714285712 0.04
3.137142857142857 0.04
3.142857142857143 0.04
3.1485714285714286 0.04
3.1542857142857144 0.04
3.16 0.04
3.165714285714286 0.04
3.1714285714285713 0.04
3.177142857142857 0.04
3.182857142857143 0.04
3.1885714285714286 0.04
3.1942857142857144 0.04
3.2 0.04
3.2057142857142855 0.04
3.2114285714285713 0.04
3.217142857142857 0.04
3.222857142857143 0.04
3.2285714285714286 0.04
3.2342857142857144 0.04
3.24 0.04
3.2457142857142856 0.04
3.2514285714285713 0.04
3.257142857142857 0.04
3.262857142857143 0.04
3.2685714285714287 0.04
3.2742857142857145 0.04
3.28 0.04
3.2857142857142856 0.04
3.2914285714285714 0.04
3.297142857142857 0.04
3.302857142857143 0.04
3.3085714285714287 0.04
3.3142857142857145 0.04
3.32 0.04
3.3257142857142856 0.04
3.3314285714285714 0.04
3.337142857142857 0.04
3.342857142857143 0.04
3.3485714285714288 0.04
3.354285714285714 0.04
3.36 0.04
3.3657142857142857 0.04
3.3714285714285714 0.04
3.3771428571428572 0.04
3.382857142857143 0.04
3.388571428571429 0.04
3.394285714285714 0.04
3.4 0.04
3.4057142857142857 0.04
3.4114285714285715 0.04
3.4171428571428573 0.04
3.422857142857143 0.04
3.4285714285714284 0.04
3.434285714285714 0.04
3.44 0.04
3.4457142857142857 0.04
3.4514285714285715 0.04
3.4571428571428573 0.04
3.4628571428571426 0.04
3.4685714285714284 0.04
3.474285714285714 0.04
3.48 0.04
3.4857142857142858 0.04
3.4914285714285715 0.04
3.4971428571428573 0.04
3.5028571428571427 0.04
3.5085714285714285 0.04
3.5142857142857142 0.04
3.52 0.04
3.525714285714286 0.04
3.5314285714285716 0.04
3.537142857142857 0.04
3.5428571428571427 0.04
3.5485714285714285 0.04
3.5542857142857143 0.04
3.56 0.04
3.565714285714286 0.04
3.5714285714285716 0.04
3.577142857142857 0.04
3.5828571428571427 0.04
3.5885714285714285 0.04
3.5942857142857143 0.04
3.6 0.04
3.605714285714286 0.04
3.611428571428571 0.04
3.617142857142857 0.04
3.6228571428571428 0.04
3.6285714285714286 0.04
3.6342857142857143 0.04
3.64 0.04
3.645714285714286 0.04
3.6514285714285712 0.04
3.657142857142857 0.04
3.662857142857143 0.04
3.6685714285714286 0.04
3.6742857142857144 0.04
3.68 0.04
3.6857142857142855 0.04
3.6914285714285713 0.04
3.697142857142857 0.04
3.702857142857143 0.04
3.7085714285714286 0.04
3.7142857142857144 0.04
3.72 0.04
3.7257142857142855 0.04
3.7314285714285713 0.04
3.737142857142857 0.04
3.742857142857143 0.04
3.7485714285714287 0.04
3.7542857142857144 0.04
3.76 0.04
3.7657142857142856 0.04
3.7714285714285714 0.04
3.777142857142857 0.04
3.782857142857143 0.04
3.7885714285714287 0.04
3.7942857142857145 0.04
3.8 0.04
3.8057142857142856 0.04
3.8114285714285714 0.04
3.817142857142857 0.04
3.822857142857143 0.04
3.8285714285714287 0.04
3.834285714285714 0.04
3.84 0.04
3.8457142857142856 0.04
3.8514285714285714 0.04
3.857142857142857 0.04
3.862857142857143 0.04
3.8685714285714288 0.04
3.874285714285714 0.04
3.88 0.04
3.8857142857142857 0.04
3.8914285714285715 0.04
3.8971428571428572 0.04
3.902857142857143 0.04
3.9085714285714284 0.04
3.914285714285714 0.04
3.92 0.04
3.9257142857142857 0.04
3.9314285714285715 0.04
3.9371428571428573 0.04
3.942857142857143 0.04
3.9485714285714284 0.04
3.954285714285714 0.04
3.96 0.04
3.9657142857142857 0.04
3.9714285714285715 0.04
3.9771428571428573 0.04
3.9828571428571427 0.04
3.9885714285714284 0.04
3.994285714285714 0.04
4.0 0.04